6.379300000000000000e+04
6.651800000000000000e+04
6.990600000000000000e+04
7.316100000000000000e+04
7.587900000000000000e+04
7.947900000000000000e+04
8.297100000000000000e+04
8.683600000000000000e+04
9.121000000000000000e+04
9.592600000000000000e+04
9.990500000000000000e+04
1.053610000000000000e+05
1.111990000000000000e+05
1.171850000000000000e+05
1.238390000000000000e+05
1.314320000000000000e+05
1.389740000000000000e+05
1.470200000000000000e+05
1.561060000000000000e+05
1.677450000000000000e+05
1.777550000000000000e+05
1.900820000000000000e+05
2.032070000000000000e+05
2.192000000000000000e+05
2.354330000000000000e+05
2.544080000000000000e+05
2.758040000000000000e+05
3.003390000000000000e+05
3.254650000000000000e+05
3.568080000000000000e+05
3.933860000000000000e+05
4.339310000000000000e+05
4.813560000000000000e+05
5.356970000000000000e+05
6.006270000000000000e+05
6.776660000000000000e+05
7.670240000000000000e+05
8.782670000000000000e+05
1.014311000000000000e+06
1.179382000000000000e+06
1.383538000000000000e+06
1.638534000000000000e+06
1.961983000000000000e+06
2.372082000000000000e+06
2.884232000000000000e+06
3.523942000000000000e+06
4.279027000000000000e+06
5.089593000000000000e+06
5.831596000000000000e+06
6.279461000000000000e+06
6.281953000000000000e+06
5.832313000000000000e+06
5.092919000000000000e+06
4.273523000000000000e+06
3.519336000000000000e+06
2.882556000000000000e+06
2.372171000000000000e+06
1.961503000000000000e+06
1.642818000000000000e+06
1.383732000000000000e+06
1.179729000000000000e+06
1.012500000000000000e+06
8.792600000000000000e+05
7.690660000000000000e+05
6.765680000000000000e+05
6.003570000000000000e+05
5.361420000000000000e+05
4.798380000000000000e+05
4.335430000000000000e+05
3.937190000000000000e+05
3.579480000000000000e+05
3.270650000000000000e+05
2.999160000000000000e+05
2.758620000000000000e+05
2.544490000000000000e+05
2.351930000000000000e+05
2.191280000000000000e+05
2.042010000000000000e+05
1.901600000000000000e+05
1.776160000000000000e+05
1.668710000000000000e+05
1.561950000000000000e+05
1.468650000000000000e+05
1.384650000000000000e+05
1.314980000000000000e+05
1.243430000000000000e+05
1.173290000000000000e+05
1.108920000000000000e+05
1.059070000000000000e+05
9.991200000000000000e+04
9.546800000000000000e+04
9.089400000000000000e+04
8.669400000000000000e+04
8.249300000000000000e+04
7.932000000000000000e+04
7.570700000000000000e+04
7.261700000000000000e+04
6.975800000000000000e+04
6.665500000000000000e+04
6.429900000000000000e+04
