6.232000000000000000e+03
6.374000000000000000e+03
6.264000000000000000e+03
6.462000000000000000e+03
6.418000000000000000e+03
6.455000000000000000e+03
6.585000000000000000e+03
6.346000000000000000e+03
6.476000000000000000e+03
6.485000000000000000e+03
6.540000000000000000e+03
6.618000000000000000e+03
6.528000000000000000e+03
6.701000000000000000e+03
6.611000000000000000e+03
6.745000000000000000e+03
6.631000000000000000e+03
6.710000000000000000e+03
6.874000000000000000e+03
6.836000000000000000e+03
6.760000000000000000e+03
6.996000000000000000e+03
6.883000000000000000e+03
6.806000000000000000e+03
7.041000000000000000e+03
7.005000000000000000e+03
6.928000000000000000e+03
7.072000000000000000e+03
6.997000000000000000e+03
7.113000000000000000e+03
7.220000000000000000e+03
7.189000000000000000e+03
7.306000000000000000e+03
7.216000000000000000e+03
7.241000000000000000e+03
7.291000000000000000e+03
7.324000000000000000e+03
7.364000000000000000e+03
7.404000000000000000e+03
7.354000000000000000e+03
7.333000000000000000e+03
7.514000000000000000e+03
7.350000000000000000e+03
7.684000000000000000e+03
7.639000000000000000e+03
7.601000000000000000e+03
7.671000000000000000e+03
7.728000000000000000e+03
7.704000000000000000e+03
7.831000000000000000e+03
7.799000000000000000e+03
7.969000000000000000e+03
7.764000000000000000e+03
7.899000000000000000e+03
7.925000000000000000e+03
7.821000000000000000e+03
7.938000000000000000e+03
7.909000000000000000e+03
8.032000000000000000e+03
8.139000000000000000e+03
8.221000000000000000e+03
8.177000000000000000e+03
8.139000000000000000e+03
8.388000000000000000e+03
8.385000000000000000e+03
8.417000000000000000e+03
8.453000000000000000e+03
8.474000000000000000e+03
8.364000000000000000e+03
8.409000000000000000e+03
8.700000000000000000e+03
8.504000000000000000e+03
8.655000000000000000e+03
8.683000000000000000e+03
8.886000000000000000e+03
8.611000000000000000e+03
8.697000000000000000e+03
8.928000000000000000e+03
8.859000000000000000e+03
8.914000000000000000e+03
9.061000000000000000e+03
9.015000000000000000e+03
9.117000000000000000e+03
8.926000000000000000e+03
9.114000000000000000e+03
9.149000000000000000e+03
9.081000000000000000e+03
9.259000000000000000e+03
9.225000000000000000e+03
9.313000000000000000e+03
9.294000000000000000e+03
9.281000000000000000e+03
9.483000000000000000e+03
9.664000000000000000e+03
9.407000000000000000e+03
9.487000000000000000e+03
9.655000000000000000e+03
9.836000000000000000e+03
9.561000000000000000e+03
9.863000000000000000e+03
9.942000000000000000e+03
9.978000000000000000e+03
9.924000000000000000e+03
1.000300000000000000e+04
9.977000000000000000e+03
1.017600000000000000e+04
1.002800000000000000e+04
1.014200000000000000e+04
1.017000000000000000e+04
1.022800000000000000e+04
1.017500000000000000e+04
1.041900000000000000e+04
1.042600000000000000e+04
1.041500000000000000e+04
1.030100000000000000e+04
1.058300000000000000e+04
1.072900000000000000e+04
1.080300000000000000e+04
1.063600000000000000e+04
1.098800000000000000e+04
1.085800000000000000e+04
1.101100000000000000e+04
1.098600000000000000e+04
1.096800000000000000e+04
1.101900000000000000e+04
1.119300000000000000e+04
1.126300000000000000e+04
1.117800000000000000e+04
1.126700000000000000e+04
1.139800000000000000e+04
1.138400000000000000e+04
1.140600000000000000e+04
1.150700000000000000e+04
1.158400000000000000e+04
1.172400000000000000e+04
1.179500000000000000e+04
1.184300000000000000e+04
1.193300000000000000e+04
1.180900000000000000e+04
1.182300000000000000e+04
1.204700000000000000e+04
1.200500000000000000e+04
1.233900000000000000e+04
1.243200000000000000e+04
1.222900000000000000e+04
1.237400000000000000e+04
1.261800000000000000e+04
1.244300000000000000e+04
1.279200000000000000e+04
1.251900000000000000e+04
1.288800000000000000e+04
1.300700000000000000e+04
1.283500000000000000e+04
1.305200000000000000e+04
1.320600000000000000e+04
1.311800000000000000e+04
1.326600000000000000e+04
1.328600000000000000e+04
1.337900000000000000e+04
1.358400000000000000e+04
1.360000000000000000e+04
1.356700000000000000e+04
1.349900000000000000e+04
1.366700000000000000e+04
1.388300000000000000e+04
1.389100000000000000e+04
1.392500000000000000e+04
1.405700000000000000e+04
1.431000000000000000e+04
1.427700000000000000e+04
1.433900000000000000e+04
1.447100000000000000e+04
1.448900000000000000e+04
1.464700000000000000e+04
1.474500000000000000e+04
1.482300000000000000e+04
1.488100000000000000e+04
1.510700000000000000e+04
1.512500000000000000e+04
1.537800000000000000e+04
1.493400000000000000e+04
1.508200000000000000e+04
1.535400000000000000e+04
1.529300000000000000e+04
1.535700000000000000e+04
1.564700000000000000e+04
1.582700000000000000e+04
1.563200000000000000e+04
1.603800000000000000e+04
1.619300000000000000e+04
1.618200000000000000e+04
1.635500000000000000e+04
1.641400000000000000e+04
1.645900000000000000e+04
1.643100000000000000e+04
1.688300000000000000e+04
1.654000000000000000e+04
1.683400000000000000e+04
1.718000000000000000e+04
1.715600000000000000e+04
1.749900000000000000e+04
1.745800000000000000e+04
1.762800000000000000e+04
1.770600000000000000e+04
1.786400000000000000e+04
1.780400000000000000e+04
1.808900000000000000e+04
1.831500000000000000e+04
1.803900000000000000e+04
1.836000000000000000e+04
1.838900000000000000e+04
1.850600000000000000e+04
1.868900000000000000e+04
1.867400000000000000e+04
1.903200000000000000e+04
1.928300000000000000e+04
1.905100000000000000e+04
1.918400000000000000e+04
1.946500000000000000e+04
1.975600000000000000e+04
1.979000000000000000e+04
1.973200000000000000e+04
2.008500000000000000e+04
2.039100000000000000e+04
2.017700000000000000e+04
2.051800000000000000e+04
2.033100000000000000e+04
2.055100000000000000e+04
2.098200000000000000e+04
2.115700000000000000e+04
2.092800000000000000e+04
2.129300000000000000e+04
2.180300000000000000e+04
2.158500000000000000e+04
2.158500000000000000e+04
2.218100000000000000e+04
2.204100000000000000e+04
2.251500000000000000e+04
2.240100000000000000e+04
2.260300000000000000e+04
2.263400000000000000e+04
2.286900000000000000e+04
2.289100000000000000e+04
2.312900000000000000e+04
2.366600000000000000e+04
2.382200000000000000e+04
2.394900000000000000e+04
2.382700000000000000e+04
2.422000000000000000e+04
2.454400000000000000e+04
2.441600000000000000e+04
2.452200000000000000e+04
2.501900000000000000e+04
2.512800000000000000e+04
2.546400000000000000e+04
2.580200000000000000e+04
2.573900000000000000e+04
2.594300000000000000e+04
2.667000000000000000e+04
2.646100000000000000e+04
2.669100000000000000e+04
2.676100000000000000e+04
2.700200000000000000e+04
2.718100000000000000e+04
2.728500000000000000e+04
2.771600000000000000e+04
2.775800000000000000e+04
2.818300000000000000e+04
2.805300000000000000e+04
2.846500000000000000e+04
2.893100000000000000e+04
2.892300000000000000e+04
2.940800000000000000e+04
2.943700000000000000e+04
3.008200000000000000e+04
2.990600000000000000e+04
3.030700000000000000e+04
3.058100000000000000e+04
3.075600000000000000e+04
3.159700000000000000e+04
3.162100000000000000e+04
3.151600000000000000e+04
3.216200000000000000e+04
3.249500000000000000e+04
3.243200000000000000e+04
3.292100000000000000e+04
3.294200000000000000e+04
3.363000000000000000e+04
3.348200000000000000e+04
3.403600000000000000e+04
3.455700000000000000e+04
3.442900000000000000e+04
3.505500000000000000e+04
3.492700000000000000e+04
3.595100000000000000e+04
3.562100000000000000e+04
3.612300000000000000e+04
3.662100000000000000e+04
3.687700000000000000e+04
3.722800000000000000e+04
3.725300000000000000e+04
3.794200000000000000e+04
3.847100000000000000e+04
3.884400000000000000e+04
3.904400000000000000e+04
3.951800000000000000e+04
3.991800000000000000e+04
4.054900000000000000e+04
4.080000000000000000e+04
4.104200000000000000e+04
4.140200000000000000e+04
4.205100000000000000e+04
4.204100000000000000e+04
4.255500000000000000e+04
4.324300000000000000e+04
4.359200000000000000e+04
4.367000000000000000e+04
4.466800000000000000e+04
4.486800000000000000e+04
4.519300000000000000e+04
4.596900000000000000e+04
4.653100000000000000e+04
4.689600000000000000e+04
4.715700000000000000e+04
4.811800000000000000e+04
4.814300000000000000e+04
4.896200000000000000e+04
4.939500000000000000e+04
5.007400000000000000e+04
5.049100000000000000e+04
5.098400000000000000e+04
5.125400000000000000e+04
5.229900000000000000e+04
5.223700000000000000e+04
5.356100000000000000e+04
5.373400000000000000e+04
5.440200000000000000e+04
5.524600000000000000e+04
5.570100000000000000e+04
5.622600000000000000e+04
5.718600000000000000e+04
5.752000000000000000e+04
5.861700000000000000e+04
5.886600000000000000e+04
5.998600000000000000e+04
6.017700000000000000e+04
6.104400000000000000e+04
6.160600000000000000e+04
6.250200000000000000e+04
6.353500000000000000e+04
6.377100000000000000e+04
6.480000000000000000e+04
6.571600000000000000e+04
6.656600000000000000e+04
6.732800000000000000e+04
6.819800000000000000e+04
6.938400000000000000e+04
6.979700000000000000e+04
7.063300000000000000e+04
7.160900000000000000e+04
7.281500000000000000e+04
7.326200000000000000e+04
7.440000000000000000e+04
7.532800000000000000e+04
7.621200000000000000e+04
7.717300000000000000e+04
7.783000000000000000e+04
7.913200000000000000e+04
8.041000000000000000e+04
8.218400000000000000e+04
8.226000000000000000e+04
8.417000000000000000e+04
8.508400000000000000e+04
8.599800000000000000e+04
8.733600000000000000e+04
8.788400000000000000e+04
8.964200000000000000e+04
9.118700000000000000e+04
9.249400000000000000e+04
9.335500000000000000e+04
9.432400000000000000e+04
9.644100000000000000e+04
9.739800000000000000e+04
9.919100000000000000e+04
1.006710000000000000e+05
1.016240000000000000e+05
1.031210000000000000e+05
1.047280000000000000e+05
1.062780000000000000e+05
1.085360000000000000e+05
1.096970000000000000e+05
1.114770000000000000e+05
1.134730000000000000e+05
1.150850000000000000e+05
1.162880000000000000e+05
1.186800000000000000e+05
1.205060000000000000e+05
1.224350000000000000e+05
1.241310000000000000e+05
1.260310000000000000e+05
1.281270000000000000e+05
1.306360000000000000e+05
1.322480000000000000e+05
1.340820000000000000e+05
1.368430000000000000e+05
1.393890000000000000e+05
1.411460000000000000e+05
1.443780000000000000e+05
1.465090000000000000e+05
1.486730000000000000e+05
1.517400000000000000e+05
1.539550000000000000e+05
1.568160000000000000e+05
1.597150000000000000e+05
1.626060000000000000e+05
1.652000000000000000e+05
1.677130000000000000e+05
1.714190000000000000e+05
1.739760000000000000e+05
1.770570000000000000e+05
1.803120000000000000e+05
1.829920000000000000e+05
1.864760000000000000e+05
1.905230000000000000e+05
1.943670000000000000e+05
1.976840000000000000e+05
2.022140000000000000e+05
2.052620000000000000e+05
2.095370000000000000e+05
2.126180000000000000e+05
2.177390000000000000e+05
2.208490000000000000e+05
2.261840000000000000e+05
2.288420000000000000e+05
2.346840000000000000e+05
2.381930000000000000e+05
2.432650000000000000e+05
2.480990000000000000e+05
2.539500000000000000e+05
2.583760000000000000e+05
2.639490000000000000e+05
2.682210000000000000e+05
2.742100000000000000e+05
2.792840000000000000e+05
2.845130000000000000e+05
2.908510000000000000e+05
2.966420000000000000e+05
3.024460000000000000e+05
3.082800000000000000e+05
3.154380000000000000e+05
3.205170000000000000e+05
3.272450000000000000e+05
3.343920000000000000e+05
3.404670000000000000e+05
3.480070000000000000e+05
3.550680000000000000e+05
3.617020000000000000e+05
3.694830000000000000e+05
3.768810000000000000e+05
3.843500000000000000e+05
3.909560000000000000e+05
3.997990000000000000e+05
4.076590000000000000e+05
4.145520000000000000e+05
4.228460000000000000e+05
4.307790000000000000e+05
4.402030000000000000e+05
4.470390000000000000e+05
4.555750000000000000e+05
4.646760000000000000e+05
4.721430000000000000e+05
4.796420000000000000e+05
4.880640000000000000e+05
4.966890000000000000e+05
5.043350000000000000e+05
5.144100000000000000e+05
5.215850000000000000e+05
5.320320000000000000e+05
5.371280000000000000e+05
5.438320000000000000e+05
5.525930000000000000e+05
5.602550000000000000e+05
5.674730000000000000e+05
5.749130000000000000e+05
5.803450000000000000e+05
5.869190000000000000e+05
5.936880000000000000e+05
5.986650000000000000e+05
6.061580000000000000e+05
6.093410000000000000e+05
6.147410000000000000e+05
6.187530000000000000e+05
6.224270000000000000e+05
6.261250000000000000e+05
6.298000000000000000e+05
6.318520000000000000e+05
6.335800000000000000e+05
6.350660000000000000e+05
6.355280000000000000e+05
6.373260000000000000e+05
6.376170000000000000e+05
6.364560000000000000e+05
6.347300000000000000e+05
6.338710000000000000e+05
6.317890000000000000e+05
6.293080000000000000e+05
6.259610000000000000e+05
6.217630000000000000e+05
6.186120000000000000e+05
6.158700000000000000e+05
6.102230000000000000e+05
6.050760000000000000e+05
5.995020000000000000e+05
5.924200000000000000e+05
5.876580000000000000e+05
5.795580000000000000e+05
5.737980000000000000e+05
5.681760000000000000e+05
5.599320000000000000e+05
5.512330000000000000e+05
5.460560000000000000e+05
5.364690000000000000e+05
5.298530000000000000e+05
5.205030000000000000e+05
5.131990000000000000e+05
5.049970000000000000e+05
4.967060000000000000e+05
4.896050000000000000e+05
4.804450000000000000e+05
4.736120000000000000e+05
4.639010000000000000e+05
4.565780000000000000e+05
4.483200000000000000e+05
4.387760000000000000e+05
4.307760000000000000e+05
4.233500000000000000e+05
4.156160000000000000e+05
4.073770000000000000e+05
3.986230000000000000e+05
3.906020000000000000e+05
3.845690000000000000e+05
3.777150000000000000e+05
3.695270000000000000e+05
3.625300000000000000e+05
3.559660000000000000e+05
3.490580000000000000e+05
3.415270000000000000e+05
3.337710000000000000e+05
3.277180000000000000e+05
3.205300000000000000e+05
3.158440000000000000e+05
3.097240000000000000e+05
3.031180000000000000e+05
2.977040000000000000e+05
2.911190000000000000e+05
2.855620000000000000e+05
2.793360000000000000e+05
2.746510000000000000e+05
2.688670000000000000e+05
2.636390000000000000e+05
2.581240000000000000e+05
2.533000000000000000e+05
2.492670000000000000e+05
2.446350000000000000e+05
2.396630000000000000e+05
2.344810000000000000e+05
2.301470000000000000e+05
2.258390000000000000e+05
2.211330000000000000e+05
2.180820000000000000e+05
2.126730000000000000e+05
2.088990000000000000e+05
2.051290000000000000e+05
2.010540000000000000e+05
1.981570000000000000e+05
1.947880000000000000e+05
1.903050000000000000e+05
1.870550000000000000e+05
1.839030000000000000e+05
1.810320000000000000e+05
1.773060000000000000e+05
1.740300000000000000e+05
1.698860000000000000e+05
1.685470000000000000e+05
1.649120000000000000e+05
1.618390000000000000e+05
1.587950000000000000e+05
1.563550000000000000e+05
1.534700000000000000e+05
1.516590000000000000e+05
1.490930000000000000e+05
1.471580000000000000e+05
1.435730000000000000e+05
1.414440000000000000e+05
1.399040000000000000e+05
1.372930000000000000e+05
1.348740000000000000e+05
1.324430000000000000e+05
1.311790000000000000e+05
1.283570000000000000e+05
1.265290000000000000e+05
1.244620000000000000e+05
1.227730000000000000e+05
1.207780000000000000e+05
1.188480000000000000e+05
1.164190000000000000e+05
1.149570000000000000e+05
1.135460000000000000e+05
1.114060000000000000e+05
1.101360000000000000e+05
1.073710000000000000e+05
1.062620000000000000e+05
1.050680000000000000e+05
1.036080000000000000e+05
1.018520000000000000e+05
9.966800000000000000e+04
9.942200000000000000e+04
9.757100000000000000e+04
9.609100000000000000e+04
9.471000000000000000e+04
9.338800000000000000e+04
9.240900000000000000e+04
9.085000000000000000e+04
8.988100000000000000e+04
8.850900000000000000e+04
8.718400000000000000e+04
8.621800000000000000e+04
8.497400000000000000e+04
8.321700000000000000e+04
8.287100000000000000e+04
8.108700000000000000e+04
8.058300000000000000e+04
7.928200000000000000e+04
7.851100000000000000e+04
7.707100000000000000e+04
7.668100000000000000e+04
7.535900000000000000e+04
7.473200000000000000e+04
7.348900000000000000e+04
7.234700000000000000e+04
7.193400000000000000e+04
7.048100000000000000e+04
7.007400000000000000e+04
6.899500000000000000e+04
6.806800000000000000e+04
6.741600000000000000e+04
6.663900000000000000e+04
6.544800000000000000e+04
6.445800000000000000e+04
6.402500000000000000e+04
6.328400000000000000e+04
6.236100000000000000e+04
6.203200000000000000e+04
6.133200000000000000e+04
6.037100000000000000e+04
5.979600000000000000e+04
5.898700000000000000e+04
5.808600000000000000e+04
5.751100000000000000e+04
5.712700000000000000e+04
5.645900000000000000e+04
5.514500000000000000e+04
5.548600000000000000e+04
5.450500000000000000e+04
5.377600000000000000e+04
5.339200000000000000e+04
5.282800000000000000e+04
5.226900000000000000e+04
5.152900000000000000e+04
5.088000000000000000e+04
5.009900000000000000e+04
5.016700000000000000e+04
4.908900000000000000e+04
4.870300000000000000e+04
4.866800000000000000e+04
4.766000000000000000e+04
4.739600000000000000e+04
4.661300000000000000e+04
4.624900000000000000e+04
4.574100000000000000e+04
4.555600000000000000e+04
4.477200000000000000e+04
4.420800000000000000e+04
4.403400000000000000e+04
4.367100000000000000e+04
4.332200000000000000e+04
4.260100000000000000e+04
4.249000000000000000e+04
4.185200000000000000e+04
4.161900000000000000e+04
4.086800000000000000e+04
4.069500000000000000e+04
4.029200000000000000e+04
4.024300000000000000e+04
3.938800000000000000e+04
3.916400000000000000e+04
3.867700000000000000e+04
3.820800000000000000e+04
3.815200000000000000e+04
3.767700000000000000e+04
3.725900000000000000e+04
3.695100000000000000e+04
3.694500000000000000e+04
3.590000000000000000e+04
3.614700000000000000e+04
3.521800000000000000e+04
3.501700000000000000e+04
3.500000000000000000e+04
3.480100000000000000e+04
3.402000000000000000e+04
3.407600000000000000e+04
3.356100000000000000e+04
3.330800000000000000e+04
3.304400000000000000e+04
3.255200000000000000e+04
3.249500000000000000e+04
3.224800000000000000e+04
3.169900000000000000e+04
3.197300000000000000e+04
3.152000000000000000e+04
3.100400000000000000e+04
3.078600000000000000e+04
3.065400000000000000e+04
3.046100000000000000e+04
3.035700000000000000e+04
2.962100000000000000e+04
2.970400000000000000e+04
2.933200000000000000e+04
2.899600000000000000e+04
2.905400000000000000e+04
2.862000000000000000e+04
2.830700000000000000e+04
2.849300000000000000e+04
2.796100000000000000e+04
2.779200000000000000e+04
2.732300000000000000e+04
2.718100000000000000e+04
2.703600000000000000e+04
2.694400000000000000e+04
2.667900000000000000e+04
2.625800000000000000e+04
2.646000000000000000e+04
2.561800000000000000e+04
2.557800000000000000e+04
2.529100000000000000e+04
2.516700000000000000e+04
2.524100000000000000e+04
2.506400000000000000e+04
2.454500000000000000e+04
2.460400000000000000e+04
2.427000000000000000e+04
2.429700000000000000e+04
2.407000000000000000e+04
2.406900000000000000e+04
2.366900000000000000e+04
2.305200000000000000e+04
2.326100000000000000e+04
2.326900000000000000e+04
2.289900000000000000e+04
2.257500000000000000e+04
2.255600000000000000e+04
2.240400000000000000e+04
2.224100000000000000e+04
2.219100000000000000e+04
2.195100000000000000e+04
2.186700000000000000e+04
2.174600000000000000e+04
2.152300000000000000e+04
2.116700000000000000e+04
2.096000000000000000e+04
2.102400000000000000e+04
2.100500000000000000e+04
2.046500000000000000e+04
2.049200000000000000e+04
2.052900000000000000e+04
2.015300000000000000e+04
2.023500000000000000e+04
2.011500000000000000e+04
1.981200000000000000e+04
1.978500000000000000e+04
1.964900000000000000e+04
1.940600000000000000e+04
1.939300000000000000e+04
1.953400000000000000e+04
1.930800000000000000e+04
1.895900000000000000e+04
1.870100000000000000e+04
1.872100000000000000e+04
1.858000000000000000e+04
1.843500000000000000e+04
1.809800000000000000e+04
1.799900000000000000e+04
1.805400000000000000e+04
1.776500000000000000e+04
1.784800000000000000e+04
1.769700000000000000e+04
1.770500000000000000e+04
1.731300000000000000e+04
1.754800000000000000e+04
1.718800000000000000e+04
1.742700000000000000e+04
1.704600000000000000e+04
1.700100000000000000e+04
1.692500000000000000e+04
1.673900000000000000e+04
1.649300000000000000e+04
1.649000000000000000e+04
1.652800000000000000e+04
1.631300000000000000e+04
1.620700000000000000e+04
1.618100000000000000e+04
1.607200000000000000e+04
1.580500000000000000e+04
1.594800000000000000e+04
1.594800000000000000e+04
1.553700000000000000e+04
1.526100000000000000e+04
1.532800000000000000e+04
1.536000000000000000e+04
1.521000000000000000e+04
1.514400000000000000e+04
1.491300000000000000e+04
1.483100000000000000e+04
1.505000000000000000e+04
1.489900000000000000e+04
1.475200000000000000e+04
1.462700000000000000e+04
1.458400000000000000e+04
1.441100000000000000e+04
1.443000000000000000e+04
1.426200000000000000e+04
1.409200000000000000e+04
1.424800000000000000e+04
1.387200000000000000e+04
1.404300000000000000e+04
1.371400000000000000e+04
1.353300000000000000e+04
1.383600000000000000e+04
1.360800000000000000e+04
1.338200000000000000e+04
1.323700000000000000e+04
1.347200000000000000e+04
1.334800000000000000e+04
1.311200000000000000e+04
1.311200000000000000e+04
1.322300000000000000e+04
1.298700000000000000e+04
1.295000000000000000e+04
1.290100000000000000e+04
1.279200000000000000e+04
1.276800000000000000e+04
1.252000000000000000e+04
1.266300000000000000e+04
1.253800000000000000e+04
1.251000000000000000e+04
1.226600000000000000e+04
1.227500000000000000e+04
1.205200000000000000e+04
1.200800000000000000e+04
1.214500000000000000e+04
1.200700000000000000e+04
1.193000000000000000e+04
1.192500000000000000e+04
1.193500000000000000e+04
1.169800000000000000e+04
1.168000000000000000e+04
1.155700000000000000e+04
1.153600000000000000e+04
1.152000000000000000e+04
1.151100000000000000e+04
1.134000000000000000e+04
1.135300000000000000e+04
1.125400000000000000e+04
1.128200000000000000e+04
1.116200000000000000e+04
1.114600000000000000e+04
1.088800000000000000e+04
1.091100000000000000e+04
1.098500000000000000e+04
1.093400000000000000e+04
1.071500000000000000e+04
1.082200000000000000e+04
1.079700000000000000e+04
1.071800000000000000e+04
1.066100000000000000e+04
1.052500000000000000e+04
1.054900000000000000e+04
1.045600000000000000e+04
1.022000000000000000e+04
1.044300000000000000e+04
1.025200000000000000e+04
1.022900000000000000e+04
1.015100000000000000e+04
1.009600000000000000e+04
1.008000000000000000e+04
9.950000000000000000e+03
9.838000000000000000e+03
9.820000000000000000e+03
9.810000000000000000e+03
9.772000000000000000e+03
9.809000000000000000e+03
9.667000000000000000e+03
9.680000000000000000e+03
9.614000000000000000e+03
9.550000000000000000e+03
9.371000000000000000e+03
9.673000000000000000e+03
9.438000000000000000e+03
9.206000000000000000e+03
9.147000000000000000e+03
9.352000000000000000e+03
9.203000000000000000e+03
9.156000000000000000e+03
9.130000000000000000e+03
9.082000000000000000e+03
9.173000000000000000e+03
9.147000000000000000e+03
9.208000000000000000e+03
9.117000000000000000e+03
8.903000000000000000e+03
8.849000000000000000e+03
8.898000000000000000e+03
8.778000000000000000e+03
8.760000000000000000e+03
8.614000000000000000e+03
8.596000000000000000e+03
8.598000000000000000e+03
8.627000000000000000e+03
8.548000000000000000e+03
8.418000000000000000e+03
8.340000000000000000e+03
8.435000000000000000e+03
8.438000000000000000e+03
8.400000000000000000e+03
8.187000000000000000e+03
8.113000000000000000e+03
8.191000000000000000e+03
8.011000000000000000e+03
8.227000000000000000e+03
8.034000000000000000e+03
8.156000000000000000e+03
8.022000000000000000e+03
8.069000000000000000e+03
7.975000000000000000e+03
8.048000000000000000e+03
7.778000000000000000e+03
7.876000000000000000e+03
7.851000000000000000e+03
7.714000000000000000e+03
7.757000000000000000e+03
7.933000000000000000e+03
7.488000000000000000e+03
7.734000000000000000e+03
7.619000000000000000e+03
7.580000000000000000e+03
7.742000000000000000e+03
7.440000000000000000e+03
7.526000000000000000e+03
7.562000000000000000e+03
7.545000000000000000e+03
7.398000000000000000e+03
7.161000000000000000e+03
7.327000000000000000e+03
7.391000000000000000e+03
7.282000000000000000e+03
7.047000000000000000e+03
7.223000000000000000e+03
7.195000000000000000e+03
7.292000000000000000e+03
7.047000000000000000e+03
7.192000000000000000e+03
7.041000000000000000e+03
6.982000000000000000e+03
6.940000000000000000e+03
6.901000000000000000e+03
6.980000000000000000e+03
6.950000000000000000e+03
6.820000000000000000e+03
6.937000000000000000e+03
6.868000000000000000e+03
6.853000000000000000e+03
6.773000000000000000e+03
6.817000000000000000e+03
6.640000000000000000e+03
6.663000000000000000e+03
6.630000000000000000e+03
6.617000000000000000e+03
6.707000000000000000e+03
6.512000000000000000e+03
6.545000000000000000e+03
6.730000000000000000e+03
6.551000000000000000e+03
6.542000000000000000e+03
6.500000000000000000e+03
6.383000000000000000e+03
6.401000000000000000e+03
6.308000000000000000e+03
6.343000000000000000e+03
6.294000000000000000e+03
6.197000000000000000e+03
