6.272000000000000000e+03
6.207000000000000000e+03
6.262000000000000000e+03
6.421000000000000000e+03
6.604000000000000000e+03
6.509000000000000000e+03
6.481000000000000000e+03
6.410000000000000000e+03
6.494000000000000000e+03
6.636000000000000000e+03
6.754000000000000000e+03
6.583000000000000000e+03
6.601000000000000000e+03
6.610000000000000000e+03
6.608000000000000000e+03
6.660000000000000000e+03
6.703000000000000000e+03
6.841000000000000000e+03
6.893000000000000000e+03
6.739000000000000000e+03
6.801000000000000000e+03
6.927000000000000000e+03
6.935000000000000000e+03
6.993000000000000000e+03
6.960000000000000000e+03
6.883000000000000000e+03
7.019000000000000000e+03
7.005000000000000000e+03
7.057000000000000000e+03
7.143000000000000000e+03
7.131000000000000000e+03
7.193000000000000000e+03
7.282000000000000000e+03
7.244000000000000000e+03
7.125000000000000000e+03
7.331000000000000000e+03
7.304000000000000000e+03
7.411000000000000000e+03
7.408000000000000000e+03
7.555000000000000000e+03
7.469000000000000000e+03
7.422000000000000000e+03
7.444000000000000000e+03
7.595000000000000000e+03
7.583000000000000000e+03
7.583000000000000000e+03
7.760000000000000000e+03
7.710000000000000000e+03
7.629000000000000000e+03
7.937000000000000000e+03
7.822000000000000000e+03
7.725000000000000000e+03
7.771000000000000000e+03
7.935000000000000000e+03
7.952000000000000000e+03
8.122000000000000000e+03
8.007000000000000000e+03
8.078000000000000000e+03
8.133000000000000000e+03
8.222000000000000000e+03
8.115000000000000000e+03
8.094000000000000000e+03
8.242000000000000000e+03
8.261000000000000000e+03
8.380000000000000000e+03
8.382000000000000000e+03
8.465000000000000000e+03
8.472000000000000000e+03
8.326000000000000000e+03
8.612000000000000000e+03
8.481000000000000000e+03
8.513000000000000000e+03
8.564000000000000000e+03
8.706000000000000000e+03
8.596000000000000000e+03
8.829000000000000000e+03
8.756000000000000000e+03
8.672000000000000000e+03
8.808000000000000000e+03
8.801000000000000000e+03
8.880000000000000000e+03
8.947000000000000000e+03
8.896000000000000000e+03
9.046000000000000000e+03
9.111000000000000000e+03
8.974000000000000000e+03
9.106000000000000000e+03
9.112000000000000000e+03
9.353000000000000000e+03
9.543000000000000000e+03
9.345000000000000000e+03
9.464000000000000000e+03
9.453000000000000000e+03
9.450000000000000000e+03
9.602000000000000000e+03
9.701000000000000000e+03
9.574000000000000000e+03
9.397000000000000000e+03
9.691000000000000000e+03
9.683000000000000000e+03
9.808000000000000000e+03
1.014100000000000000e+04
1.005700000000000000e+04
9.754000000000000000e+03
1.005000000000000000e+04
1.021600000000000000e+04
1.014600000000000000e+04
9.994000000000000000e+03
1.026000000000000000e+04
1.015300000000000000e+04
1.038700000000000000e+04
1.041300000000000000e+04
1.050300000000000000e+04
1.044800000000000000e+04
1.038700000000000000e+04
1.048900000000000000e+04
1.077600000000000000e+04
1.084300000000000000e+04
1.077000000000000000e+04
1.081600000000000000e+04
1.094900000000000000e+04
1.117900000000000000e+04
1.096200000000000000e+04
1.108100000000000000e+04
1.118200000000000000e+04
1.114200000000000000e+04
1.128700000000000000e+04
1.137700000000000000e+04
1.146600000000000000e+04
1.140200000000000000e+04
1.130500000000000000e+04
1.154300000000000000e+04
1.147500000000000000e+04
1.169400000000000000e+04
1.142900000000000000e+04
1.169700000000000000e+04
1.176600000000000000e+04
1.198800000000000000e+04
1.195400000000000000e+04
1.191200000000000000e+04
1.202600000000000000e+04
1.221600000000000000e+04
1.221400000000000000e+04
1.207900000000000000e+04
1.254300000000000000e+04
1.251500000000000000e+04
1.259800000000000000e+04
1.242600000000000000e+04
1.271700000000000000e+04
1.275500000000000000e+04
1.249900000000000000e+04
1.295000000000000000e+04
1.290100000000000000e+04
1.289100000000000000e+04
1.299100000000000000e+04
1.289000000000000000e+04
1.320100000000000000e+04
1.340600000000000000e+04
1.331200000000000000e+04
1.355100000000000000e+04
1.362500000000000000e+04
1.375200000000000000e+04
1.363800000000000000e+04
1.358400000000000000e+04
1.386100000000000000e+04
1.370800000000000000e+04
1.391200000000000000e+04
1.411900000000000000e+04
1.427700000000000000e+04
1.399100000000000000e+04
1.439000000000000000e+04
1.455100000000000000e+04
1.483800000000000000e+04
1.472400000000000000e+04
1.465700000000000000e+04
1.461900000000000000e+04
1.493200000000000000e+04
1.494300000000000000e+04
1.497800000000000000e+04
1.494400000000000000e+04
1.503400000000000000e+04
1.530700000000000000e+04
1.557100000000000000e+04
1.537600000000000000e+04
1.550100000000000000e+04
1.579000000000000000e+04
1.590500000000000000e+04
1.583900000000000000e+04
1.610400000000000000e+04
1.589600000000000000e+04
1.617300000000000000e+04
1.631000000000000000e+04
1.633700000000000000e+04
1.649800000000000000e+04
1.644200000000000000e+04
1.686800000000000000e+04
1.686400000000000000e+04
1.689400000000000000e+04
1.704600000000000000e+04
1.706500000000000000e+04
1.721200000000000000e+04
1.729200000000000000e+04
1.748600000000000000e+04
1.758900000000000000e+04
1.793000000000000000e+04
1.802200000000000000e+04
1.772400000000000000e+04
1.812600000000000000e+04
1.816500000000000000e+04
1.828400000000000000e+04
1.831200000000000000e+04
1.845100000000000000e+04
1.842300000000000000e+04
1.888300000000000000e+04
1.891200000000000000e+04
1.894200000000000000e+04
1.924000000000000000e+04
1.951100000000000000e+04
1.939900000000000000e+04
1.957500000000000000e+04
1.982400000000000000e+04
1.977900000000000000e+04
1.980800000000000000e+04
2.018700000000000000e+04
2.023500000000000000e+04
2.046900000000000000e+04
2.078800000000000000e+04
2.079500000000000000e+04
2.108300000000000000e+04
2.089700000000000000e+04
2.122500000000000000e+04
2.145600000000000000e+04
2.160800000000000000e+04
2.169100000000000000e+04
2.186500000000000000e+04
2.213700000000000000e+04
2.197600000000000000e+04
2.237400000000000000e+04
2.231000000000000000e+04
2.260900000000000000e+04
2.272300000000000000e+04
2.312000000000000000e+04
2.303700000000000000e+04
2.322800000000000000e+04
2.345900000000000000e+04
2.368300000000000000e+04
2.387300000000000000e+04
2.397700000000000000e+04
2.410600000000000000e+04
2.461900000000000000e+04
2.456100000000000000e+04
2.467600000000000000e+04
2.495100000000000000e+04
2.495400000000000000e+04
2.549200000000000000e+04
2.564000000000000000e+04
2.565500000000000000e+04
2.581800000000000000e+04
2.611000000000000000e+04
2.659900000000000000e+04
2.679800000000000000e+04
2.690600000000000000e+04
2.714800000000000000e+04
2.706900000000000000e+04
2.752000000000000000e+04
2.759200000000000000e+04
2.819500000000000000e+04
2.802700000000000000e+04
2.828200000000000000e+04
2.842900000000000000e+04
2.914700000000000000e+04
2.915500000000000000e+04
2.925500000000000000e+04
2.945000000000000000e+04
2.969200000000000000e+04
2.985900000000000000e+04
3.035700000000000000e+04
3.070700000000000000e+04
3.093800000000000000e+04
3.125000000000000000e+04
3.138800000000000000e+04
3.172000000000000000e+04
3.181000000000000000e+04
3.263400000000000000e+04
3.240600000000000000e+04
3.302800000000000000e+04
3.333200000000000000e+04
3.356600000000000000e+04
3.341200000000000000e+04
3.409000000000000000e+04
3.448600000000000000e+04
3.469500000000000000e+04
3.505500000000000000e+04
3.507900000000000000e+04
3.577400000000000000e+04
3.600800000000000000e+04
3.653200000000000000e+04
3.679800000000000000e+04
3.684000000000000000e+04
3.679800000000000000e+04
3.778200000000000000e+04
3.797000000000000000e+04
3.842700000000000000e+04
3.897700000000000000e+04
3.892100000000000000e+04
3.939200000000000000e+04
3.979400000000000000e+04
4.043200000000000000e+04
4.060500000000000000e+04
4.120900000000000000e+04
4.202800000000000000e+04
4.185700000000000000e+04
4.210600000000000000e+04
4.244800000000000000e+04
4.333700000000000000e+04
4.384500000000000000e+04
4.413100000000000000e+04
4.443100000000000000e+04
4.497600000000000000e+04
4.581900000000000000e+04
4.565700000000000000e+04
4.607900000000000000e+04
4.682700000000000000e+04
4.753800000000000000e+04
4.761200000000000000e+04
4.838800000000000000e+04
4.865900000000000000e+04
4.954000000000000000e+04
4.979700000000000000e+04
5.041500000000000000e+04
5.095200000000000000e+04
5.181700000000000000e+04
5.241700000000000000e+04
5.266600000000000000e+04
5.310400000000000000e+04
5.343500000000000000e+04
5.443600000000000000e+04
5.533500000000000000e+04
5.596700000000000000e+04
5.628200000000000000e+04
5.698500000000000000e+04
5.817800000000000000e+04
5.850800000000000000e+04
5.871800000000000000e+04
5.962300000000000000e+04
6.065200000000000000e+04
6.102800000000000000e+04
6.164100000000000000e+04
6.299600000000000000e+04
6.367100000000000000e+04
6.373700000000000000e+04
6.504100000000000000e+04
6.580900000000000000e+04
6.633900000000000000e+04
6.717800000000000000e+04
6.806900000000000000e+04
6.916000000000000000e+04
6.939500000000000000e+04
7.042500000000000000e+04
7.175100000000000000e+04
7.217500000000000000e+04
7.319300000000000000e+04
7.417900000000000000e+04
7.544000000000000000e+04
7.601500000000000000e+04
7.715600000000000000e+04
7.836500000000000000e+04
7.922500000000000000e+04
8.020700000000000000e+04
8.166200000000000000e+04
8.260500000000000000e+04
8.369300000000000000e+04
8.429000000000000000e+04
8.626800000000000000e+04
8.663200000000000000e+04
8.810400000000000000e+04
8.948200000000000000e+04
9.081500000000000000e+04
9.236000000000000000e+04
9.340800000000000000e+04
9.494200000000000000e+04
9.654400000000000000e+04
9.788300000000000000e+04
9.941200000000000000e+04
9.967700000000000000e+04
1.018540000000000000e+05
1.034780000000000000e+05
1.043710000000000000e+05
1.071840000000000000e+05
1.079320000000000000e+05
1.097870000000000000e+05
1.109880000000000000e+05
1.138310000000000000e+05
1.150380000000000000e+05
1.166150000000000000e+05
1.187920000000000000e+05
1.215490000000000000e+05
1.219520000000000000e+05
1.244790000000000000e+05
1.265410000000000000e+05
1.287130000000000000e+05
1.310060000000000000e+05
1.329460000000000000e+05
1.344310000000000000e+05
1.364650000000000000e+05
1.390290000000000000e+05
1.414370000000000000e+05
1.437390000000000000e+05
1.468140000000000000e+05
1.490040000000000000e+05
1.516710000000000000e+05
1.543990000000000000e+05
1.569660000000000000e+05
1.595750000000000000e+05
1.629140000000000000e+05
1.649010000000000000e+05
1.676440000000000000e+05
1.708610000000000000e+05
1.740500000000000000e+05
1.769610000000000000e+05
1.803970000000000000e+05
1.834050000000000000e+05
1.866380000000000000e+05
1.894970000000000000e+05
1.933110000000000000e+05
1.981930000000000000e+05
2.021330000000000000e+05
2.049410000000000000e+05
2.087820000000000000e+05
2.131340000000000000e+05
2.170190000000000000e+05
2.215540000000000000e+05
2.260070000000000000e+05
2.292850000000000000e+05
2.340410000000000000e+05
2.389000000000000000e+05
2.435570000000000000e+05
2.478550000000000000e+05
2.540130000000000000e+05
2.593660000000000000e+05
2.627580000000000000e+05
2.681320000000000000e+05
2.747420000000000000e+05
2.799520000000000000e+05
2.852800000000000000e+05
2.919680000000000000e+05
2.969770000000000000e+05
3.030110000000000000e+05
3.087240000000000000e+05
3.146630000000000000e+05
3.212450000000000000e+05
3.276990000000000000e+05
3.348500000000000000e+05
3.415810000000000000e+05
3.480360000000000000e+05
3.541640000000000000e+05
3.628540000000000000e+05
3.703210000000000000e+05
3.768800000000000000e+05
3.847350000000000000e+05
3.921370000000000000e+05
3.989050000000000000e+05
4.078470000000000000e+05
4.147010000000000000e+05
4.237840000000000000e+05
4.310380000000000000e+05
4.401550000000000000e+05
4.475080000000000000e+05
4.549110000000000000e+05
4.641840000000000000e+05
4.723550000000000000e+05
4.797050000000000000e+05
4.893620000000000000e+05
4.950550000000000000e+05
5.049080000000000000e+05
5.134770000000000000e+05
5.218020000000000000e+05
5.286860000000000000e+05
5.376830000000000000e+05
5.453620000000000000e+05
5.525380000000000000e+05
5.599820000000000000e+05
5.671780000000000000e+05
5.739540000000000000e+05
5.807070000000000000e+05
5.878310000000000000e+05
5.935550000000000000e+05
5.999450000000000000e+05
6.048050000000000000e+05
6.096190000000000000e+05
6.138160000000000000e+05
6.190810000000000000e+05
6.235040000000000000e+05
6.256990000000000000e+05
6.304660000000000000e+05
6.312330000000000000e+05
6.342980000000000000e+05
6.350740000000000000e+05
6.368070000000000000e+05
6.369790000000000000e+05
6.346240000000000000e+05
6.360790000000000000e+05
6.354560000000000000e+05
6.336680000000000000e+05
6.326360000000000000e+05
6.282870000000000000e+05
6.257780000000000000e+05
6.229460000000000000e+05
6.188780000000000000e+05
6.133490000000000000e+05
6.099450000000000000e+05
6.051790000000000000e+05
5.986820000000000000e+05
5.936090000000000000e+05
5.871540000000000000e+05
5.810470000000000000e+05
5.738340000000000000e+05
5.683550000000000000e+05
5.601190000000000000e+05
5.522090000000000000e+05
5.442420000000000000e+05
5.379730000000000000e+05
5.292350000000000000e+05
5.207960000000000000e+05
5.124430000000000000e+05
5.050850000000000000e+05
4.972630000000000000e+05
4.879790000000000000e+05
4.786880000000000000e+05
4.719770000000000000e+05
4.648200000000000000e+05
4.557440000000000000e+05
4.481990000000000000e+05
4.382500000000000000e+05
4.320120000000000000e+05
4.234020000000000000e+05
4.147090000000000000e+05
4.074900000000000000e+05
3.984540000000000000e+05
3.922170000000000000e+05
3.849610000000000000e+05
3.767730000000000000e+05
3.692770000000000000e+05
3.625480000000000000e+05
3.550560000000000000e+05
3.485570000000000000e+05
3.428300000000000000e+05
3.346870000000000000e+05
3.281410000000000000e+05
3.220680000000000000e+05
3.147030000000000000e+05
3.080520000000000000e+05
3.025520000000000000e+05
2.967270000000000000e+05
2.901980000000000000e+05
2.855130000000000000e+05
2.798040000000000000e+05
2.740950000000000000e+05
2.681960000000000000e+05
2.632440000000000000e+05
2.576360000000000000e+05
2.530450000000000000e+05
2.483310000000000000e+05
2.434710000000000000e+05
2.384710000000000000e+05
2.343680000000000000e+05
2.300880000000000000e+05
2.261950000000000000e+05
2.218110000000000000e+05
2.167940000000000000e+05
2.123980000000000000e+05
2.093870000000000000e+05
2.053910000000000000e+05
2.017880000000000000e+05
1.981890000000000000e+05
1.941350000000000000e+05
1.913740000000000000e+05
1.878820000000000000e+05
1.836380000000000000e+05
1.809180000000000000e+05
1.768880000000000000e+05
1.744200000000000000e+05
1.708820000000000000e+05
1.688300000000000000e+05
1.655910000000000000e+05
1.625710000000000000e+05
1.591510000000000000e+05
1.560790000000000000e+05
1.539390000000000000e+05
1.509560000000000000e+05
1.487170000000000000e+05
1.463550000000000000e+05
1.440250000000000000e+05
1.413830000000000000e+05
1.391700000000000000e+05
1.363980000000000000e+05
1.350330000000000000e+05
1.330810000000000000e+05
1.302720000000000000e+05
1.285400000000000000e+05
1.267570000000000000e+05
1.242740000000000000e+05
1.223540000000000000e+05
1.205620000000000000e+05
1.186740000000000000e+05
1.168390000000000000e+05
1.148040000000000000e+05
1.130450000000000000e+05
1.121750000000000000e+05
1.093550000000000000e+05
1.081350000000000000e+05
1.067090000000000000e+05
1.051220000000000000e+05
1.035390000000000000e+05
1.029300000000000000e+05
1.003740000000000000e+05
9.914700000000000000e+04
9.741800000000000000e+04
9.652000000000000000e+04
9.484100000000000000e+04
9.360000000000000000e+04
9.249300000000000000e+04
9.104000000000000000e+04
8.979300000000000000e+04
8.842200000000000000e+04
8.697700000000000000e+04
8.602300000000000000e+04
8.496100000000000000e+04
8.345400000000000000e+04
8.273600000000000000e+04
8.179200000000000000e+04
8.014500000000000000e+04
7.974800000000000000e+04
7.838200000000000000e+04
7.727200000000000000e+04
7.662300000000000000e+04
7.540500000000000000e+04
7.427900000000000000e+04
7.330700000000000000e+04
7.245600000000000000e+04
7.129800000000000000e+04
7.069800000000000000e+04
6.966300000000000000e+04
6.890500000000000000e+04
6.859300000000000000e+04
6.761400000000000000e+04
6.652700000000000000e+04
6.544000000000000000e+04
6.475300000000000000e+04
6.383300000000000000e+04
6.350600000000000000e+04
6.228900000000000000e+04
6.188300000000000000e+04
6.087500000000000000e+04
6.002000000000000000e+04
5.947300000000000000e+04
5.897800000000000000e+04
5.837500000000000000e+04
5.774900000000000000e+04
5.690800000000000000e+04
5.659400000000000000e+04
5.550800000000000000e+04
5.527700000000000000e+04
5.423400000000000000e+04
5.407400000000000000e+04
5.353200000000000000e+04
5.275900000000000000e+04
5.188500000000000000e+04
5.167200000000000000e+04
5.123400000000000000e+04
5.033800000000000000e+04
4.997500000000000000e+04
4.919800000000000000e+04
4.887300000000000000e+04
4.844100000000000000e+04
4.766600000000000000e+04
4.738900000000000000e+04
4.697300000000000000e+04
4.621400000000000000e+04
4.544800000000000000e+04
4.512900000000000000e+04
4.490900000000000000e+04
4.418300000000000000e+04
4.376200000000000000e+04
4.376900000000000000e+04
4.308600000000000000e+04
4.246800000000000000e+04
4.207300000000000000e+04
4.165100000000000000e+04
4.152500000000000000e+04
4.100100000000000000e+04
4.074200000000000000e+04
4.051300000000000000e+04
4.003200000000000000e+04
3.950300000000000000e+04
3.883100000000000000e+04
3.874600000000000000e+04
3.828600000000000000e+04
3.807000000000000000e+04
3.770200000000000000e+04
3.730100000000000000e+04
3.710200000000000000e+04
3.654500000000000000e+04
3.616800000000000000e+04
3.611600000000000000e+04
3.556700000000000000e+04
3.519700000000000000e+04
3.463800000000000000e+04
3.408000000000000000e+04
3.436200000000000000e+04
3.400000000000000000e+04
3.362400000000000000e+04
3.362300000000000000e+04
3.302400000000000000e+04
3.253500000000000000e+04
3.216100000000000000e+04
3.238900000000000000e+04
3.177200000000000000e+04
3.197000000000000000e+04
3.155600000000000000e+04
3.084500000000000000e+04
3.094600000000000000e+04
3.063200000000000000e+04
3.023800000000000000e+04
3.000200000000000000e+04
3.010100000000000000e+04
2.968900000000000000e+04
2.933300000000000000e+04
2.908600000000000000e+04
2.877800000000000000e+04
2.846200000000000000e+04
2.815400000000000000e+04
2.836500000000000000e+04
2.756100000000000000e+04
2.783500000000000000e+04
2.753400000000000000e+04
2.733000000000000000e+04
2.702100000000000000e+04
2.678500000000000000e+04
2.634700000000000000e+04
2.630400000000000000e+04
2.624900000000000000e+04
2.587600000000000000e+04
2.598600000000000000e+04
2.562900000000000000e+04
2.499900000000000000e+04
2.506900000000000000e+04
2.479100000000000000e+04
2.476600000000000000e+04
2.426800000000000000e+04
2.432000000000000000e+04
2.405400000000000000e+04
2.383300000000000000e+04
2.388400000000000000e+04
2.372200000000000000e+04
2.355000000000000000e+04
2.295800000000000000e+04
2.316000000000000000e+04
2.285600000000000000e+04
2.276500000000000000e+04
2.255600000000000000e+04
2.229000000000000000e+04
2.226000000000000000e+04
2.235200000000000000e+04
2.185000000000000000e+04
2.175000000000000000e+04
2.156300000000000000e+04
2.167000000000000000e+04
2.133400000000000000e+04
2.127900000000000000e+04
2.079100000000000000e+04
2.079200000000000000e+04
2.063200000000000000e+04
2.053300000000000000e+04
2.054000000000000000e+04
2.023500000000000000e+04
2.012000000000000000e+04
2.003700000000000000e+04
2.006600000000000000e+04
1.974600000000000000e+04
1.955100000000000000e+04
1.926400000000000000e+04
1.904500000000000000e+04
1.910500000000000000e+04
1.910800000000000000e+04
1.885600000000000000e+04
1.889600000000000000e+04
1.868800000000000000e+04
1.846100000000000000e+04
1.837000000000000000e+04
1.854300000000000000e+04
1.802900000000000000e+04
1.814400000000000000e+04
1.792000000000000000e+04
1.772300000000000000e+04
1.760000000000000000e+04
1.752100000000000000e+04
1.754400000000000000e+04
1.746900000000000000e+04
1.746100000000000000e+04
1.723100000000000000e+04
1.711900000000000000e+04
1.720900000000000000e+04
1.679600000000000000e+04
1.683200000000000000e+04
1.658400000000000000e+04
1.642400000000000000e+04
1.662600000000000000e+04
1.629100000000000000e+04
1.615800000000000000e+04
1.631000000000000000e+04
1.593200000000000000e+04
1.578800000000000000e+04
1.579300000000000000e+04
1.580000000000000000e+04
1.547700000000000000e+04
1.537300000000000000e+04
1.554000000000000000e+04
1.525900000000000000e+04
1.546100000000000000e+04
1.506300000000000000e+04
1.502500000000000000e+04
1.479500000000000000e+04
1.484400000000000000e+04
1.471300000000000000e+04
1.482300000000000000e+04
1.430600000000000000e+04
1.453300000000000000e+04
1.459300000000000000e+04
1.417300000000000000e+04
1.420100000000000000e+04
1.402400000000000000e+04
1.416800000000000000e+04
1.383700000000000000e+04
1.409000000000000000e+04
1.401300000000000000e+04
1.368000000000000000e+04
1.379200000000000000e+04
1.344800000000000000e+04
1.323200000000000000e+04
1.327100000000000000e+04
1.319700000000000000e+04
1.311700000000000000e+04
1.314900000000000000e+04
1.317500000000000000e+04
1.307700000000000000e+04
1.277600000000000000e+04
1.281900000000000000e+04
1.276000000000000000e+04
1.275100000000000000e+04
1.260000000000000000e+04
1.258700000000000000e+04
1.243400000000000000e+04
1.253500000000000000e+04
1.243800000000000000e+04
1.227900000000000000e+04
1.227000000000000000e+04
1.238000000000000000e+04
1.215600000000000000e+04
1.202000000000000000e+04
1.214300000000000000e+04
1.191700000000000000e+04
1.183500000000000000e+04
1.186900000000000000e+04
1.179800000000000000e+04
1.169300000000000000e+04
1.162700000000000000e+04
1.142500000000000000e+04
1.149300000000000000e+04
1.140900000000000000e+04
1.126400000000000000e+04
1.131600000000000000e+04
1.135600000000000000e+04
1.119000000000000000e+04
1.111600000000000000e+04
1.116200000000000000e+04
1.096400000000000000e+04
1.084000000000000000e+04
1.107300000000000000e+04
1.096800000000000000e+04
1.081500000000000000e+04
1.077900000000000000e+04
1.065000000000000000e+04
1.066900000000000000e+04
1.066800000000000000e+04
1.059200000000000000e+04
1.039300000000000000e+04
1.061000000000000000e+04
1.034200000000000000e+04
1.039700000000000000e+04
1.007900000000000000e+04
1.014300000000000000e+04
1.011700000000000000e+04
1.009900000000000000e+04
9.990000000000000000e+03
1.004200000000000000e+04
9.914000000000000000e+03
9.920000000000000000e+03
9.854000000000000000e+03
9.924000000000000000e+03
9.726000000000000000e+03
9.611000000000000000e+03
9.689000000000000000e+03
9.656000000000000000e+03
9.499000000000000000e+03
9.557000000000000000e+03
9.229000000000000000e+03
9.364000000000000000e+03
9.320000000000000000e+03
9.231000000000000000e+03
9.308000000000000000e+03
9.304000000000000000e+03
9.321000000000000000e+03
9.204000000000000000e+03
9.013000000000000000e+03
9.039000000000000000e+03
9.105000000000000000e+03
9.090000000000000000e+03
8.767000000000000000e+03
8.952000000000000000e+03
8.852000000000000000e+03
8.856000000000000000e+03
8.790000000000000000e+03
8.718000000000000000e+03
8.771000000000000000e+03
8.760000000000000000e+03
8.542000000000000000e+03
8.458000000000000000e+03
8.390000000000000000e+03
8.330000000000000000e+03
8.477000000000000000e+03
8.589000000000000000e+03
8.212000000000000000e+03
8.428000000000000000e+03
8.172000000000000000e+03
8.212000000000000000e+03
8.148000000000000000e+03
8.069000000000000000e+03
8.109000000000000000e+03
8.138000000000000000e+03
8.106000000000000000e+03
8.188000000000000000e+03
7.998000000000000000e+03
7.889000000000000000e+03
7.864000000000000000e+03
7.827000000000000000e+03
7.934000000000000000e+03
7.926000000000000000e+03
7.727000000000000000e+03
7.825000000000000000e+03
7.626000000000000000e+03
7.813000000000000000e+03
7.585000000000000000e+03
7.556000000000000000e+03
7.524000000000000000e+03
7.592000000000000000e+03
7.637000000000000000e+03
7.470000000000000000e+03
7.419000000000000000e+03
7.421000000000000000e+03
7.549000000000000000e+03
7.356000000000000000e+03
7.424000000000000000e+03
7.544000000000000000e+03
7.151000000000000000e+03
7.324000000000000000e+03
7.133000000000000000e+03
7.245000000000000000e+03
7.188000000000000000e+03
7.082000000000000000e+03
7.134000000000000000e+03
7.298000000000000000e+03
6.954000000000000000e+03
7.127000000000000000e+03
7.000000000000000000e+03
6.872000000000000000e+03
6.964000000000000000e+03
6.901000000000000000e+03
6.718000000000000000e+03
6.908000000000000000e+03
6.801000000000000000e+03
6.676000000000000000e+03
6.771000000000000000e+03
6.857000000000000000e+03
6.692000000000000000e+03
6.722000000000000000e+03
6.742000000000000000e+03
6.682000000000000000e+03
6.564000000000000000e+03
6.595000000000000000e+03
6.488000000000000000e+03
6.519000000000000000e+03
6.474000000000000000e+03
6.540000000000000000e+03
6.427000000000000000e+03
6.428000000000000000e+03
6.377000000000000000e+03
6.442000000000000000e+03
6.423000000000000000e+03
6.347000000000000000e+03
