6.285000000000000000e+03
6.311000000000000000e+03
6.262000000000000000e+03
6.429000000000000000e+03
6.551000000000000000e+03
6.332000000000000000e+03
6.473000000000000000e+03
6.525000000000000000e+03
6.559000000000000000e+03
6.569000000000000000e+03
6.603000000000000000e+03
6.656000000000000000e+03
6.501000000000000000e+03
6.608000000000000000e+03
6.799000000000000000e+03
6.709000000000000000e+03
6.817000000000000000e+03
6.724000000000000000e+03
6.804000000000000000e+03
6.966000000000000000e+03
6.963000000000000000e+03
6.826000000000000000e+03
6.829000000000000000e+03
6.850000000000000000e+03
6.879000000000000000e+03
7.057000000000000000e+03
7.028000000000000000e+03
6.980000000000000000e+03
7.155000000000000000e+03
7.024000000000000000e+03
7.181000000000000000e+03
7.146000000000000000e+03
7.223000000000000000e+03
7.253000000000000000e+03
7.320000000000000000e+03
7.132000000000000000e+03
7.135000000000000000e+03
7.459000000000000000e+03
7.250000000000000000e+03
7.484000000000000000e+03
7.444000000000000000e+03
7.442000000000000000e+03
7.532000000000000000e+03
7.613000000000000000e+03
7.603000000000000000e+03
7.554000000000000000e+03
7.524000000000000000e+03
7.582000000000000000e+03
7.821000000000000000e+03
7.691000000000000000e+03
7.979000000000000000e+03
7.784000000000000000e+03
7.933000000000000000e+03
7.881000000000000000e+03
7.895000000000000000e+03
7.922000000000000000e+03
7.901000000000000000e+03
7.947000000000000000e+03
8.059000000000000000e+03
8.163000000000000000e+03
8.149000000000000000e+03
8.027000000000000000e+03
8.205000000000000000e+03
8.249000000000000000e+03
8.271000000000000000e+03
8.360000000000000000e+03
8.353000000000000000e+03
8.409000000000000000e+03
8.444000000000000000e+03
8.509000000000000000e+03
8.544000000000000000e+03
8.446000000000000000e+03
8.545000000000000000e+03
8.788000000000000000e+03
8.667000000000000000e+03
8.714000000000000000e+03
8.811000000000000000e+03
8.760000000000000000e+03
8.850000000000000000e+03
8.950000000000000000e+03
8.780000000000000000e+03
9.232000000000000000e+03
9.180000000000000000e+03
8.994000000000000000e+03
9.037000000000000000e+03
9.142000000000000000e+03
9.128000000000000000e+03
9.357000000000000000e+03
9.213000000000000000e+03
9.351000000000000000e+03
9.374000000000000000e+03
9.385000000000000000e+03
9.353000000000000000e+03
9.412000000000000000e+03
9.605000000000000000e+03
9.649000000000000000e+03
9.502000000000000000e+03
9.614000000000000000e+03
9.783000000000000000e+03
9.668000000000000000e+03
9.837000000000000000e+03
9.898000000000000000e+03
9.878000000000000000e+03
1.007800000000000000e+04
9.952000000000000000e+03
1.014600000000000000e+04
1.006800000000000000e+04
1.017800000000000000e+04
1.017900000000000000e+04
1.028800000000000000e+04
1.038500000000000000e+04
1.027700000000000000e+04
1.036800000000000000e+04
1.043700000000000000e+04
1.062600000000000000e+04
1.057400000000000000e+04
1.055900000000000000e+04
1.077300000000000000e+04
1.089400000000000000e+04
1.072500000000000000e+04
1.077500000000000000e+04
1.075700000000000000e+04
1.088500000000000000e+04
1.094600000000000000e+04
1.104600000000000000e+04
1.132900000000000000e+04
1.118200000000000000e+04
1.097600000000000000e+04
1.146400000000000000e+04
1.127500000000000000e+04
1.145900000000000000e+04
1.149100000000000000e+04
1.172600000000000000e+04
1.165600000000000000e+04
1.164800000000000000e+04
1.155000000000000000e+04
1.177900000000000000e+04
1.203600000000000000e+04
1.185700000000000000e+04
1.206700000000000000e+04
1.231700000000000000e+04
1.198500000000000000e+04
1.220200000000000000e+04
1.213900000000000000e+04
1.236000000000000000e+04
1.244100000000000000e+04
1.230800000000000000e+04
1.257100000000000000e+04
1.264500000000000000e+04
1.264400000000000000e+04
1.293200000000000000e+04
1.294600000000000000e+04
1.298400000000000000e+04
1.277400000000000000e+04
1.313800000000000000e+04
1.292200000000000000e+04
1.332000000000000000e+04
1.337800000000000000e+04
1.327100000000000000e+04
1.345100000000000000e+04
1.346300000000000000e+04
1.362100000000000000e+04
1.362000000000000000e+04
1.379100000000000000e+04
1.385100000000000000e+04
1.390600000000000000e+04
1.367300000000000000e+04
1.408800000000000000e+04
1.412100000000000000e+04
1.415200000000000000e+04
1.452000000000000000e+04
1.440400000000000000e+04
1.459800000000000000e+04
1.442100000000000000e+04
1.491800000000000000e+04
1.455700000000000000e+04
1.494200000000000000e+04
1.501100000000000000e+04
1.511300000000000000e+04
1.527100000000000000e+04
1.543600000000000000e+04
1.533100000000000000e+04
1.548800000000000000e+04
1.543300000000000000e+04
1.562000000000000000e+04
1.545500000000000000e+04
1.581100000000000000e+04
1.575300000000000000e+04
1.606200000000000000e+04
1.593300000000000000e+04
1.612100000000000000e+04
1.646400000000000000e+04
1.641200000000000000e+04
1.640700000000000000e+04
1.665600000000000000e+04
1.682200000000000000e+04
1.679100000000000000e+04
1.693400000000000000e+04
1.689700000000000000e+04
1.689500000000000000e+04
1.719100000000000000e+04
1.751300000000000000e+04
1.747300000000000000e+04
1.765900000000000000e+04
1.767500000000000000e+04
1.800000000000000000e+04
1.807600000000000000e+04
1.809500000000000000e+04
1.830800000000000000e+04
1.824000000000000000e+04
1.861400000000000000e+04
1.858600000000000000e+04
1.856900000000000000e+04
1.887900000000000000e+04
1.899800000000000000e+04
1.886700000000000000e+04
1.949200000000000000e+04
1.926700000000000000e+04
1.950900000000000000e+04
1.950200000000000000e+04
1.973200000000000000e+04
1.970400000000000000e+04
2.007800000000000000e+04
2.024800000000000000e+04
2.041000000000000000e+04
2.038800000000000000e+04
2.038000000000000000e+04
2.053800000000000000e+04
2.091200000000000000e+04
2.115800000000000000e+04
2.090100000000000000e+04
2.127200000000000000e+04
2.146700000000000000e+04
2.162900000000000000e+04
2.204500000000000000e+04
2.217700000000000000e+04
2.216500000000000000e+04
2.240300000000000000e+04
2.252100000000000000e+04
2.285200000000000000e+04
2.280600000000000000e+04
2.275700000000000000e+04
2.292600000000000000e+04
2.324600000000000000e+04
2.352500000000000000e+04
2.392800000000000000e+04
2.376200000000000000e+04
2.398400000000000000e+04
2.444500000000000000e+04
2.442400000000000000e+04
2.434000000000000000e+04
2.483400000000000000e+04
2.501300000000000000e+04
2.552900000000000000e+04
2.522100000000000000e+04
2.563300000000000000e+04
2.593600000000000000e+04
2.579500000000000000e+04
2.617500000000000000e+04
2.649400000000000000e+04
2.654100000000000000e+04
2.667100000000000000e+04
2.683000000000000000e+04
2.729600000000000000e+04
2.726600000000000000e+04
2.778300000000000000e+04
2.805300000000000000e+04
2.805600000000000000e+04
2.801800000000000000e+04
2.852100000000000000e+04
2.875000000000000000e+04
2.888800000000000000e+04
2.944100000000000000e+04
2.945600000000000000e+04
2.976100000000000000e+04
3.007700000000000000e+04
3.031600000000000000e+04
3.061800000000000000e+04
3.082200000000000000e+04
3.113400000000000000e+04
3.144700000000000000e+04
3.164800000000000000e+04
3.222800000000000000e+04
3.214500000000000000e+04
3.233000000000000000e+04
3.287800000000000000e+04
3.291900000000000000e+04
3.352400000000000000e+04
3.394500000000000000e+04
3.394900000000000000e+04
3.420000000000000000e+04
3.437800000000000000e+04
3.489200000000000000e+04
3.530900000000000000e+04
3.546000000000000000e+04
3.573400000000000000e+04
3.643900000000000000e+04
3.654100000000000000e+04
3.715100000000000000e+04
3.759400000000000000e+04
3.748700000000000000e+04
3.798200000000000000e+04
3.825800000000000000e+04
3.885200000000000000e+04
3.904700000000000000e+04
3.945200000000000000e+04
4.013000000000000000e+04
4.033200000000000000e+04
4.019400000000000000e+04
4.117300000000000000e+04
4.174100000000000000e+04
4.186200000000000000e+04
4.205200000000000000e+04
4.254100000000000000e+04
4.308000000000000000e+04
4.347400000000000000e+04
4.389400000000000000e+04
4.488800000000000000e+04
4.485400000000000000e+04
4.510400000000000000e+04
4.539300000000000000e+04
4.654600000000000000e+04
4.660900000000000000e+04
4.708500000000000000e+04
4.804200000000000000e+04
4.835800000000000000e+04
4.868400000000000000e+04
4.940200000000000000e+04
4.976600000000000000e+04
5.028900000000000000e+04
5.092600000000000000e+04
5.142800000000000000e+04
5.209600000000000000e+04
5.271800000000000000e+04
5.339900000000000000e+04
5.392800000000000000e+04
5.430500000000000000e+04
5.545600000000000000e+04
5.568300000000000000e+04
5.648400000000000000e+04
5.690800000000000000e+04
5.817900000000000000e+04
5.835600000000000000e+04
5.910000000000000000e+04
5.944500000000000000e+04
6.027600000000000000e+04
6.078200000000000000e+04
6.177300000000000000e+04
6.240100000000000000e+04
6.319000000000000000e+04
6.421900000000000000e+04
6.490100000000000000e+04
6.559800000000000000e+04
6.669800000000000000e+04
6.746700000000000000e+04
6.809600000000000000e+04
6.886000000000000000e+04
7.021100000000000000e+04
7.039300000000000000e+04
7.225200000000000000e+04
7.238600000000000000e+04
7.331000000000000000e+04
7.426200000000000000e+04
7.500200000000000000e+04
7.637100000000000000e+04
7.714500000000000000e+04
7.856000000000000000e+04
7.930200000000000000e+04
8.008300000000000000e+04
8.126900000000000000e+04
8.259200000000000000e+04
8.387700000000000000e+04
8.477500000000000000e+04
8.612700000000000000e+04
8.745400000000000000e+04
8.777400000000000000e+04
8.969500000000000000e+04
9.057500000000000000e+04
9.238600000000000000e+04
9.299300000000000000e+04
9.508200000000000000e+04
9.624100000000000000e+04
9.727200000000000000e+04
9.950000000000000000e+04
1.004210000000000000e+05
1.022360000000000000e+05
1.038310000000000000e+05
1.045870000000000000e+05
1.066280000000000000e+05
1.082730000000000000e+05
1.100890000000000000e+05
1.116470000000000000e+05
1.136270000000000000e+05
1.144070000000000000e+05
1.170570000000000000e+05
1.187430000000000000e+05
1.204350000000000000e+05
1.223730000000000000e+05
1.239150000000000000e+05
1.259810000000000000e+05
1.285590000000000000e+05
1.305510000000000000e+05
1.320710000000000000e+05
1.343290000000000000e+05
1.366580000000000000e+05
1.398130000000000000e+05
1.414560000000000000e+05
1.436300000000000000e+05
1.466460000000000000e+05
1.486430000000000000e+05
1.520620000000000000e+05
1.539050000000000000e+05
1.567490000000000000e+05
1.595730000000000000e+05
1.620710000000000000e+05
1.654510000000000000e+05
1.677530000000000000e+05
1.711520000000000000e+05
1.738050000000000000e+05
1.770400000000000000e+05
1.807160000000000000e+05
1.833670000000000000e+05
1.877210000000000000e+05
1.905260000000000000e+05
1.937320000000000000e+05
1.975110000000000000e+05
2.024770000000000000e+05
2.046550000000000000e+05
2.094510000000000000e+05
2.125980000000000000e+05
2.165640000000000000e+05
2.211340000000000000e+05
2.251750000000000000e+05
2.303090000000000000e+05
2.348090000000000000e+05
2.391170000000000000e+05
2.439130000000000000e+05
2.483020000000000000e+05
2.520790000000000000e+05
2.587710000000000000e+05
2.637090000000000000e+05
2.685390000000000000e+05
2.746240000000000000e+05
2.802030000000000000e+05
2.847610000000000000e+05
2.915890000000000000e+05
2.972100000000000000e+05
3.029030000000000000e+05
3.080630000000000000e+05
3.143940000000000000e+05
3.216630000000000000e+05
3.277120000000000000e+05
3.351660000000000000e+05
3.412560000000000000e+05
3.474960000000000000e+05
3.557690000000000000e+05
3.629960000000000000e+05
3.700600000000000000e+05
3.767430000000000000e+05
3.848480000000000000e+05
3.923080000000000000e+05
3.993830000000000000e+05
4.068800000000000000e+05
4.139580000000000000e+05
4.227570000000000000e+05
4.313020000000000000e+05
4.389480000000000000e+05
4.477020000000000000e+05
4.552800000000000000e+05
4.630820000000000000e+05
4.715680000000000000e+05
4.797930000000000000e+05
4.876870000000000000e+05
4.982730000000000000e+05
5.038950000000000000e+05
5.126290000000000000e+05
5.217550000000000000e+05
5.281380000000000000e+05
5.379590000000000000e+05
5.445850000000000000e+05
5.528650000000000000e+05
5.600500000000000000e+05
5.673910000000000000e+05
5.741780000000000000e+05
5.796100000000000000e+05
5.873870000000000000e+05
5.935190000000000000e+05
6.001900000000000000e+05
6.051880000000000000e+05
6.089360000000000000e+05
6.151270000000000000e+05
6.193320000000000000e+05
6.230880000000000000e+05
6.263900000000000000e+05
6.283720000000000000e+05
6.319490000000000000e+05
6.329730000000000000e+05
6.337900000000000000e+05
6.364920000000000000e+05
6.366750000000000000e+05
6.367750000000000000e+05
6.356620000000000000e+05
6.353830000000000000e+05
6.339950000000000000e+05
6.322000000000000000e+05
6.292870000000000000e+05
6.262110000000000000e+05
6.244690000000000000e+05
6.190690000000000000e+05
6.135310000000000000e+05
6.085360000000000000e+05
6.031900000000000000e+05
5.992110000000000000e+05
5.941060000000000000e+05
5.886310000000000000e+05
5.813060000000000000e+05
5.735160000000000000e+05
5.667810000000000000e+05
5.590840000000000000e+05
5.529120000000000000e+05
5.436220000000000000e+05
5.379890000000000000e+05
5.294290000000000000e+05
5.214730000000000000e+05
5.129550000000000000e+05
5.050520000000000000e+05
4.973000000000000000e+05
4.891380000000000000e+05
4.817000000000000000e+05
4.724030000000000000e+05
4.642490000000000000e+05
4.564350000000000000e+05
4.489040000000000000e+05
4.393700000000000000e+05
4.312750000000000000e+05
4.233610000000000000e+05
4.156070000000000000e+05
4.062200000000000000e+05
3.998120000000000000e+05
3.912000000000000000e+05
3.846250000000000000e+05
3.763140000000000000e+05
3.691500000000000000e+05
3.619630000000000000e+05
3.543490000000000000e+05
3.486280000000000000e+05
3.414570000000000000e+05
3.335440000000000000e+05
3.278820000000000000e+05
3.213560000000000000e+05
3.156680000000000000e+05
3.091580000000000000e+05
3.027070000000000000e+05
2.960800000000000000e+05
2.913390000000000000e+05
2.846340000000000000e+05
2.792850000000000000e+05
2.734300000000000000e+05
2.687600000000000000e+05
2.638550000000000000e+05
2.581690000000000000e+05
2.529190000000000000e+05
2.489840000000000000e+05
2.441830000000000000e+05
2.390240000000000000e+05
2.345030000000000000e+05
2.310580000000000000e+05
2.253070000000000000e+05
2.212110000000000000e+05
2.166940000000000000e+05
2.138490000000000000e+05
2.094460000000000000e+05
2.055960000000000000e+05
2.006660000000000000e+05
1.972040000000000000e+05
1.935840000000000000e+05
1.904030000000000000e+05
1.870910000000000000e+05
1.840190000000000000e+05
1.803970000000000000e+05
1.772870000000000000e+05
1.741730000000000000e+05
1.712470000000000000e+05
1.683410000000000000e+05
1.645730000000000000e+05
1.617720000000000000e+05
1.589730000000000000e+05
1.570270000000000000e+05
1.545740000000000000e+05
1.511910000000000000e+05
1.489820000000000000e+05
1.461380000000000000e+05
1.442460000000000000e+05
1.414920000000000000e+05
1.394870000000000000e+05
1.367400000000000000e+05
1.346770000000000000e+05
1.327490000000000000e+05
1.305650000000000000e+05
1.284380000000000000e+05
1.265600000000000000e+05
1.243680000000000000e+05
1.225710000000000000e+05
1.203710000000000000e+05
1.182260000000000000e+05
1.166710000000000000e+05
1.150020000000000000e+05
1.130750000000000000e+05
1.111110000000000000e+05
1.099640000000000000e+05
1.081350000000000000e+05
1.062690000000000000e+05
1.049040000000000000e+05
1.035760000000000000e+05
1.019980000000000000e+05
1.008490000000000000e+05
9.910300000000000000e+04
9.785400000000000000e+04
9.607800000000000000e+04
9.452500000000000000e+04
9.345000000000000000e+04
9.194300000000000000e+04
9.111400000000000000e+04
8.980000000000000000e+04
8.833900000000000000e+04
8.699500000000000000e+04
8.616000000000000000e+04
8.541400000000000000e+04
8.420600000000000000e+04
8.296300000000000000e+04
8.157800000000000000e+04
8.026200000000000000e+04
7.935500000000000000e+04
7.854400000000000000e+04
7.763200000000000000e+04
7.596200000000000000e+04
7.588200000000000000e+04
7.426400000000000000e+04
7.335900000000000000e+04
7.246600000000000000e+04
7.139600000000000000e+04
7.153400000000000000e+04
6.984300000000000000e+04
6.907000000000000000e+04
6.818500000000000000e+04
6.721800000000000000e+04
6.620500000000000000e+04
6.520800000000000000e+04
6.498800000000000000e+04
6.408100000000000000e+04
6.320400000000000000e+04
6.222400000000000000e+04
6.140600000000000000e+04
6.062700000000000000e+04
6.061700000000000000e+04
5.995700000000000000e+04
5.873200000000000000e+04
5.843100000000000000e+04
5.797000000000000000e+04
5.689500000000000000e+04
5.596400000000000000e+04
5.605500000000000000e+04
5.540100000000000000e+04
5.460700000000000000e+04
5.407600000000000000e+04
5.304400000000000000e+04
5.236000000000000000e+04
5.190100000000000000e+04
5.158900000000000000e+04
5.112900000000000000e+04
5.011800000000000000e+04
4.996300000000000000e+04
4.930300000000000000e+04
4.899000000000000000e+04
4.837100000000000000e+04
4.780200000000000000e+04
4.755400000000000000e+04
4.672900000000000000e+04
4.597800000000000000e+04
4.600200000000000000e+04
4.546400000000000000e+04
4.507700000000000000e+04
4.457800000000000000e+04
4.408600000000000000e+04
4.356100000000000000e+04
4.291700000000000000e+04
4.273800000000000000e+04
4.215300000000000000e+04
4.192900000000000000e+04
4.161500000000000000e+04
4.096400000000000000e+04
4.062400000000000000e+04
4.046600000000000000e+04
3.975100000000000000e+04
3.935500000000000000e+04
3.934500000000000000e+04
3.903100000000000000e+04
3.832100000000000000e+04
3.807600000000000000e+04
3.781700000000000000e+04
3.704400000000000000e+04
3.688900000000000000e+04
3.716400000000000000e+04
3.656000000000000000e+04
3.571600000000000000e+04
3.553500000000000000e+04
3.523000000000000000e+04
3.530400000000000000e+04
3.476800000000000000e+04
3.443100000000000000e+04
3.398400000000000000e+04
3.390600000000000000e+04
3.303200000000000000e+04
3.318200000000000000e+04
3.270900000000000000e+04
3.271200000000000000e+04
3.218600000000000000e+04
3.191200000000000000e+04
3.138800000000000000e+04
3.146400000000000000e+04
3.121500000000000000e+04
3.073100000000000000e+04
3.077200000000000000e+04
3.034400000000000000e+04
3.059700000000000000e+04
2.987300000000000000e+04
2.952900000000000000e+04
2.957900000000000000e+04
2.923600000000000000e+04
2.908200000000000000e+04
2.871800000000000000e+04
2.817300000000000000e+04
2.832600000000000000e+04
2.792900000000000000e+04
2.754000000000000000e+04
2.754000000000000000e+04
2.735300000000000000e+04
2.725900000000000000e+04
2.669400000000000000e+04
2.663100000000000000e+04
2.608400000000000000e+04
2.635200000000000000e+04
2.566500000000000000e+04
2.566200000000000000e+04
2.563900000000000000e+04
2.531600000000000000e+04
2.509900000000000000e+04
2.494400000000000000e+04
2.467100000000000000e+04
2.428900000000000000e+04
2.455600000000000000e+04
2.426400000000000000e+04
2.410400000000000000e+04
2.389900000000000000e+04
2.393600000000000000e+04
2.344300000000000000e+04
2.329300000000000000e+04
2.319000000000000000e+04
2.307700000000000000e+04
2.252400000000000000e+04
2.255900000000000000e+04
2.245900000000000000e+04
2.226000000000000000e+04
2.221900000000000000e+04
2.208900000000000000e+04
2.172800000000000000e+04
2.158600000000000000e+04
2.150800000000000000e+04
2.131300000000000000e+04
2.127100000000000000e+04
2.108600000000000000e+04
2.117100000000000000e+04
2.104000000000000000e+04
2.027000000000000000e+04
2.035200000000000000e+04
2.018000000000000000e+04
2.008600000000000000e+04
2.011400000000000000e+04
1.988400000000000000e+04
1.967200000000000000e+04
1.942700000000000000e+04
1.941100000000000000e+04
1.981800000000000000e+04
1.912400000000000000e+04
1.880600000000000000e+04
1.905600000000000000e+04
1.885100000000000000e+04
1.852700000000000000e+04
1.853400000000000000e+04
1.870300000000000000e+04
1.843800000000000000e+04
1.834800000000000000e+04
1.802600000000000000e+04
1.807400000000000000e+04
1.780900000000000000e+04
1.770500000000000000e+04
1.778900000000000000e+04
1.751600000000000000e+04
1.756700000000000000e+04
1.716400000000000000e+04
1.702300000000000000e+04
1.707000000000000000e+04
1.689000000000000000e+04
1.704500000000000000e+04
1.684100000000000000e+04
1.684900000000000000e+04
1.639000000000000000e+04
1.639500000000000000e+04
1.652000000000000000e+04
1.626200000000000000e+04
1.607700000000000000e+04
1.606800000000000000e+04
1.586700000000000000e+04
1.572200000000000000e+04
1.568400000000000000e+04
1.549900000000000000e+04
1.548000000000000000e+04
1.513600000000000000e+04
1.524700000000000000e+04
1.520800000000000000e+04
1.511600000000000000e+04
1.515700000000000000e+04
1.497200000000000000e+04
1.465800000000000000e+04
1.464800000000000000e+04
1.475900000000000000e+04
1.471200000000000000e+04
1.430900000000000000e+04
1.434400000000000000e+04
1.451300000000000000e+04
1.401600000000000000e+04
1.432700000000000000e+04
1.434200000000000000e+04
1.402600000000000000e+04
1.384900000000000000e+04
1.389200000000000000e+04
1.377200000000000000e+04
1.356700000000000000e+04
1.350600000000000000e+04
1.325000000000000000e+04
1.355200000000000000e+04
1.303100000000000000e+04
1.318300000000000000e+04
1.328400000000000000e+04
1.288300000000000000e+04
1.291200000000000000e+04
1.273500000000000000e+04
1.290400000000000000e+04
1.267700000000000000e+04
1.287100000000000000e+04
1.254800000000000000e+04
1.274600000000000000e+04
1.271300000000000000e+04
1.241000000000000000e+04
1.252400000000000000e+04
1.233300000000000000e+04
1.237200000000000000e+04
1.211900000000000000e+04
1.233900000000000000e+04
1.204100000000000000e+04
1.222700000000000000e+04
1.174400000000000000e+04
1.188700000000000000e+04
1.171800000000000000e+04
1.175800000000000000e+04
1.163800000000000000e+04
1.161000000000000000e+04
1.164600000000000000e+04
1.154200000000000000e+04
1.137800000000000000e+04
1.136000000000000000e+04
1.140200000000000000e+04
1.135400000000000000e+04
1.150200000000000000e+04
1.092800000000000000e+04
1.115200000000000000e+04
1.106200000000000000e+04
1.104500000000000000e+04
1.097100000000000000e+04
1.097300000000000000e+04
1.083700000000000000e+04
1.093700000000000000e+04
1.061400000000000000e+04
1.050200000000000000e+04
1.069600000000000000e+04
1.033900000000000000e+04
1.028200000000000000e+04
1.051900000000000000e+04
1.059800000000000000e+04
1.020800000000000000e+04
1.026700000000000000e+04
1.027600000000000000e+04
1.009900000000000000e+04
1.016000000000000000e+04
9.999000000000000000e+03
1.006500000000000000e+04
1.003300000000000000e+04
9.726000000000000000e+03
9.937000000000000000e+03
9.619000000000000000e+03
9.992000000000000000e+03
9.635000000000000000e+03
9.769000000000000000e+03
9.657000000000000000e+03
9.440000000000000000e+03
9.399000000000000000e+03
9.487000000000000000e+03
9.234000000000000000e+03
9.232000000000000000e+03
9.360000000000000000e+03
9.128000000000000000e+03
9.184000000000000000e+03
9.101000000000000000e+03
9.169000000000000000e+03
9.129000000000000000e+03
9.024000000000000000e+03
9.054000000000000000e+03
9.093000000000000000e+03
9.155000000000000000e+03
8.901000000000000000e+03
8.844000000000000000e+03
8.857000000000000000e+03
8.727000000000000000e+03
8.740000000000000000e+03
8.584000000000000000e+03
8.640000000000000000e+03
8.609000000000000000e+03
8.525000000000000000e+03
8.370000000000000000e+03
8.555000000000000000e+03
8.495000000000000000e+03
8.545000000000000000e+03
8.446000000000000000e+03
8.320000000000000000e+03
8.397000000000000000e+03
8.314000000000000000e+03
8.252000000000000000e+03
8.294000000000000000e+03
8.109000000000000000e+03
8.166000000000000000e+03
7.927000000000000000e+03
8.141000000000000000e+03
7.952000000000000000e+03
8.066000000000000000e+03
7.944000000000000000e+03
8.137000000000000000e+03
7.895000000000000000e+03
7.816000000000000000e+03
7.814000000000000000e+03
7.769000000000000000e+03
7.928000000000000000e+03
7.730000000000000000e+03
7.688000000000000000e+03
7.567000000000000000e+03
7.507000000000000000e+03
7.597000000000000000e+03
7.446000000000000000e+03
7.432000000000000000e+03
7.524000000000000000e+03
7.493000000000000000e+03
7.391000000000000000e+03
7.333000000000000000e+03
7.439000000000000000e+03
7.437000000000000000e+03
7.430000000000000000e+03
7.131000000000000000e+03
7.218000000000000000e+03
7.166000000000000000e+03
7.138000000000000000e+03
7.151000000000000000e+03
7.052000000000000000e+03
7.190000000000000000e+03
6.971000000000000000e+03
6.935000000000000000e+03
7.077000000000000000e+03
6.922000000000000000e+03
6.887000000000000000e+03
6.874000000000000000e+03
6.880000000000000000e+03
6.738000000000000000e+03
7.022000000000000000e+03
6.846000000000000000e+03
6.718000000000000000e+03
6.653000000000000000e+03
6.790000000000000000e+03
6.831000000000000000e+03
6.696000000000000000e+03
6.481000000000000000e+03
6.529000000000000000e+03
6.482000000000000000e+03
6.646000000000000000e+03
6.552000000000000000e+03
6.525000000000000000e+03
6.545000000000000000e+03
6.311000000000000000e+03
6.581000000000000000e+03
6.369000000000000000e+03
6.372000000000000000e+03
6.270000000000000000e+03
6.206000000000000000e+03
