6.299000000000000000e+03
6.371000000000000000e+03
6.500000000000000000e+03
6.321000000000000000e+03
6.519000000000000000e+03
6.392000000000000000e+03
6.616000000000000000e+03
6.460000000000000000e+03
6.552000000000000000e+03
6.580000000000000000e+03
6.565000000000000000e+03
6.596000000000000000e+03
6.588000000000000000e+03
6.643000000000000000e+03
6.670000000000000000e+03
6.550000000000000000e+03
6.736000000000000000e+03
6.786000000000000000e+03
6.779000000000000000e+03
6.898000000000000000e+03
6.680000000000000000e+03
7.059000000000000000e+03
6.944000000000000000e+03
6.831000000000000000e+03
6.885000000000000000e+03
7.129000000000000000e+03
7.094000000000000000e+03
7.035000000000000000e+03
6.992000000000000000e+03
7.037000000000000000e+03
7.112000000000000000e+03
7.262000000000000000e+03
7.147000000000000000e+03
7.320000000000000000e+03
7.217000000000000000e+03
7.311000000000000000e+03
7.297000000000000000e+03
7.348000000000000000e+03
7.330000000000000000e+03
7.404000000000000000e+03
7.409000000000000000e+03
7.437000000000000000e+03
7.441000000000000000e+03
7.653000000000000000e+03
7.619000000000000000e+03
7.463000000000000000e+03
7.612000000000000000e+03
7.675000000000000000e+03
7.527000000000000000e+03
7.706000000000000000e+03
7.737000000000000000e+03
7.742000000000000000e+03
7.947000000000000000e+03
7.763000000000000000e+03
7.805000000000000000e+03
7.688000000000000000e+03
8.012000000000000000e+03
7.930000000000000000e+03
8.210000000000000000e+03
8.124000000000000000e+03
8.299000000000000000e+03
8.254000000000000000e+03
8.191000000000000000e+03
8.163000000000000000e+03
8.234000000000000000e+03
8.544000000000000000e+03
8.214000000000000000e+03
8.279000000000000000e+03
8.383000000000000000e+03
8.598000000000000000e+03
8.656000000000000000e+03
8.531000000000000000e+03
8.609000000000000000e+03
8.692000000000000000e+03
8.805000000000000000e+03
8.839000000000000000e+03
8.697000000000000000e+03
8.663000000000000000e+03
8.765000000000000000e+03
8.910000000000000000e+03
8.887000000000000000e+03
9.007000000000000000e+03
8.906000000000000000e+03
8.926000000000000000e+03
9.215000000000000000e+03
8.988000000000000000e+03
9.055000000000000000e+03
9.205000000000000000e+03
9.112000000000000000e+03
9.141000000000000000e+03
9.311000000000000000e+03
9.439000000000000000e+03
9.455000000000000000e+03
9.512000000000000000e+03
9.575000000000000000e+03
9.590000000000000000e+03
9.705000000000000000e+03
9.832000000000000000e+03
9.619000000000000000e+03
9.736000000000000000e+03
9.810000000000000000e+03
9.869000000000000000e+03
1.003400000000000000e+04
1.018000000000000000e+04
1.000700000000000000e+04
1.015800000000000000e+04
1.011800000000000000e+04
1.028300000000000000e+04
9.973000000000000000e+03
1.036200000000000000e+04
1.039500000000000000e+04
1.032500000000000000e+04
1.049200000000000000e+04
1.056300000000000000e+04
1.044500000000000000e+04
1.053900000000000000e+04
1.077900000000000000e+04
1.071500000000000000e+04
1.068700000000000000e+04
1.086800000000000000e+04
1.076700000000000000e+04
1.095400000000000000e+04
1.093200000000000000e+04
1.095300000000000000e+04
1.116200000000000000e+04
1.105900000000000000e+04
1.134200000000000000e+04
1.110300000000000000e+04
1.147900000000000000e+04
1.122600000000000000e+04
1.133100000000000000e+04
1.174900000000000000e+04
1.168700000000000000e+04
1.163300000000000000e+04
1.164800000000000000e+04
1.181000000000000000e+04
1.192900000000000000e+04
1.177000000000000000e+04
1.205000000000000000e+04
1.213000000000000000e+04
1.214900000000000000e+04
1.209000000000000000e+04
1.228600000000000000e+04
1.223400000000000000e+04
1.228300000000000000e+04
1.240600000000000000e+04
1.230500000000000000e+04
1.264200000000000000e+04
1.254000000000000000e+04
1.267900000000000000e+04
1.279800000000000000e+04
1.274300000000000000e+04
1.298800000000000000e+04
1.299700000000000000e+04
1.304700000000000000e+04
1.330800000000000000e+04
1.331800000000000000e+04
1.337200000000000000e+04
1.327600000000000000e+04
1.327600000000000000e+04
1.343900000000000000e+04
1.359200000000000000e+04
1.368000000000000000e+04
1.383300000000000000e+04
1.370300000000000000e+04
1.391000000000000000e+04
1.378400000000000000e+04
1.410800000000000000e+04
1.401100000000000000e+04
1.427000000000000000e+04
1.400500000000000000e+04
1.456900000000000000e+04
1.426100000000000000e+04
1.462600000000000000e+04
1.484800000000000000e+04
1.485200000000000000e+04
1.461400000000000000e+04
1.484700000000000000e+04
1.510100000000000000e+04
1.513400000000000000e+04
1.526000000000000000e+04
1.536800000000000000e+04
1.538900000000000000e+04
1.556400000000000000e+04
1.549400000000000000e+04
1.576600000000000000e+04
1.590700000000000000e+04
1.581200000000000000e+04
1.616300000000000000e+04
1.608200000000000000e+04
1.628400000000000000e+04
1.640600000000000000e+04
1.626200000000000000e+04
1.647500000000000000e+04
1.658300000000000000e+04
1.648900000000000000e+04
1.686100000000000000e+04
1.690800000000000000e+04
1.712700000000000000e+04
1.710200000000000000e+04
1.724500000000000000e+04
1.721900000000000000e+04
1.755100000000000000e+04
1.761700000000000000e+04
1.753800000000000000e+04
1.764700000000000000e+04
1.786400000000000000e+04
1.800000000000000000e+04
1.815900000000000000e+04
1.838700000000000000e+04
1.841200000000000000e+04
1.842500000000000000e+04
1.833600000000000000e+04
1.871500000000000000e+04
1.886000000000000000e+04
1.912500000000000000e+04
1.918400000000000000e+04
1.944800000000000000e+04
1.946000000000000000e+04
1.958600000000000000e+04
1.965800000000000000e+04
1.995400000000000000e+04
1.983400000000000000e+04
2.047300000000000000e+04
2.037400000000000000e+04
2.037700000000000000e+04
2.047700000000000000e+04
2.065800000000000000e+04
2.103800000000000000e+04
2.096100000000000000e+04
2.095900000000000000e+04
2.124000000000000000e+04
2.160400000000000000e+04
2.191500000000000000e+04
2.160300000000000000e+04
2.210200000000000000e+04
2.239500000000000000e+04
2.237500000000000000e+04
2.252500000000000000e+04
2.233200000000000000e+04
2.274600000000000000e+04
2.301300000000000000e+04
2.319400000000000000e+04
2.336300000000000000e+04
2.353400000000000000e+04
2.343400000000000000e+04
2.400100000000000000e+04
2.397500000000000000e+04
2.422300000000000000e+04
2.445700000000000000e+04
2.460300000000000000e+04
2.478100000000000000e+04
2.503300000000000000e+04
2.485300000000000000e+04
2.511700000000000000e+04
2.573100000000000000e+04
2.559600000000000000e+04
2.622700000000000000e+04
2.637700000000000000e+04
2.622900000000000000e+04
2.648400000000000000e+04
2.686200000000000000e+04
2.705300000000000000e+04
2.715200000000000000e+04
2.727500000000000000e+04
2.776600000000000000e+04
2.783900000000000000e+04
2.781800000000000000e+04
2.839100000000000000e+04
2.857100000000000000e+04
2.853900000000000000e+04
2.905800000000000000e+04
2.932600000000000000e+04
2.949200000000000000e+04
2.977000000000000000e+04
3.011200000000000000e+04
3.045300000000000000e+04
3.040500000000000000e+04
3.118200000000000000e+04
3.114100000000000000e+04
3.115900000000000000e+04
3.166500000000000000e+04
3.188800000000000000e+04
3.236400000000000000e+04
3.226600000000000000e+04
3.273200000000000000e+04
3.287900000000000000e+04
3.336100000000000000e+04
3.396700000000000000e+04
3.374600000000000000e+04
3.440800000000000000e+04
3.487700000000000000e+04
3.516500000000000000e+04
3.525700000000000000e+04
3.546900000000000000e+04
3.603700000000000000e+04
3.633900000000000000e+04
3.677100000000000000e+04
3.654900000000000000e+04
3.765400000000000000e+04
3.794600000000000000e+04
3.808000000000000000e+04
3.819100000000000000e+04
3.885600000000000000e+04
3.905800000000000000e+04
3.932300000000000000e+04
4.002200000000000000e+04
3.986400000000000000e+04
4.053000000000000000e+04
4.060300000000000000e+04
4.160400000000000000e+04
4.191600000000000000e+04
4.244400000000000000e+04
4.270400000000000000e+04
4.318800000000000000e+04
4.334300000000000000e+04
4.380900000000000000e+04
4.448100000000000000e+04
4.482200000000000000e+04
4.542100000000000000e+04
4.587200000000000000e+04
4.635800000000000000e+04
4.656000000000000000e+04
4.717800000000000000e+04
4.732300000000000000e+04
4.831700000000000000e+04
4.871000000000000000e+04
4.902400000000000000e+04
4.957100000000000000e+04
5.058400000000000000e+04
5.106600000000000000e+04
5.143300000000000000e+04
5.214700000000000000e+04
5.282200000000000000e+04
5.325500000000000000e+04
5.412500000000000000e+04
5.441500000000000000e+04
5.535700000000000000e+04
5.562200000000000000e+04
5.567900000000000000e+04
5.727400000000000000e+04
5.742900000000000000e+04
5.828000000000000000e+04
5.880900000000000000e+04
5.984900000000000000e+04
6.040600000000000000e+04
6.126400000000000000e+04
6.192600000000000000e+04
6.265500000000000000e+04
6.297200000000000000e+04
6.443000000000000000e+04
6.497100000000000000e+04
6.594800000000000000e+04
6.642500000000000000e+04
6.692500000000000000e+04
6.791800000000000000e+04
6.902600000000000000e+04
6.993400000000000000e+04
7.043400000000000000e+04
7.161100000000000000e+04
7.261800000000000000e+04
7.326200000000000000e+04
7.395600000000000000e+04
7.534900000000000000e+04
7.607700000000000000e+04
7.741900000000000000e+04
7.855200000000000000e+04
7.917900000000000000e+04
8.042600000000000000e+04
8.122800000000000000e+04
8.263600000000000000e+04
8.338300000000000000e+04
8.468700000000000000e+04
8.591500000000000000e+04
8.667200000000000000e+04
8.815000000000000000e+04
8.991900000000000000e+04
9.018900000000000000e+04
9.244900000000000000e+04
9.407600000000000000e+04
9.471500000000000000e+04
9.645900000000000000e+04
9.736300000000000000e+04
9.921400000000000000e+04
1.006310000000000000e+05
1.022610000000000000e+05
1.041450000000000000e+05
1.051400000000000000e+05
1.066530000000000000e+05
1.079750000000000000e+05
1.103760000000000000e+05
1.114380000000000000e+05
1.130820000000000000e+05
1.147470000000000000e+05
1.164740000000000000e+05
1.187230000000000000e+05
1.206870000000000000e+05
1.227690000000000000e+05
1.241370000000000000e+05
1.263390000000000000e+05
1.283020000000000000e+05
1.303050000000000000e+05
1.321360000000000000e+05
1.348500000000000000e+05
1.372450000000000000e+05
1.393860000000000000e+05
1.414670000000000000e+05
1.440120000000000000e+05
1.460120000000000000e+05
1.485140000000000000e+05
1.514050000000000000e+05
1.537960000000000000e+05
1.567860000000000000e+05
1.592330000000000000e+05
1.615000000000000000e+05
1.651380000000000000e+05
1.682740000000000000e+05
1.710110000000000000e+05
1.744760000000000000e+05
1.771210000000000000e+05
1.798660000000000000e+05
1.835540000000000000e+05
1.873330000000000000e+05
1.908230000000000000e+05
1.940360000000000000e+05
1.980510000000000000e+05
2.014890000000000000e+05
2.046560000000000000e+05
2.084700000000000000e+05
2.129770000000000000e+05
2.172280000000000000e+05
2.215880000000000000e+05
2.258470000000000000e+05
2.303020000000000000e+05
2.347880000000000000e+05
2.389580000000000000e+05
2.437340000000000000e+05
2.478490000000000000e+05
2.532020000000000000e+05
2.583460000000000000e+05
2.635310000000000000e+05
2.689930000000000000e+05
2.743420000000000000e+05
2.790550000000000000e+05
2.855900000000000000e+05
2.908370000000000000e+05
2.970080000000000000e+05
3.023360000000000000e+05
3.092590000000000000e+05
3.151410000000000000e+05
3.210640000000000000e+05
3.274920000000000000e+05
3.343000000000000000e+05
3.412420000000000000e+05
3.479730000000000000e+05
3.553020000000000000e+05
3.621300000000000000e+05
3.700670000000000000e+05
3.767500000000000000e+05
3.846250000000000000e+05
3.929800000000000000e+05
3.988110000000000000e+05
4.078740000000000000e+05
4.155240000000000000e+05
4.239060000000000000e+05
4.320540000000000000e+05
4.405830000000000000e+05
4.468490000000000000e+05
4.551380000000000000e+05
4.645310000000000000e+05
4.712200000000000000e+05
4.796570000000000000e+05
4.887070000000000000e+05
4.987510000000000000e+05
5.053500000000000000e+05
5.154770000000000000e+05
5.210720000000000000e+05
5.293180000000000000e+05
5.374210000000000000e+05
5.458730000000000000e+05
5.526020000000000000e+05
5.591520000000000000e+05
5.678140000000000000e+05
5.750760000000000000e+05
5.796260000000000000e+05
5.879710000000000000e+05
5.933770000000000000e+05
5.984560000000000000e+05
6.044290000000000000e+05
6.098310000000000000e+05
6.139510000000000000e+05
6.185400000000000000e+05
6.222490000000000000e+05
6.270110000000000000e+05
6.289570000000000000e+05
6.302760000000000000e+05
6.326780000000000000e+05
6.359860000000000000e+05
6.360880000000000000e+05
6.359240000000000000e+05
6.369400000000000000e+05
6.364620000000000000e+05
6.355280000000000000e+05
6.333180000000000000e+05
6.318020000000000000e+05
6.279310000000000000e+05
6.270610000000000000e+05
6.215960000000000000e+05
6.183540000000000000e+05
6.142230000000000000e+05
6.085120000000000000e+05
6.036530000000000000e+05
6.003010000000000000e+05
5.947250000000000000e+05
5.879670000000000000e+05
5.793020000000000000e+05
5.734200000000000000e+05
5.670680000000000000e+05
5.600020000000000000e+05
5.520220000000000000e+05
5.437240000000000000e+05
5.365200000000000000e+05
5.293510000000000000e+05
5.211740000000000000e+05
5.135510000000000000e+05
5.050480000000000000e+05
4.966100000000000000e+05
4.882880000000000000e+05
4.795610000000000000e+05
4.713990000000000000e+05
4.642270000000000000e+05
4.564110000000000000e+05
4.460970000000000000e+05
4.390160000000000000e+05
4.316300000000000000e+05
4.235850000000000000e+05
4.156660000000000000e+05
4.080540000000000000e+05
4.007530000000000000e+05
3.917580000000000000e+05
3.834200000000000000e+05
3.769260000000000000e+05
3.696850000000000000e+05
3.623060000000000000e+05
3.545670000000000000e+05
3.481680000000000000e+05
3.411610000000000000e+05
3.355080000000000000e+05
3.275630000000000000e+05
3.217330000000000000e+05
3.150670000000000000e+05
3.085520000000000000e+05
3.032830000000000000e+05
2.963050000000000000e+05
2.913060000000000000e+05
2.851960000000000000e+05
2.795340000000000000e+05
2.733030000000000000e+05
2.692370000000000000e+05
2.634830000000000000e+05
2.593760000000000000e+05
2.533320000000000000e+05
2.482760000000000000e+05
2.442570000000000000e+05
2.392460000000000000e+05
2.356590000000000000e+05
2.303040000000000000e+05
2.256800000000000000e+05
2.206130000000000000e+05
2.183170000000000000e+05
2.130020000000000000e+05
2.086720000000000000e+05
2.054580000000000000e+05
2.022040000000000000e+05
1.976570000000000000e+05
1.933910000000000000e+05
1.907470000000000000e+05
1.870270000000000000e+05
1.843360000000000000e+05
1.802680000000000000e+05
1.771240000000000000e+05
1.736520000000000000e+05
1.707340000000000000e+05
1.687120000000000000e+05
1.651750000000000000e+05
1.625940000000000000e+05
1.594270000000000000e+05
1.569510000000000000e+05
1.542950000000000000e+05
1.508250000000000000e+05
1.492020000000000000e+05
1.466300000000000000e+05
1.435390000000000000e+05
1.415500000000000000e+05
1.398230000000000000e+05
1.369000000000000000e+05
1.346560000000000000e+05
1.325200000000000000e+05
1.303490000000000000e+05
1.278920000000000000e+05
1.263490000000000000e+05
1.252420000000000000e+05
1.227730000000000000e+05
1.200660000000000000e+05
1.186930000000000000e+05
1.164110000000000000e+05
1.150060000000000000e+05
1.134240000000000000e+05
1.118990000000000000e+05
1.095410000000000000e+05
1.079270000000000000e+05
1.065560000000000000e+05
1.050600000000000000e+05
1.037190000000000000e+05
1.023020000000000000e+05
1.003750000000000000e+05
9.929400000000000000e+04
9.803200000000000000e+04
9.628400000000000000e+04
9.496700000000000000e+04
9.382700000000000000e+04
9.200400000000000000e+04
9.107500000000000000e+04
9.003000000000000000e+04
8.803800000000000000e+04
8.698100000000000000e+04
8.588600000000000000e+04
8.512400000000000000e+04
8.393100000000000000e+04
8.279900000000000000e+04
8.116200000000000000e+04
8.014700000000000000e+04
7.938800000000000000e+04
7.841900000000000000e+04
7.713400000000000000e+04
7.662300000000000000e+04
7.563400000000000000e+04
7.403800000000000000e+04
7.317800000000000000e+04
7.272500000000000000e+04
7.146000000000000000e+04
7.040300000000000000e+04
6.907200000000000000e+04
6.879900000000000000e+04
6.810400000000000000e+04
6.729200000000000000e+04
6.651600000000000000e+04
6.551200000000000000e+04
6.497500000000000000e+04
6.348200000000000000e+04
6.347600000000000000e+04
6.259900000000000000e+04
6.174500000000000000e+04
6.134700000000000000e+04
6.031000000000000000e+04
5.971200000000000000e+04
5.900300000000000000e+04
5.832700000000000000e+04
5.751000000000000000e+04
5.714000000000000000e+04
5.660700000000000000e+04
5.563800000000000000e+04
5.508800000000000000e+04
5.425600000000000000e+04
5.414300000000000000e+04
5.322400000000000000e+04
5.260600000000000000e+04
5.235800000000000000e+04
5.134300000000000000e+04
5.124400000000000000e+04
5.017400000000000000e+04
4.958800000000000000e+04
4.935300000000000000e+04
4.873500000000000000e+04
4.858700000000000000e+04
4.749100000000000000e+04
4.753800000000000000e+04
4.682800000000000000e+04
4.630100000000000000e+04
4.599600000000000000e+04
4.535700000000000000e+04
4.476300000000000000e+04
4.478700000000000000e+04
4.413600000000000000e+04
4.359600000000000000e+04
4.293100000000000000e+04
4.266300000000000000e+04
4.235900000000000000e+04
4.175500000000000000e+04
4.116700000000000000e+04
4.112800000000000000e+04
4.082900000000000000e+04
4.036100000000000000e+04
4.010400000000000000e+04
3.926000000000000000e+04
3.862400000000000000e+04
3.839000000000000000e+04
3.839100000000000000e+04
3.800400000000000000e+04
3.758800000000000000e+04
3.725300000000000000e+04
3.676200000000000000e+04
3.659600000000000000e+04
3.610400000000000000e+04
3.612800000000000000e+04
3.529900000000000000e+04
3.494200000000000000e+04
3.500800000000000000e+04
3.456400000000000000e+04
3.416500000000000000e+04
3.398100000000000000e+04
3.387100000000000000e+04
3.332700000000000000e+04
3.316800000000000000e+04
3.284900000000000000e+04
3.234000000000000000e+04
3.206000000000000000e+04
3.207600000000000000e+04
3.189000000000000000e+04
3.142300000000000000e+04
3.134500000000000000e+04
3.107700000000000000e+04
3.056100000000000000e+04
3.021400000000000000e+04
3.020500000000000000e+04
2.986100000000000000e+04
2.974700000000000000e+04
2.948700000000000000e+04
2.886800000000000000e+04
2.889700000000000000e+04
2.850500000000000000e+04
2.847200000000000000e+04
2.838400000000000000e+04
2.798700000000000000e+04
2.759300000000000000e+04
2.782200000000000000e+04
2.751400000000000000e+04
2.714600000000000000e+04
2.677200000000000000e+04
2.652800000000000000e+04
2.649400000000000000e+04
2.607500000000000000e+04
2.595900000000000000e+04
2.551100000000000000e+04
2.584100000000000000e+04
2.550700000000000000e+04
2.489400000000000000e+04
2.477600000000000000e+04
2.493800000000000000e+04
2.462600000000000000e+04
2.451600000000000000e+04
2.430400000000000000e+04
2.415500000000000000e+04
2.397500000000000000e+04
2.356100000000000000e+04
2.350200000000000000e+04
2.333500000000000000e+04
2.274400000000000000e+04
2.290800000000000000e+04
2.274300000000000000e+04
2.271400000000000000e+04
2.261900000000000000e+04
2.235700000000000000e+04
2.202300000000000000e+04
2.204000000000000000e+04
2.179600000000000000e+04
2.182900000000000000e+04
2.177000000000000000e+04
2.147800000000000000e+04
2.118500000000000000e+04
2.104400000000000000e+04
2.078100000000000000e+04
2.102300000000000000e+04
2.057900000000000000e+04
2.038700000000000000e+04
2.017100000000000000e+04
1.995100000000000000e+04
1.991200000000000000e+04
1.992200000000000000e+04
1.969300000000000000e+04
1.972900000000000000e+04
1.950600000000000000e+04
1.937800000000000000e+04
1.929900000000000000e+04
1.906900000000000000e+04
1.875400000000000000e+04
1.876200000000000000e+04
1.867800000000000000e+04
1.832700000000000000e+04
1.849400000000000000e+04
1.838300000000000000e+04
1.832200000000000000e+04
1.804200000000000000e+04
1.791700000000000000e+04
1.783800000000000000e+04
1.774200000000000000e+04
1.745600000000000000e+04
1.748800000000000000e+04
1.741900000000000000e+04
1.701600000000000000e+04
1.713200000000000000e+04
1.711800000000000000e+04
1.702600000000000000e+04
1.698500000000000000e+04
1.666400000000000000e+04
1.657600000000000000e+04
1.655100000000000000e+04
1.615500000000000000e+04
1.617800000000000000e+04
1.608000000000000000e+04
1.619900000000000000e+04
1.593300000000000000e+04
1.565900000000000000e+04
1.609000000000000000e+04
1.569800000000000000e+04
1.549400000000000000e+04
1.542500000000000000e+04
1.537400000000000000e+04
1.515600000000000000e+04
1.522300000000000000e+04
1.516200000000000000e+04
1.503000000000000000e+04
1.516600000000000000e+04
1.482000000000000000e+04
1.478700000000000000e+04
1.488500000000000000e+04
1.458300000000000000e+04
1.432300000000000000e+04
1.455200000000000000e+04
1.415500000000000000e+04
1.412900000000000000e+04
1.373800000000000000e+04
1.425500000000000000e+04
1.407800000000000000e+04
1.411000000000000000e+04
1.385700000000000000e+04
1.365700000000000000e+04
1.378300000000000000e+04
1.359500000000000000e+04
1.362500000000000000e+04
1.357200000000000000e+04
1.339100000000000000e+04
1.312000000000000000e+04
1.326300000000000000e+04
1.323500000000000000e+04
1.315700000000000000e+04
1.295100000000000000e+04
1.284500000000000000e+04
1.283800000000000000e+04
1.273000000000000000e+04
1.301100000000000000e+04
1.281600000000000000e+04
1.273200000000000000e+04
1.243600000000000000e+04
1.248100000000000000e+04
1.247400000000000000e+04
1.239300000000000000e+04
1.237900000000000000e+04
1.227300000000000000e+04
1.202900000000000000e+04
1.193200000000000000e+04
1.196200000000000000e+04
1.182200000000000000e+04
1.176600000000000000e+04
1.180700000000000000e+04
1.167200000000000000e+04
1.167500000000000000e+04
1.144800000000000000e+04
1.161400000000000000e+04
1.152800000000000000e+04
1.145500000000000000e+04
1.123300000000000000e+04
1.132300000000000000e+04
1.128100000000000000e+04
1.101700000000000000e+04
1.096500000000000000e+04
1.105600000000000000e+04
1.105300000000000000e+04
1.084400000000000000e+04
1.096500000000000000e+04
1.066100000000000000e+04
1.078400000000000000e+04
1.043000000000000000e+04
1.035000000000000000e+04
1.054600000000000000e+04
1.048000000000000000e+04
1.038300000000000000e+04
1.026100000000000000e+04
1.022400000000000000e+04
1.024300000000000000e+04
1.023400000000000000e+04
1.032900000000000000e+04
1.006100000000000000e+04
1.014100000000000000e+04
1.017100000000000000e+04
9.980000000000000000e+03
9.956000000000000000e+03
9.965000000000000000e+03
9.860000000000000000e+03
9.794000000000000000e+03
9.919000000000000000e+03
9.672000000000000000e+03
9.730000000000000000e+03
9.609000000000000000e+03
9.634000000000000000e+03
9.526000000000000000e+03
9.472000000000000000e+03
9.397000000000000000e+03
9.353000000000000000e+03
9.326000000000000000e+03
9.212000000000000000e+03
9.358000000000000000e+03
9.208000000000000000e+03
9.169000000000000000e+03
9.113000000000000000e+03
9.133000000000000000e+03
9.070000000000000000e+03
9.142000000000000000e+03
9.060000000000000000e+03
8.882000000000000000e+03
8.974000000000000000e+03
8.738000000000000000e+03
8.735000000000000000e+03
8.826000000000000000e+03
8.613000000000000000e+03
8.733000000000000000e+03
8.517000000000000000e+03
8.581000000000000000e+03
8.761000000000000000e+03
8.659000000000000000e+03
8.470000000000000000e+03
8.400000000000000000e+03
8.376000000000000000e+03
8.487000000000000000e+03
8.383000000000000000e+03
8.332000000000000000e+03
8.282000000000000000e+03
8.132000000000000000e+03
8.367000000000000000e+03
8.154000000000000000e+03
8.270000000000000000e+03
8.116000000000000000e+03
8.126000000000000000e+03
8.040000000000000000e+03
7.857000000000000000e+03
8.022000000000000000e+03
7.827000000000000000e+03
7.906000000000000000e+03
7.828000000000000000e+03
7.810000000000000000e+03
7.694000000000000000e+03
7.624000000000000000e+03
7.775000000000000000e+03
7.770000000000000000e+03
7.645000000000000000e+03
7.469000000000000000e+03
7.660000000000000000e+03
7.680000000000000000e+03
7.482000000000000000e+03
7.500000000000000000e+03
7.539000000000000000e+03
7.403000000000000000e+03
7.525000000000000000e+03
7.386000000000000000e+03
7.053000000000000000e+03
7.298000000000000000e+03
7.278000000000000000e+03
7.192000000000000000e+03
7.162000000000000000e+03
7.232000000000000000e+03
7.114000000000000000e+03
7.113000000000000000e+03
7.072000000000000000e+03
6.945000000000000000e+03
7.035000000000000000e+03
6.920000000000000000e+03
6.874000000000000000e+03
6.936000000000000000e+03
6.852000000000000000e+03
6.852000000000000000e+03
6.624000000000000000e+03
6.809000000000000000e+03
6.741000000000000000e+03
6.688000000000000000e+03
6.629000000000000000e+03
6.676000000000000000e+03
6.708000000000000000e+03
6.597000000000000000e+03
6.679000000000000000e+03
6.496000000000000000e+03
6.517000000000000000e+03
6.450000000000000000e+03
6.537000000000000000e+03
6.559000000000000000e+03
6.248000000000000000e+03
6.480000000000000000e+03
6.312000000000000000e+03
6.480000000000000000e+03
6.248000000000000000e+03
6.243000000000000000e+03
