6.461500000000000000e+04
6.647600000000000000e+04
6.994300000000000000e+04
7.260500000000000000e+04
7.584900000000000000e+04
7.942600000000000000e+04
8.304700000000000000e+04
8.696100000000000000e+04
9.111300000000000000e+04
9.568300000000000000e+04
1.000290000000000000e+05
1.053590000000000000e+05
1.110580000000000000e+05
1.172880000000000000e+05
1.242960000000000000e+05
1.308080000000000000e+05
1.389740000000000000e+05
1.466390000000000000e+05
1.571700000000000000e+05
1.666910000000000000e+05
1.784710000000000000e+05
1.900780000000000000e+05
2.031850000000000000e+05
2.189130000000000000e+05
2.358540000000000000e+05
2.550460000000000000e+05
2.761530000000000000e+05
2.994750000000000000e+05
3.272760000000000000e+05
3.568870000000000000e+05
3.930910000000000000e+05
4.335550000000000000e+05
4.804070000000000000e+05
5.356870000000000000e+05
6.002990000000000000e+05
6.764590000000000000e+05
7.696630000000000000e+05
8.792880000000000000e+05
1.014885000000000000e+06
1.178240000000000000e+06
1.382635000000000000e+06
1.640947000000000000e+06
1.960665000000000000e+06
2.369467000000000000e+06
2.888135000000000000e+06
3.524107000000000000e+06
4.275741000000000000e+06
5.088502000000000000e+06
5.828977000000000000e+06
6.287983000000000000e+06
6.282594000000000000e+06
5.827239000000000000e+06
5.091118000000000000e+06
4.275851000000000000e+06
3.519006000000000000e+06
2.882846000000000000e+06
2.372392000000000000e+06
1.962746000000000000e+06
1.637614000000000000e+06
1.382005000000000000e+06
1.179995000000000000e+06
1.015860000000000000e+06
8.798620000000000000e+05
7.675390000000000000e+05
6.771250000000000000e+05
6.000990000000000000e+05
5.352060000000000000e+05
4.806210000000000000e+05
4.330610000000000000e+05
3.937400000000000000e+05
3.577030000000000000e+05
3.265740000000000000e+05
2.998820000000000000e+05
2.756100000000000000e+05
2.542380000000000000e+05
2.359090000000000000e+05
2.191770000000000000e+05
2.039870000000000000e+05
1.899100000000000000e+05
1.774250000000000000e+05
1.671800000000000000e+05
1.568440000000000000e+05
1.476840000000000000e+05
1.388000000000000000e+05
1.305680000000000000e+05
1.238650000000000000e+05
1.175730000000000000e+05
1.117300000000000000e+05
1.053180000000000000e+05
1.001630000000000000e+05
9.596400000000000000e+04
9.156100000000000000e+04
8.727400000000000000e+04
8.249900000000000000e+04
7.994300000000000000e+04
7.531600000000000000e+04
7.268600000000000000e+04
6.964000000000000000e+04
6.681100000000000000e+04
6.393400000000000000e+04
