6.455300000000000000e+04
6.710200000000000000e+04
6.956500000000000000e+04
7.257300000000000000e+04
7.568200000000000000e+04
7.977200000000000000e+04
8.305600000000000000e+04
8.715900000000000000e+04
9.098200000000000000e+04
9.563500000000000000e+04
9.998200000000000000e+04
1.055500000000000000e+05
1.109430000000000000e+05
1.181660000000000000e+05
1.234660000000000000e+05
1.304410000000000000e+05
1.394710000000000000e+05
1.472430000000000000e+05
1.562760000000000000e+05
1.670050000000000000e+05
1.774580000000000000e+05
1.909330000000000000e+05
2.045580000000000000e+05
2.193040000000000000e+05
2.350220000000000000e+05
2.540220000000000000e+05
2.759360000000000000e+05
2.994840000000000000e+05
3.249970000000000000e+05
3.564740000000000000e+05
3.930900000000000000e+05
4.329570000000000000e+05
4.806270000000000000e+05
5.353780000000000000e+05
5.995060000000000000e+05
6.764760000000000000e+05
7.688960000000000000e+05
8.784490000000000000e+05
1.014164000000000000e+06
1.176223000000000000e+06
1.382549000000000000e+06
1.638113000000000000e+06
1.965568000000000000e+06
2.371618000000000000e+06
2.886210000000000000e+06
3.522856000000000000e+06
4.277067000000000000e+06
5.087173000000000000e+06
5.826993000000000000e+06
6.291841000000000000e+06
6.285660000000000000e+06
5.829915000000000000e+06
5.085334000000000000e+06
4.276164000000000000e+06
3.522155000000000000e+06
2.886157000000000000e+06
2.371220000000000000e+06
1.962861000000000000e+06
1.641028000000000000e+06
1.382368000000000000e+06
1.177288000000000000e+06
1.014124000000000000e+06
8.779460000000000000e+05
7.709440000000000000e+05
6.770190000000000000e+05
6.004210000000000000e+05
5.363160000000000000e+05
4.800050000000000000e+05
4.332710000000000000e+05
3.926540000000000000e+05
3.573850000000000000e+05
3.279990000000000000e+05
2.993380000000000000e+05
2.749780000000000000e+05
2.546180000000000000e+05
2.352590000000000000e+05
2.187770000000000000e+05
2.031070000000000000e+05
1.900190000000000000e+05
1.774420000000000000e+05
1.668850000000000000e+05
1.561200000000000000e+05
1.471500000000000000e+05
1.387090000000000000e+05
1.311140000000000000e+05
1.241810000000000000e+05
1.169840000000000000e+05
1.119520000000000000e+05
1.057020000000000000e+05
1.002780000000000000e+05
9.546200000000000000e+04
9.144700000000000000e+04
8.688600000000000000e+04
8.302300000000000000e+04
7.917800000000000000e+04
7.584800000000000000e+04
7.336200000000000000e+04
6.985200000000000000e+04
6.717000000000000000e+04
6.419200000000000000e+04
