6.167000000000000000e+03
6.518000000000000000e+03
6.274000000000000000e+03
6.365000000000000000e+03
6.350000000000000000e+03
6.487000000000000000e+03
6.519000000000000000e+03
6.570000000000000000e+03
6.483000000000000000e+03
6.443000000000000000e+03
6.617000000000000000e+03
6.669000000000000000e+03
6.559000000000000000e+03
6.876000000000000000e+03
6.489000000000000000e+03
6.682000000000000000e+03
6.762000000000000000e+03
6.742000000000000000e+03
6.870000000000000000e+03
6.901000000000000000e+03
6.763000000000000000e+03
6.839000000000000000e+03
6.845000000000000000e+03
6.958000000000000000e+03
6.904000000000000000e+03
6.956000000000000000e+03
6.986000000000000000e+03
6.976000000000000000e+03
7.044000000000000000e+03
6.902000000000000000e+03
7.077000000000000000e+03
7.231000000000000000e+03
7.227000000000000000e+03
7.252000000000000000e+03
7.138000000000000000e+03
7.309000000000000000e+03
7.216000000000000000e+03
7.239000000000000000e+03
7.344000000000000000e+03
7.395000000000000000e+03
7.646000000000000000e+03
7.411000000000000000e+03
7.526000000000000000e+03
7.448000000000000000e+03
7.635000000000000000e+03
7.625000000000000000e+03
7.716000000000000000e+03
7.722000000000000000e+03
7.615000000000000000e+03
7.871000000000000000e+03
7.775000000000000000e+03
7.728000000000000000e+03
7.818000000000000000e+03
7.893000000000000000e+03
7.901000000000000000e+03
7.960000000000000000e+03
8.041000000000000000e+03
8.161000000000000000e+03
7.954000000000000000e+03
8.149000000000000000e+03
8.266000000000000000e+03
8.019000000000000000e+03
8.359000000000000000e+03
8.271000000000000000e+03
8.225000000000000000e+03
8.336000000000000000e+03
8.447000000000000000e+03
8.407000000000000000e+03
8.337000000000000000e+03
8.474000000000000000e+03
8.524000000000000000e+03
8.533000000000000000e+03
8.450000000000000000e+03
8.684000000000000000e+03
8.681000000000000000e+03
8.727000000000000000e+03
8.852000000000000000e+03
8.794000000000000000e+03
8.883000000000000000e+03
8.753000000000000000e+03
8.919000000000000000e+03
9.025000000000000000e+03
8.918000000000000000e+03
9.031000000000000000e+03
9.006000000000000000e+03
9.133000000000000000e+03
9.187000000000000000e+03
9.375000000000000000e+03
9.474000000000000000e+03
9.350000000000000000e+03
9.298000000000000000e+03
9.456000000000000000e+03
9.330000000000000000e+03
9.504000000000000000e+03
9.655000000000000000e+03
9.416000000000000000e+03
9.632000000000000000e+03
9.578000000000000000e+03
9.663000000000000000e+03
9.720000000000000000e+03
9.710000000000000000e+03
9.801000000000000000e+03
9.964000000000000000e+03
1.008900000000000000e+04
9.705000000000000000e+03
1.014900000000000000e+04
9.951000000000000000e+03
1.041400000000000000e+04
1.034000000000000000e+04
1.049000000000000000e+04
1.034000000000000000e+04
1.040300000000000000e+04
1.042800000000000000e+04
1.029300000000000000e+04
1.067200000000000000e+04
1.066500000000000000e+04
1.057800000000000000e+04
1.071300000000000000e+04
1.080000000000000000e+04
1.080400000000000000e+04
1.085700000000000000e+04
1.080000000000000000e+04
1.091000000000000000e+04
1.075900000000000000e+04
1.100100000000000000e+04
1.119000000000000000e+04
1.136800000000000000e+04
1.144200000000000000e+04
1.108200000000000000e+04
1.125500000000000000e+04
1.156500000000000000e+04
1.143400000000000000e+04
1.152300000000000000e+04
1.178100000000000000e+04
1.154300000000000000e+04
1.167600000000000000e+04
1.160900000000000000e+04
1.199900000000000000e+04
1.182500000000000000e+04
1.196800000000000000e+04
1.209500000000000000e+04
1.213400000000000000e+04
1.233400000000000000e+04
1.213800000000000000e+04
1.236000000000000000e+04
1.239500000000000000e+04
1.263900000000000000e+04
1.255400000000000000e+04
1.260800000000000000e+04
1.271300000000000000e+04
1.266500000000000000e+04
1.290900000000000000e+04
1.289300000000000000e+04
1.313200000000000000e+04
1.313400000000000000e+04
1.318500000000000000e+04
1.328100000000000000e+04
1.313500000000000000e+04
1.337200000000000000e+04
1.331700000000000000e+04
1.352300000000000000e+04
1.366800000000000000e+04
1.364100000000000000e+04
1.360600000000000000e+04
1.363700000000000000e+04
1.415000000000000000e+04
1.397900000000000000e+04
1.388900000000000000e+04
1.412500000000000000e+04
1.418700000000000000e+04
1.449600000000000000e+04
1.418700000000000000e+04
1.448100000000000000e+04
1.457300000000000000e+04
1.474400000000000000e+04
1.479200000000000000e+04
1.484700000000000000e+04
1.480900000000000000e+04
1.493200000000000000e+04
1.491200000000000000e+04
1.519900000000000000e+04
1.529800000000000000e+04
1.530100000000000000e+04
1.557500000000000000e+04
1.555000000000000000e+04
1.580900000000000000e+04
1.584200000000000000e+04
1.582700000000000000e+04
1.598900000000000000e+04
1.610700000000000000e+04
1.614100000000000000e+04
1.624900000000000000e+04
1.661000000000000000e+04
1.646100000000000000e+04
1.666000000000000000e+04
1.674700000000000000e+04
1.679000000000000000e+04
1.687100000000000000e+04
1.713300000000000000e+04
1.724600000000000000e+04
1.709500000000000000e+04
1.741200000000000000e+04
1.744900000000000000e+04
1.774900000000000000e+04
1.776600000000000000e+04
1.789900000000000000e+04
1.800400000000000000e+04
1.795600000000000000e+04
1.823800000000000000e+04
1.821100000000000000e+04
1.817900000000000000e+04
1.843400000000000000e+04
1.879200000000000000e+04
1.877100000000000000e+04
1.895700000000000000e+04
1.919000000000000000e+04
1.941800000000000000e+04
1.940600000000000000e+04
1.951500000000000000e+04
1.956400000000000000e+04
1.974400000000000000e+04
1.986300000000000000e+04
1.999700000000000000e+04
1.996200000000000000e+04
2.039900000000000000e+04
2.050500000000000000e+04
2.048000000000000000e+04
2.074000000000000000e+04
2.088000000000000000e+04
2.103100000000000000e+04
2.103700000000000000e+04
2.124100000000000000e+04
2.166300000000000000e+04
2.141700000000000000e+04
2.194000000000000000e+04
2.210600000000000000e+04
2.231100000000000000e+04
2.260200000000000000e+04
2.282500000000000000e+04
2.259700000000000000e+04
2.234500000000000000e+04
2.290700000000000000e+04
2.306500000000000000e+04
2.335200000000000000e+04
2.329500000000000000e+04
2.378900000000000000e+04
2.385200000000000000e+04
2.418100000000000000e+04
2.424300000000000000e+04
2.434400000000000000e+04
2.473800000000000000e+04
2.460700000000000000e+04
2.514100000000000000e+04
2.483300000000000000e+04
2.535100000000000000e+04
2.552700000000000000e+04
2.586100000000000000e+04
2.605800000000000000e+04
2.608600000000000000e+04
2.651100000000000000e+04
2.656900000000000000e+04
2.657900000000000000e+04
2.697600000000000000e+04
2.736900000000000000e+04
2.740300000000000000e+04
2.768500000000000000e+04
2.784400000000000000e+04
2.791900000000000000e+04
2.860900000000000000e+04
2.884000000000000000e+04
2.921700000000000000e+04
2.919000000000000000e+04
2.920300000000000000e+04
2.950700000000000000e+04
2.958600000000000000e+04
3.009700000000000000e+04
3.030000000000000000e+04
3.068600000000000000e+04
3.112200000000000000e+04
3.124100000000000000e+04
3.122700000000000000e+04
3.158600000000000000e+04
3.216400000000000000e+04
3.207800000000000000e+04
3.254200000000000000e+04
3.278400000000000000e+04
3.299000000000000000e+04
3.328100000000000000e+04
3.368800000000000000e+04
3.408300000000000000e+04
3.452600000000000000e+04
3.439000000000000000e+04
3.452100000000000000e+04
3.507100000000000000e+04
3.559600000000000000e+04
3.588900000000000000e+04
3.622000000000000000e+04
3.675100000000000000e+04
3.698400000000000000e+04
3.719500000000000000e+04
3.746400000000000000e+04
3.836400000000000000e+04
3.803200000000000000e+04
3.883200000000000000e+04
3.907100000000000000e+04
3.953400000000000000e+04
3.980000000000000000e+04
4.031200000000000000e+04
4.049900000000000000e+04
4.091300000000000000e+04
4.153300000000000000e+04
4.184500000000000000e+04
4.213700000000000000e+04
4.263100000000000000e+04
4.326600000000000000e+04
4.364100000000000000e+04
4.385000000000000000e+04
4.442000000000000000e+04
4.524300000000000000e+04
4.609000000000000000e+04
4.590500000000000000e+04
4.610500000000000000e+04
4.681000000000000000e+04
4.740900000000000000e+04
4.768400000000000000e+04
4.859500000000000000e+04
4.871700000000000000e+04
4.936800000000000000e+04
4.990500000000000000e+04
5.021500000000000000e+04
5.102600000000000000e+04
5.116400000000000000e+04
5.238600000000000000e+04
5.253800000000000000e+04
5.322100000000000000e+04
5.369200000000000000e+04
5.446900000000000000e+04
5.469100000000000000e+04
5.548500000000000000e+04
5.580800000000000000e+04
5.669700000000000000e+04
5.751300000000000000e+04
5.823600000000000000e+04
5.892800000000000000e+04
5.957300000000000000e+04
6.034300000000000000e+04
6.115400000000000000e+04
6.198200000000000000e+04
6.284700000000000000e+04
6.324000000000000000e+04
6.423100000000000000e+04
6.507600000000000000e+04
6.535300000000000000e+04
6.645700000000000000e+04
6.749200000000000000e+04
6.813900000000000000e+04
6.919800000000000000e+04
6.964700000000000000e+04
7.058500000000000000e+04
7.168200000000000000e+04
7.238700000000000000e+04
7.374300000000000000e+04
7.433300000000000000e+04
7.512200000000000000e+04
7.618500000000000000e+04
7.785500000000000000e+04
7.839200000000000000e+04
7.960300000000000000e+04
8.047300000000000000e+04
8.118200000000000000e+04
8.276100000000000000e+04
8.403800000000000000e+04
8.473800000000000000e+04
8.599600000000000000e+04
8.722400000000000000e+04
8.861700000000000000e+04
9.002300000000000000e+04
9.128700000000000000e+04
9.215400000000000000e+04
9.371800000000000000e+04
9.506800000000000000e+04
9.573300000000000000e+04
9.791000000000000000e+04
9.868200000000000000e+04
1.005860000000000000e+05
1.020110000000000000e+05
1.038900000000000000e+05
1.047200000000000000e+05
1.061540000000000000e+05
1.079730000000000000e+05
1.099960000000000000e+05
1.121040000000000000e+05
1.135070000000000000e+05
1.147630000000000000e+05
1.163390000000000000e+05
1.194530000000000000e+05
1.208620000000000000e+05
1.225080000000000000e+05
1.244990000000000000e+05
1.259640000000000000e+05
1.284300000000000000e+05
1.303950000000000000e+05
1.329890000000000000e+05
1.348510000000000000e+05
1.368850000000000000e+05
1.396030000000000000e+05
1.414940000000000000e+05
1.434970000000000000e+05
1.465930000000000000e+05
1.486180000000000000e+05
1.514540000000000000e+05
1.543680000000000000e+05
1.565110000000000000e+05
1.591790000000000000e+05
1.624960000000000000e+05
1.651150000000000000e+05
1.681130000000000000e+05
1.709150000000000000e+05
1.746070000000000000e+05
1.768670000000000000e+05
1.806030000000000000e+05
1.841320000000000000e+05
1.872270000000000000e+05
1.907820000000000000e+05
1.944390000000000000e+05
1.977620000000000000e+05
2.015860000000000000e+05
2.049160000000000000e+05
2.097430000000000000e+05
2.131560000000000000e+05
2.169050000000000000e+05
2.221030000000000000e+05
2.256720000000000000e+05
2.303680000000000000e+05
2.337810000000000000e+05
2.391050000000000000e+05
2.442320000000000000e+05
2.480690000000000000e+05
2.540290000000000000e+05
2.582450000000000000e+05
2.637990000000000000e+05
2.690650000000000000e+05
2.747270000000000000e+05
2.807740000000000000e+05
2.843560000000000000e+05
2.905120000000000000e+05
2.963300000000000000e+05
3.022030000000000000e+05
3.088840000000000000e+05
3.151960000000000000e+05
3.203370000000000000e+05
3.290480000000000000e+05
3.358690000000000000e+05
3.419310000000000000e+05
3.486360000000000000e+05
3.558490000000000000e+05
3.616690000000000000e+05
3.690710000000000000e+05
3.777980000000000000e+05
3.840600000000000000e+05
3.924570000000000000e+05
4.003170000000000000e+05
4.085200000000000000e+05
4.163050000000000000e+05
4.220260000000000000e+05
4.310880000000000000e+05
4.396420000000000000e+05
4.472550000000000000e+05
4.551840000000000000e+05
4.640530000000000000e+05
4.726450000000000000e+05
4.797050000000000000e+05
4.874320000000000000e+05
4.972270000000000000e+05
5.055290000000000000e+05
5.125520000000000000e+05
5.219410000000000000e+05
5.293030000000000000e+05
5.374630000000000000e+05
5.447830000000000000e+05
5.523680000000000000e+05
5.591800000000000000e+05
5.668010000000000000e+05
5.736090000000000000e+05
5.805000000000000000e+05
5.865510000000000000e+05
5.935770000000000000e+05
5.988460000000000000e+05
6.050510000000000000e+05
6.088390000000000000e+05
6.126590000000000000e+05
6.183390000000000000e+05
6.224740000000000000e+05
6.266700000000000000e+05
6.285680000000000000e+05
6.316020000000000000e+05
6.342870000000000000e+05
6.357260000000000000e+05
6.356220000000000000e+05
6.371090000000000000e+05
6.352450000000000000e+05
6.371400000000000000e+05
6.348810000000000000e+05
6.332830000000000000e+05
6.334510000000000000e+05
6.299700000000000000e+05
6.256370000000000000e+05
6.221160000000000000e+05
6.183060000000000000e+05
6.144340000000000000e+05
6.084640000000000000e+05
6.046930000000000000e+05
6.006800000000000000e+05
5.942400000000000000e+05
5.875050000000000000e+05
5.805490000000000000e+05
5.742750000000000000e+05
5.665410000000000000e+05
5.609500000000000000e+05
5.528920000000000000e+05
5.459800000000000000e+05
5.368550000000000000e+05
5.292990000000000000e+05
5.208550000000000000e+05
5.142490000000000000e+05
5.038690000000000000e+05
4.978390000000000000e+05
4.888000000000000000e+05
4.805590000000000000e+05
4.724930000000000000e+05
4.639720000000000000e+05
4.555850000000000000e+05
4.482530000000000000e+05
4.399640000000000000e+05
4.325050000000000000e+05
4.231570000000000000e+05
4.158530000000000000e+05
4.078110000000000000e+05
3.997840000000000000e+05
3.926740000000000000e+05
3.850820000000000000e+05
3.763280000000000000e+05
3.701720000000000000e+05
3.619150000000000000e+05
3.552960000000000000e+05
3.485160000000000000e+05
3.412650000000000000e+05
3.342380000000000000e+05
3.273990000000000000e+05
3.208260000000000000e+05
3.155270000000000000e+05
3.088390000000000000e+05
3.028770000000000000e+05
2.982430000000000000e+05
2.912190000000000000e+05
2.849190000000000000e+05
2.802190000000000000e+05
2.741780000000000000e+05
2.681820000000000000e+05
2.635720000000000000e+05
2.579560000000000000e+05
2.520040000000000000e+05
2.475900000000000000e+05
2.438910000000000000e+05
2.394860000000000000e+05
2.344770000000000000e+05
2.297610000000000000e+05
2.253080000000000000e+05
2.211100000000000000e+05
2.180370000000000000e+05
2.130830000000000000e+05
2.082230000000000000e+05
2.053790000000000000e+05
2.008370000000000000e+05
1.969240000000000000e+05
1.949840000000000000e+05
1.907200000000000000e+05
1.861110000000000000e+05
1.837380000000000000e+05
1.793690000000000000e+05
1.774710000000000000e+05
1.737470000000000000e+05
1.707800000000000000e+05
1.681040000000000000e+05
1.656650000000000000e+05
1.621520000000000000e+05
1.592190000000000000e+05
1.571060000000000000e+05
1.535960000000000000e+05
1.511210000000000000e+05
1.491400000000000000e+05
1.463500000000000000e+05
1.435260000000000000e+05
1.417050000000000000e+05
1.386370000000000000e+05
1.372230000000000000e+05
1.348370000000000000e+05
1.324380000000000000e+05
1.302590000000000000e+05
1.282910000000000000e+05
1.259510000000000000e+05
1.244140000000000000e+05
1.223520000000000000e+05
1.206620000000000000e+05
1.187690000000000000e+05
1.168720000000000000e+05
1.144200000000000000e+05
1.135870000000000000e+05
1.112460000000000000e+05
1.102740000000000000e+05
1.081560000000000000e+05
1.064760000000000000e+05
1.055410000000000000e+05
1.033640000000000000e+05
1.020360000000000000e+05
1.002230000000000000e+05
9.890800000000000000e+04
9.751800000000000000e+04
9.613800000000000000e+04
9.470600000000000000e+04
9.345700000000000000e+04
9.247100000000000000e+04
9.156300000000000000e+04
8.985400000000000000e+04
8.831900000000000000e+04
8.741400000000000000e+04
8.560100000000000000e+04
8.526300000000000000e+04
8.285000000000000000e+04
8.205400000000000000e+04
8.109500000000000000e+04
7.971900000000000000e+04
7.893000000000000000e+04
7.796800000000000000e+04
7.730600000000000000e+04
7.594200000000000000e+04
7.543400000000000000e+04
7.406900000000000000e+04
7.386900000000000000e+04
7.219600000000000000e+04
7.189700000000000000e+04
7.034500000000000000e+04
6.946400000000000000e+04
6.909800000000000000e+04
6.808000000000000000e+04
6.739700000000000000e+04
6.652800000000000000e+04
6.539400000000000000e+04
6.496100000000000000e+04
6.399800000000000000e+04
6.335200000000000000e+04
6.250100000000000000e+04
6.188500000000000000e+04
6.078900000000000000e+04
6.030500000000000000e+04
5.970500000000000000e+04
5.945300000000000000e+04
5.815300000000000000e+04
5.791900000000000000e+04
5.649100000000000000e+04
5.628700000000000000e+04
5.549900000000000000e+04
5.505500000000000000e+04
5.439900000000000000e+04
5.406700000000000000e+04
5.325600000000000000e+04
5.233500000000000000e+04
5.226600000000000000e+04
5.127100000000000000e+04
5.078800000000000000e+04
5.046700000000000000e+04
5.002700000000000000e+04
4.946300000000000000e+04
4.886900000000000000e+04
4.832600000000000000e+04
4.730900000000000000e+04
4.718900000000000000e+04
4.688700000000000000e+04
4.629800000000000000e+04
4.589800000000000000e+04
4.519500000000000000e+04
4.500100000000000000e+04
4.470600000000000000e+04
4.405600000000000000e+04
4.336100000000000000e+04
4.314900000000000000e+04
4.274500000000000000e+04
4.222600000000000000e+04
4.233700000000000000e+04
4.137500000000000000e+04
4.121500000000000000e+04
4.021900000000000000e+04
4.034300000000000000e+04
4.002800000000000000e+04
3.972800000000000000e+04
3.906600000000000000e+04
3.857600000000000000e+04
3.825800000000000000e+04
3.796800000000000000e+04
3.777800000000000000e+04
3.716000000000000000e+04
3.696200000000000000e+04
3.682600000000000000e+04
3.617800000000000000e+04
3.585000000000000000e+04
3.567600000000000000e+04
3.544800000000000000e+04
3.446800000000000000e+04
3.475300000000000000e+04
3.432100000000000000e+04
3.348900000000000000e+04
3.371200000000000000e+04
3.364800000000000000e+04
3.297700000000000000e+04
3.280300000000000000e+04
3.250700000000000000e+04
3.214600000000000000e+04
3.178200000000000000e+04
3.145400000000000000e+04
3.119300000000000000e+04
3.122200000000000000e+04
3.078000000000000000e+04
3.050100000000000000e+04
3.061800000000000000e+04
3.010400000000000000e+04
2.994400000000000000e+04
2.927400000000000000e+04
2.915700000000000000e+04
2.940700000000000000e+04
2.870000000000000000e+04
2.842100000000000000e+04
2.843200000000000000e+04
2.819500000000000000e+04
2.804800000000000000e+04
2.761800000000000000e+04
2.742700000000000000e+04
2.745100000000000000e+04
2.706700000000000000e+04
2.648400000000000000e+04
2.655000000000000000e+04
2.617100000000000000e+04
2.614600000000000000e+04
2.591800000000000000e+04
2.578000000000000000e+04
2.537600000000000000e+04
2.530500000000000000e+04
2.562500000000000000e+04
2.510400000000000000e+04
2.486000000000000000e+04
2.455800000000000000e+04
2.439400000000000000e+04
2.417000000000000000e+04
2.413700000000000000e+04
2.389200000000000000e+04
2.340500000000000000e+04
2.356600000000000000e+04
2.307700000000000000e+04
2.315100000000000000e+04
2.288700000000000000e+04
2.264000000000000000e+04
2.251400000000000000e+04
2.253000000000000000e+04
2.226600000000000000e+04
2.190700000000000000e+04
2.186900000000000000e+04
2.186300000000000000e+04
2.156600000000000000e+04
2.123200000000000000e+04
2.139900000000000000e+04
2.108000000000000000e+04
2.099500000000000000e+04
2.081800000000000000e+04
2.076800000000000000e+04
2.081600000000000000e+04
2.044900000000000000e+04
2.044900000000000000e+04
1.981100000000000000e+04
2.005300000000000000e+04
1.973600000000000000e+04
1.984300000000000000e+04
1.960000000000000000e+04
1.929500000000000000e+04
1.937100000000000000e+04
1.937800000000000000e+04
1.895600000000000000e+04
1.896400000000000000e+04
1.889600000000000000e+04
1.889600000000000000e+04
1.842700000000000000e+04
1.834000000000000000e+04
1.848400000000000000e+04
1.826500000000000000e+04
1.799800000000000000e+04
1.784100000000000000e+04
1.776400000000000000e+04
1.767300000000000000e+04
1.721100000000000000e+04
1.741100000000000000e+04
1.761600000000000000e+04
1.706700000000000000e+04
1.707000000000000000e+04
1.739100000000000000e+04
1.697000000000000000e+04
1.659800000000000000e+04
1.695100000000000000e+04
1.669400000000000000e+04
1.657600000000000000e+04
1.629500000000000000e+04
1.633700000000000000e+04
1.610000000000000000e+04
1.603400000000000000e+04
1.581900000000000000e+04
1.586200000000000000e+04
1.577300000000000000e+04
1.576500000000000000e+04
1.561900000000000000e+04
1.527300000000000000e+04
1.538200000000000000e+04
1.528400000000000000e+04
1.495900000000000000e+04
1.533900000000000000e+04
1.487500000000000000e+04
1.500600000000000000e+04
1.494400000000000000e+04
1.467300000000000000e+04
1.465000000000000000e+04
1.473400000000000000e+04
1.450200000000000000e+04
1.447200000000000000e+04
1.450500000000000000e+04
1.411400000000000000e+04
1.428900000000000000e+04
1.432400000000000000e+04
1.402500000000000000e+04
1.377800000000000000e+04
1.408700000000000000e+04
1.371600000000000000e+04
1.369300000000000000e+04
1.364000000000000000e+04
1.357200000000000000e+04
1.354900000000000000e+04
1.332600000000000000e+04
1.330400000000000000e+04
1.321600000000000000e+04
1.331300000000000000e+04
1.297600000000000000e+04
1.302700000000000000e+04
1.282500000000000000e+04
1.285400000000000000e+04
1.270200000000000000e+04
1.263600000000000000e+04
1.256800000000000000e+04
1.258800000000000000e+04
1.243200000000000000e+04
1.237800000000000000e+04
1.261200000000000000e+04
1.244900000000000000e+04
1.217200000000000000e+04
1.230800000000000000e+04
1.210300000000000000e+04
1.203200000000000000e+04
1.210400000000000000e+04
1.181700000000000000e+04
1.170400000000000000e+04
1.174500000000000000e+04
1.177400000000000000e+04
1.142100000000000000e+04
1.149100000000000000e+04
1.147600000000000000e+04
1.141200000000000000e+04
1.140300000000000000e+04
1.125100000000000000e+04
1.128600000000000000e+04
1.103700000000000000e+04
1.091900000000000000e+04
1.108200000000000000e+04
1.099100000000000000e+04
1.104400000000000000e+04
1.098600000000000000e+04
1.090200000000000000e+04
1.066200000000000000e+04
1.063700000000000000e+04
1.082100000000000000e+04
1.071000000000000000e+04
1.047900000000000000e+04
1.078500000000000000e+04
1.041900000000000000e+04
1.037000000000000000e+04
1.034100000000000000e+04
1.029000000000000000e+04
1.043100000000000000e+04
1.027300000000000000e+04
1.017000000000000000e+04
1.018600000000000000e+04
1.010600000000000000e+04
1.006900000000000000e+04
1.000000000000000000e+04
9.898000000000000000e+03
9.860000000000000000e+03
9.907000000000000000e+03
9.540000000000000000e+03
9.646000000000000000e+03
9.680000000000000000e+03
9.631000000000000000e+03
9.603000000000000000e+03
9.693000000000000000e+03
9.544000000000000000e+03
9.369000000000000000e+03
9.411000000000000000e+03
9.543000000000000000e+03
9.345000000000000000e+03
9.244000000000000000e+03
9.275000000000000000e+03
9.008000000000000000e+03
9.059000000000000000e+03
9.185000000000000000e+03
8.954000000000000000e+03
9.032000000000000000e+03
8.952000000000000000e+03
8.924000000000000000e+03
8.732000000000000000e+03
8.808000000000000000e+03
8.742000000000000000e+03
8.669000000000000000e+03
8.732000000000000000e+03
8.702000000000000000e+03
8.604000000000000000e+03
8.459000000000000000e+03
8.491000000000000000e+03
8.501000000000000000e+03
8.538000000000000000e+03
8.624000000000000000e+03
8.430000000000000000e+03
8.354000000000000000e+03
8.323000000000000000e+03
8.300000000000000000e+03
8.274000000000000000e+03
8.248000000000000000e+03
8.233000000000000000e+03
8.079000000000000000e+03
8.230000000000000000e+03
7.894000000000000000e+03
8.027000000000000000e+03
8.058000000000000000e+03
8.138000000000000000e+03
7.910000000000000000e+03
7.871000000000000000e+03
7.843000000000000000e+03
7.864000000000000000e+03
7.785000000000000000e+03
7.757000000000000000e+03
7.583000000000000000e+03
7.816000000000000000e+03
7.683000000000000000e+03
7.702000000000000000e+03
7.553000000000000000e+03
7.507000000000000000e+03
7.412000000000000000e+03
7.678000000000000000e+03
7.390000000000000000e+03
7.568000000000000000e+03
7.445000000000000000e+03
7.284000000000000000e+03
7.402000000000000000e+03
7.393000000000000000e+03
7.194000000000000000e+03
7.239000000000000000e+03
7.174000000000000000e+03
7.078000000000000000e+03
7.079000000000000000e+03
7.121000000000000000e+03
7.043000000000000000e+03
7.018000000000000000e+03
6.929000000000000000e+03
7.040000000000000000e+03
7.015000000000000000e+03
6.826000000000000000e+03
6.972000000000000000e+03
7.100000000000000000e+03
6.834000000000000000e+03
6.729000000000000000e+03
6.731000000000000000e+03
6.657000000000000000e+03
6.674000000000000000e+03
6.772000000000000000e+03
6.757000000000000000e+03
6.641000000000000000e+03
6.685000000000000000e+03
6.696000000000000000e+03
6.574000000000000000e+03
6.578000000000000000e+03
6.509000000000000000e+03
6.543000000000000000e+03
6.457000000000000000e+03
6.373000000000000000e+03
6.444000000000000000e+03
6.338000000000000000e+03
6.371000000000000000e+03
6.358000000000000000e+03
6.314000000000000000e+03
