6.284000000000000000e+03
6.436000000000000000e+03
6.524000000000000000e+03
6.263000000000000000e+03
6.484000000000000000e+03
6.338000000000000000e+03
6.413000000000000000e+03
6.480000000000000000e+03
6.428000000000000000e+03
6.523000000000000000e+03
6.606000000000000000e+03
6.672000000000000000e+03
6.642000000000000000e+03
6.632000000000000000e+03
6.656000000000000000e+03
6.572000000000000000e+03
6.734000000000000000e+03
6.883000000000000000e+03
6.828000000000000000e+03
6.856000000000000000e+03
6.896000000000000000e+03
6.781000000000000000e+03
6.866000000000000000e+03
7.118000000000000000e+03
6.925000000000000000e+03
6.910000000000000000e+03
7.017000000000000000e+03
7.103000000000000000e+03
7.233000000000000000e+03
7.176000000000000000e+03
7.245000000000000000e+03
6.955000000000000000e+03
7.057000000000000000e+03
7.244000000000000000e+03
7.152000000000000000e+03
7.285000000000000000e+03
7.261000000000000000e+03
7.466000000000000000e+03
7.384000000000000000e+03
7.440000000000000000e+03
7.379000000000000000e+03
7.506000000000000000e+03
7.659000000000000000e+03
7.447000000000000000e+03
7.480000000000000000e+03
7.448000000000000000e+03
7.674000000000000000e+03
7.626000000000000000e+03
7.560000000000000000e+03
7.848000000000000000e+03
7.767000000000000000e+03
7.738000000000000000e+03
7.797000000000000000e+03
7.896000000000000000e+03
7.978000000000000000e+03
8.213000000000000000e+03
7.933000000000000000e+03
8.168000000000000000e+03
8.087000000000000000e+03
8.137000000000000000e+03
8.121000000000000000e+03
8.188000000000000000e+03
8.074000000000000000e+03
8.251000000000000000e+03
8.354000000000000000e+03
8.267000000000000000e+03
8.364000000000000000e+03
8.272000000000000000e+03
8.570000000000000000e+03
8.423000000000000000e+03
8.617000000000000000e+03
8.545000000000000000e+03
8.638000000000000000e+03
8.607000000000000000e+03
8.682000000000000000e+03
8.778000000000000000e+03
8.666000000000000000e+03
8.680000000000000000e+03
8.848000000000000000e+03
8.930000000000000000e+03
9.066000000000000000e+03
8.947000000000000000e+03
9.142000000000000000e+03
9.100000000000000000e+03
9.014000000000000000e+03
9.169000000000000000e+03
9.039000000000000000e+03
9.279000000000000000e+03
9.338000000000000000e+03
9.310000000000000000e+03
9.368000000000000000e+03
9.470000000000000000e+03
9.448000000000000000e+03
9.556000000000000000e+03
9.556000000000000000e+03
9.424000000000000000e+03
9.736000000000000000e+03
9.704000000000000000e+03
9.869000000000000000e+03
9.888000000000000000e+03
9.786000000000000000e+03
9.843000000000000000e+03
9.935000000000000000e+03
9.928000000000000000e+03
9.978000000000000000e+03
1.008700000000000000e+04
1.020400000000000000e+04
1.015500000000000000e+04
1.003000000000000000e+04
1.007400000000000000e+04
1.040900000000000000e+04
1.019000000000000000e+04
1.055700000000000000e+04
1.042000000000000000e+04
1.045100000000000000e+04
1.073600000000000000e+04
1.060100000000000000e+04
1.064100000000000000e+04
1.084200000000000000e+04
1.079800000000000000e+04
1.087500000000000000e+04
1.103800000000000000e+04
1.090000000000000000e+04
1.110000000000000000e+04
1.130300000000000000e+04
1.111600000000000000e+04
1.122800000000000000e+04
1.120700000000000000e+04
1.140300000000000000e+04
1.143800000000000000e+04
1.133400000000000000e+04
1.156800000000000000e+04
1.178700000000000000e+04
1.164500000000000000e+04
1.169200000000000000e+04
1.171000000000000000e+04
1.175500000000000000e+04
1.189600000000000000e+04
1.198600000000000000e+04
1.221800000000000000e+04
1.201100000000000000e+04
1.222800000000000000e+04
1.220000000000000000e+04
1.237000000000000000e+04
1.231400000000000000e+04
1.223100000000000000e+04
1.256500000000000000e+04
1.282600000000000000e+04
1.279100000000000000e+04
1.265400000000000000e+04
1.262300000000000000e+04
1.286200000000000000e+04
1.299800000000000000e+04
1.285200000000000000e+04
1.312400000000000000e+04
1.307400000000000000e+04
1.328800000000000000e+04
1.346600000000000000e+04
1.332300000000000000e+04
1.345600000000000000e+04
1.371100000000000000e+04
1.385900000000000000e+04
1.375000000000000000e+04
1.402800000000000000e+04
1.403100000000000000e+04
1.384200000000000000e+04
1.399400000000000000e+04
1.389000000000000000e+04
1.388200000000000000e+04
1.418800000000000000e+04
1.423000000000000000e+04
1.446100000000000000e+04
1.454300000000000000e+04
1.448500000000000000e+04
1.478500000000000000e+04
1.458800000000000000e+04
1.461800000000000000e+04
1.500000000000000000e+04
1.496200000000000000e+04
1.510900000000000000e+04
1.520800000000000000e+04
1.515900000000000000e+04
1.536500000000000000e+04
1.554900000000000000e+04
1.568100000000000000e+04
1.551000000000000000e+04
1.597900000000000000e+04
1.565100000000000000e+04
1.603800000000000000e+04
1.613600000000000000e+04
1.596300000000000000e+04
1.628600000000000000e+04
1.644200000000000000e+04
1.653500000000000000e+04
1.671400000000000000e+04
1.661700000000000000e+04
1.704400000000000000e+04
1.681100000000000000e+04
1.696900000000000000e+04
1.703700000000000000e+04
1.752700000000000000e+04
1.750800000000000000e+04
1.739900000000000000e+04
1.749300000000000000e+04
1.781000000000000000e+04
1.782300000000000000e+04
1.794700000000000000e+04
1.818100000000000000e+04
1.829700000000000000e+04
1.814900000000000000e+04
1.845000000000000000e+04
1.875500000000000000e+04
1.889500000000000000e+04
1.872800000000000000e+04
1.921400000000000000e+04
1.932800000000000000e+04
1.884500000000000000e+04
1.941600000000000000e+04
1.956200000000000000e+04
1.959200000000000000e+04
1.946500000000000000e+04
1.976000000000000000e+04
1.979000000000000000e+04
2.019200000000000000e+04
2.012000000000000000e+04
2.024200000000000000e+04
2.059700000000000000e+04
2.057800000000000000e+04
2.081700000000000000e+04
2.111100000000000000e+04
2.133600000000000000e+04
2.159900000000000000e+04
2.160400000000000000e+04
2.165300000000000000e+04
2.175000000000000000e+04
2.215200000000000000e+04
2.212000000000000000e+04
2.217600000000000000e+04
2.229400000000000000e+04
2.266100000000000000e+04
2.286400000000000000e+04
2.277700000000000000e+04
2.304400000000000000e+04
2.303300000000000000e+04
2.352600000000000000e+04
2.372400000000000000e+04
2.399800000000000000e+04
2.427200000000000000e+04
2.426700000000000000e+04
2.456700000000000000e+04
2.423400000000000000e+04
2.476100000000000000e+04
2.484000000000000000e+04
2.519300000000000000e+04
2.551800000000000000e+04
2.575600000000000000e+04
2.575100000000000000e+04
2.609000000000000000e+04
2.633600000000000000e+04
2.635900000000000000e+04
2.673800000000000000e+04
2.692400000000000000e+04
2.700400000000000000e+04
2.743800000000000000e+04
2.721400000000000000e+04
2.757600000000000000e+04
2.741600000000000000e+04
2.850800000000000000e+04
2.844200000000000000e+04
2.849000000000000000e+04
2.862600000000000000e+04
2.897400000000000000e+04
2.937900000000000000e+04
2.960600000000000000e+04
2.993200000000000000e+04
3.023300000000000000e+04
3.026500000000000000e+04
3.061600000000000000e+04
3.080700000000000000e+04
3.131200000000000000e+04
3.127900000000000000e+04
3.169000000000000000e+04
3.171900000000000000e+04
3.208200000000000000e+04
3.239500000000000000e+04
3.296100000000000000e+04
3.293800000000000000e+04
3.324900000000000000e+04
3.366000000000000000e+04
3.387400000000000000e+04
3.439700000000000000e+04
3.472900000000000000e+04
3.499300000000000000e+04
3.524200000000000000e+04
3.539400000000000000e+04
3.566200000000000000e+04
3.616800000000000000e+04
3.681200000000000000e+04
3.666500000000000000e+04
3.730500000000000000e+04
3.726900000000000000e+04
3.808500000000000000e+04
3.809200000000000000e+04
3.845400000000000000e+04
3.946700000000000000e+04
3.956900000000000000e+04
3.972000000000000000e+04
4.030600000000000000e+04
4.064000000000000000e+04
4.096000000000000000e+04
4.163500000000000000e+04
4.203500000000000000e+04
4.222600000000000000e+04
4.272200000000000000e+04
4.300400000000000000e+04
4.337100000000000000e+04
4.405200000000000000e+04
4.449300000000000000e+04
4.528100000000000000e+04
4.509200000000000000e+04
4.572100000000000000e+04
4.620400000000000000e+04
4.703200000000000000e+04
4.730800000000000000e+04
4.785300000000000000e+04
4.817500000000000000e+04
4.862100000000000000e+04
4.922000000000000000e+04
4.994500000000000000e+04
5.023100000000000000e+04
5.100100000000000000e+04
5.162900000000000000e+04
5.221400000000000000e+04
5.236400000000000000e+04
5.323500000000000000e+04
5.385200000000000000e+04
5.449500000000000000e+04
5.500000000000000000e+04
5.579200000000000000e+04
5.663800000000000000e+04
5.672800000000000000e+04
5.791400000000000000e+04
5.791200000000000000e+04
5.871000000000000000e+04
5.924400000000000000e+04
6.001500000000000000e+04
6.130700000000000000e+04
6.179500000000000000e+04
6.262900000000000000e+04
6.280200000000000000e+04
6.443800000000000000e+04
6.503500000000000000e+04
6.561600000000000000e+04
6.620700000000000000e+04
6.670700000000000000e+04
6.835000000000000000e+04
6.950000000000000000e+04
7.018500000000000000e+04
7.055600000000000000e+04
7.157400000000000000e+04
7.239800000000000000e+04
7.353100000000000000e+04
7.427100000000000000e+04
7.537000000000000000e+04
7.689900000000000000e+04
7.763700000000000000e+04
7.849000000000000000e+04
7.966500000000000000e+04
8.007900000000000000e+04
8.159500000000000000e+04
8.308700000000000000e+04
8.398000000000000000e+04
8.466800000000000000e+04
8.573500000000000000e+04
8.712700000000000000e+04
8.823000000000000000e+04
8.969700000000000000e+04
9.062500000000000000e+04
9.267100000000000000e+04
9.388600000000000000e+04
9.514400000000000000e+04
9.579400000000000000e+04
9.789300000000000000e+04
9.947600000000000000e+04
1.006930000000000000e+05
1.021540000000000000e+05
1.034540000000000000e+05
1.048050000000000000e+05
1.072250000000000000e+05
1.074340000000000000e+05
1.097120000000000000e+05
1.112690000000000000e+05
1.133770000000000000e+05
1.148400000000000000e+05
1.167440000000000000e+05
1.180970000000000000e+05
1.206380000000000000e+05
1.222310000000000000e+05
1.245410000000000000e+05
1.263870000000000000e+05
1.284550000000000000e+05
1.306930000000000000e+05
1.323410000000000000e+05
1.350150000000000000e+05
1.368090000000000000e+05
1.398320000000000000e+05
1.409850000000000000e+05
1.437580000000000000e+05
1.463790000000000000e+05
1.488730000000000000e+05
1.512570000000000000e+05
1.537890000000000000e+05
1.564770000000000000e+05
1.598100000000000000e+05
1.622310000000000000e+05
1.657870000000000000e+05
1.681210000000000000e+05
1.706290000000000000e+05
1.742290000000000000e+05
1.770640000000000000e+05
1.803450000000000000e+05
1.837640000000000000e+05
1.879470000000000000e+05
1.905330000000000000e+05
1.939580000000000000e+05
1.970780000000000000e+05
2.009900000000000000e+05
2.051390000000000000e+05
2.097440000000000000e+05
2.128860000000000000e+05
2.170330000000000000e+05
2.206680000000000000e+05
2.255470000000000000e+05
2.299590000000000000e+05
2.343480000000000000e+05
2.388660000000000000e+05
2.439190000000000000e+05
2.482210000000000000e+05
2.540670000000000000e+05
2.581880000000000000e+05
2.630090000000000000e+05
2.688650000000000000e+05
2.739630000000000000e+05
2.794580000000000000e+05
2.851640000000000000e+05
2.909680000000000000e+05
2.972630000000000000e+05
3.031690000000000000e+05
3.094030000000000000e+05
3.147370000000000000e+05
3.224410000000000000e+05
3.282670000000000000e+05
3.343320000000000000e+05
3.432930000000000000e+05
3.478610000000000000e+05
3.546520000000000000e+05
3.625660000000000000e+05
3.691150000000000000e+05
3.776020000000000000e+05
3.837420000000000000e+05
3.922260000000000000e+05
4.000240000000000000e+05
4.072180000000000000e+05
4.155850000000000000e+05
4.234560000000000000e+05
4.310790000000000000e+05
4.392060000000000000e+05
4.470890000000000000e+05
4.553240000000000000e+05
4.641180000000000000e+05
4.728340000000000000e+05
4.805810000000000000e+05
4.895300000000000000e+05
4.980690000000000000e+05
5.052570000000000000e+05
5.131920000000000000e+05
5.206530000000000000e+05
5.279140000000000000e+05
5.368550000000000000e+05
5.456800000000000000e+05
5.519670000000000000e+05
5.598480000000000000e+05
5.681950000000000000e+05
5.737800000000000000e+05
5.808900000000000000e+05
5.873700000000000000e+05
5.936660000000000000e+05
6.000470000000000000e+05
6.055130000000000000e+05
6.108510000000000000e+05
6.133020000000000000e+05
6.184580000000000000e+05
6.213310000000000000e+05
6.262180000000000000e+05
6.287790000000000000e+05
6.321280000000000000e+05
6.327940000000000000e+05
6.362690000000000000e+05
6.351560000000000000e+05
6.353810000000000000e+05
6.375690000000000000e+05
6.352280000000000000e+05
6.356600000000000000e+05
6.337180000000000000e+05
6.300570000000000000e+05
6.273650000000000000e+05
6.255660000000000000e+05
6.231250000000000000e+05
6.187530000000000000e+05
6.147850000000000000e+05
6.093880000000000000e+05
6.040010000000000000e+05
5.999830000000000000e+05
5.923670000000000000e+05
5.879090000000000000e+05
5.800500000000000000e+05
5.728150000000000000e+05
5.677790000000000000e+05
5.593060000000000000e+05
5.524890000000000000e+05
5.444930000000000000e+05
5.374510000000000000e+05
5.294340000000000000e+05
5.221920000000000000e+05
5.130050000000000000e+05
5.050660000000000000e+05
4.962870000000000000e+05
4.891910000000000000e+05
4.796640000000000000e+05
4.722530000000000000e+05
4.642030000000000000e+05
4.564180000000000000e+05
4.469430000000000000e+05
4.396600000000000000e+05
4.307680000000000000e+05
4.234420000000000000e+05
4.143930000000000000e+05
4.072600000000000000e+05
4.002330000000000000e+05
3.930190000000000000e+05
3.852550000000000000e+05
3.769030000000000000e+05
3.696290000000000000e+05
3.632360000000000000e+05
3.551620000000000000e+05
3.482910000000000000e+05
3.421080000000000000e+05
3.344060000000000000e+05
3.288470000000000000e+05
3.213950000000000000e+05
3.150390000000000000e+05
3.088160000000000000e+05
3.024690000000000000e+05
2.966090000000000000e+05
2.905370000000000000e+05
2.845450000000000000e+05
2.798470000000000000e+05
2.732940000000000000e+05
2.687310000000000000e+05
2.644030000000000000e+05
2.582410000000000000e+05
2.531190000000000000e+05
2.486810000000000000e+05
2.438340000000000000e+05
2.393220000000000000e+05
2.335700000000000000e+05
2.299880000000000000e+05
2.250480000000000000e+05
2.211180000000000000e+05
2.169030000000000000e+05
2.126520000000000000e+05
2.098340000000000000e+05
2.042090000000000000e+05
2.012220000000000000e+05
1.975100000000000000e+05
1.940420000000000000e+05
1.904220000000000000e+05
1.873990000000000000e+05
1.834930000000000000e+05
1.801000000000000000e+05
1.773080000000000000e+05
1.738970000000000000e+05
1.712990000000000000e+05
1.684820000000000000e+05
1.655970000000000000e+05
1.631860000000000000e+05
1.600360000000000000e+05
1.571360000000000000e+05
1.548010000000000000e+05
1.516110000000000000e+05
1.488140000000000000e+05
1.464490000000000000e+05
1.434450000000000000e+05
1.423080000000000000e+05
1.390020000000000000e+05
1.366050000000000000e+05
1.350960000000000000e+05
1.326310000000000000e+05
1.306170000000000000e+05
1.282370000000000000e+05
1.258340000000000000e+05
1.238410000000000000e+05
1.222940000000000000e+05
1.210020000000000000e+05
1.183600000000000000e+05
1.164280000000000000e+05
1.152000000000000000e+05
1.134700000000000000e+05
1.117390000000000000e+05
1.096850000000000000e+05
1.085810000000000000e+05
1.070010000000000000e+05
1.049610000000000000e+05
1.037030000000000000e+05
1.018610000000000000e+05
1.007740000000000000e+05
9.876400000000000000e+04
9.669900000000000000e+04
9.611200000000000000e+04
9.498400000000000000e+04
9.365900000000000000e+04
9.186900000000000000e+04
9.073600000000000000e+04
8.917500000000000000e+04
8.833400000000000000e+04
8.721000000000000000e+04
8.611600000000000000e+04
8.510400000000000000e+04
8.308000000000000000e+04
8.237300000000000000e+04
8.144800000000000000e+04
8.052300000000000000e+04
7.913800000000000000e+04
7.851100000000000000e+04
7.763600000000000000e+04
7.597300000000000000e+04
7.526400000000000000e+04
7.435300000000000000e+04
7.314500000000000000e+04
7.232600000000000000e+04
7.210900000000000000e+04
7.061300000000000000e+04
6.967000000000000000e+04
6.881600000000000000e+04
6.880400000000000000e+04
6.757800000000000000e+04
6.683000000000000000e+04
6.579000000000000000e+04
6.499300000000000000e+04
6.403000000000000000e+04
6.296600000000000000e+04
6.212600000000000000e+04
6.202100000000000000e+04
6.135300000000000000e+04
6.011300000000000000e+04
5.979400000000000000e+04
5.872400000000000000e+04
5.819700000000000000e+04
5.753900000000000000e+04
5.682100000000000000e+04
5.678700000000000000e+04
5.568800000000000000e+04
5.477000000000000000e+04
5.436900000000000000e+04
5.363300000000000000e+04
5.284600000000000000e+04
5.270400000000000000e+04
5.257700000000000000e+04
5.143900000000000000e+04
5.102300000000000000e+04
5.021600000000000000e+04
4.984800000000000000e+04
4.928000000000000000e+04
4.874700000000000000e+04
4.844300000000000000e+04
4.776000000000000000e+04
4.686800000000000000e+04
4.679600000000000000e+04
4.639400000000000000e+04
4.576600000000000000e+04
4.519500000000000000e+04
4.454300000000000000e+04
4.465400000000000000e+04
4.400300000000000000e+04
4.363600000000000000e+04
4.299100000000000000e+04
4.236700000000000000e+04
4.227600000000000000e+04
4.172000000000000000e+04
4.142900000000000000e+04
4.097600000000000000e+04
4.044700000000000000e+04
3.981500000000000000e+04
3.998000000000000000e+04
3.938100000000000000e+04
3.874200000000000000e+04
3.861100000000000000e+04
3.848600000000000000e+04
3.814100000000000000e+04
3.742200000000000000e+04
3.735900000000000000e+04
3.693300000000000000e+04
3.698000000000000000e+04
3.611100000000000000e+04
3.613100000000000000e+04
3.564400000000000000e+04
3.536100000000000000e+04
3.486400000000000000e+04
3.449300000000000000e+04
3.455300000000000000e+04
3.427000000000000000e+04
3.385300000000000000e+04
3.327100000000000000e+04
3.321600000000000000e+04
3.272800000000000000e+04
3.260200000000000000e+04
3.223500000000000000e+04
3.181700000000000000e+04
3.177800000000000000e+04
3.144400000000000000e+04
3.106700000000000000e+04
3.108400000000000000e+04
3.076400000000000000e+04
3.056900000000000000e+04
2.998300000000000000e+04
2.975700000000000000e+04
2.965300000000000000e+04
2.952800000000000000e+04
2.880200000000000000e+04
2.897900000000000000e+04
2.873700000000000000e+04
2.830900000000000000e+04
2.819300000000000000e+04
2.788700000000000000e+04
2.792600000000000000e+04
2.740500000000000000e+04
2.737800000000000000e+04
2.712600000000000000e+04
2.696500000000000000e+04
2.652100000000000000e+04
2.632400000000000000e+04
2.644000000000000000e+04
2.586100000000000000e+04
2.604000000000000000e+04
2.528500000000000000e+04
2.535100000000000000e+04
2.520400000000000000e+04
2.508700000000000000e+04
2.492900000000000000e+04
2.456700000000000000e+04
2.465300000000000000e+04
2.416100000000000000e+04
2.384300000000000000e+04
2.363900000000000000e+04
2.337200000000000000e+04
2.356800000000000000e+04
2.323000000000000000e+04
2.295800000000000000e+04
2.298300000000000000e+04
2.290500000000000000e+04
2.262600000000000000e+04
2.236100000000000000e+04
2.236300000000000000e+04
2.206700000000000000e+04
2.183200000000000000e+04
2.179400000000000000e+04
2.170500000000000000e+04
2.145100000000000000e+04
2.155300000000000000e+04
2.122900000000000000e+04
2.112300000000000000e+04
2.085900000000000000e+04
2.077500000000000000e+04
2.066800000000000000e+04
2.038600000000000000e+04
2.012500000000000000e+04
2.013200000000000000e+04
2.011600000000000000e+04
1.957100000000000000e+04
1.978700000000000000e+04
1.975100000000000000e+04
1.943700000000000000e+04
1.913100000000000000e+04
1.904400000000000000e+04
1.930600000000000000e+04
1.864500000000000000e+04
1.872600000000000000e+04
1.888500000000000000e+04
1.843600000000000000e+04
1.851900000000000000e+04
1.836000000000000000e+04
1.838800000000000000e+04
1.832300000000000000e+04
1.794100000000000000e+04
1.756700000000000000e+04
1.767200000000000000e+04
1.759200000000000000e+04
1.741400000000000000e+04
1.736500000000000000e+04
1.716400000000000000e+04
1.715500000000000000e+04
1.701200000000000000e+04
1.681400000000000000e+04
1.670400000000000000e+04
1.662900000000000000e+04
1.659400000000000000e+04
1.646300000000000000e+04
1.654700000000000000e+04
1.641800000000000000e+04
1.614500000000000000e+04
1.614900000000000000e+04
1.595700000000000000e+04
1.577500000000000000e+04
1.571400000000000000e+04
1.552200000000000000e+04
1.549500000000000000e+04
1.549300000000000000e+04
1.526700000000000000e+04
1.548800000000000000e+04
1.516800000000000000e+04
1.485800000000000000e+04
1.515900000000000000e+04
1.502300000000000000e+04
1.480400000000000000e+04
1.461200000000000000e+04
1.471000000000000000e+04
1.448700000000000000e+04
1.435300000000000000e+04
1.447900000000000000e+04
1.438200000000000000e+04
1.425800000000000000e+04
1.418900000000000000e+04
1.396500000000000000e+04
1.414100000000000000e+04
1.390200000000000000e+04
1.366300000000000000e+04
1.378600000000000000e+04
1.358200000000000000e+04
1.372100000000000000e+04
1.347300000000000000e+04
1.331100000000000000e+04
1.319900000000000000e+04
1.338600000000000000e+04
1.330500000000000000e+04
1.309700000000000000e+04
1.330500000000000000e+04
1.308600000000000000e+04
1.280600000000000000e+04
1.277100000000000000e+04
1.297400000000000000e+04
1.276000000000000000e+04
1.272300000000000000e+04
1.254100000000000000e+04
1.233200000000000000e+04
1.247800000000000000e+04
1.239700000000000000e+04
1.216200000000000000e+04
1.222100000000000000e+04
1.206100000000000000e+04
1.184400000000000000e+04
1.210300000000000000e+04
1.219400000000000000e+04
1.192900000000000000e+04
1.177700000000000000e+04
1.185500000000000000e+04
1.169700000000000000e+04
1.169200000000000000e+04
1.157100000000000000e+04
1.149400000000000000e+04
1.150500000000000000e+04
1.151900000000000000e+04
1.116900000000000000e+04
1.115900000000000000e+04
1.111700000000000000e+04
1.103200000000000000e+04
1.100200000000000000e+04
1.079300000000000000e+04
1.091900000000000000e+04
1.084300000000000000e+04
1.094400000000000000e+04
1.083000000000000000e+04
1.070300000000000000e+04
1.055100000000000000e+04
1.079100000000000000e+04
1.054400000000000000e+04
1.067300000000000000e+04
1.035400000000000000e+04
1.023500000000000000e+04
1.046100000000000000e+04
1.029400000000000000e+04
1.032000000000000000e+04
1.016100000000000000e+04
1.030600000000000000e+04
1.012700000000000000e+04
9.968000000000000000e+03
9.833000000000000000e+03
1.002600000000000000e+04
9.928000000000000000e+03
1.000400000000000000e+04
9.955000000000000000e+03
9.911000000000000000e+03
9.836000000000000000e+03
9.648000000000000000e+03
9.453000000000000000e+03
9.601000000000000000e+03
9.632000000000000000e+03
9.580000000000000000e+03
9.223000000000000000e+03
9.556000000000000000e+03
9.382000000000000000e+03
9.368000000000000000e+03
9.305000000000000000e+03
9.099000000000000000e+03
9.124000000000000000e+03
9.116000000000000000e+03
8.879000000000000000e+03
9.184000000000000000e+03
9.003000000000000000e+03
8.987000000000000000e+03
8.911000000000000000e+03
8.980000000000000000e+03
8.904000000000000000e+03
8.857000000000000000e+03
8.859000000000000000e+03
8.782000000000000000e+03
8.609000000000000000e+03
8.671000000000000000e+03
8.555000000000000000e+03
8.533000000000000000e+03
8.414000000000000000e+03
8.366000000000000000e+03
8.403000000000000000e+03
8.230000000000000000e+03
8.338000000000000000e+03
8.246000000000000000e+03
8.313000000000000000e+03
8.258000000000000000e+03
8.211000000000000000e+03
8.058000000000000000e+03
8.151000000000000000e+03
8.184000000000000000e+03
7.832000000000000000e+03
7.918000000000000000e+03
8.053000000000000000e+03
7.926000000000000000e+03
7.865000000000000000e+03
7.764000000000000000e+03
7.912000000000000000e+03
7.893000000000000000e+03
7.695000000000000000e+03
7.587000000000000000e+03
7.868000000000000000e+03
7.740000000000000000e+03
7.544000000000000000e+03
7.696000000000000000e+03
7.558000000000000000e+03
7.417000000000000000e+03
7.575000000000000000e+03
7.474000000000000000e+03
7.231000000000000000e+03
7.319000000000000000e+03
7.416000000000000000e+03
7.405000000000000000e+03
7.253000000000000000e+03
7.459000000000000000e+03
7.485000000000000000e+03
7.160000000000000000e+03
7.135000000000000000e+03
7.104000000000000000e+03
7.027000000000000000e+03
7.074000000000000000e+03
7.162000000000000000e+03
7.073000000000000000e+03
7.089000000000000000e+03
7.056000000000000000e+03
6.767000000000000000e+03
7.072000000000000000e+03
6.907000000000000000e+03
6.783000000000000000e+03
6.867000000000000000e+03
6.633000000000000000e+03
6.788000000000000000e+03
6.746000000000000000e+03
6.620000000000000000e+03
6.676000000000000000e+03
6.669000000000000000e+03
6.639000000000000000e+03
6.672000000000000000e+03
6.555000000000000000e+03
6.576000000000000000e+03
6.570000000000000000e+03
6.528000000000000000e+03
6.557000000000000000e+03
6.435000000000000000e+03
6.479000000000000000e+03
6.475000000000000000e+03
6.397000000000000000e+03
6.479000000000000000e+03
6.402000000000000000e+03
6.360000000000000000e+03
