6.474100000000000000e+04
6.729500000000000000e+04
6.995900000000000000e+04
7.258300000000000000e+04
7.636600000000000000e+04
7.978100000000000000e+04
8.271100000000000000e+04
8.698300000000000000e+04
9.121900000000000000e+04
9.557000000000000000e+04
1.000340000000000000e+05
1.057440000000000000e+05
1.106540000000000000e+05
1.172780000000000000e+05
1.239870000000000000e+05
1.302710000000000000e+05
1.384420000000000000e+05
1.472210000000000000e+05
1.569580000000000000e+05
1.668070000000000000e+05
1.779800000000000000e+05
1.901630000000000000e+05
2.036850000000000000e+05
2.181290000000000000e+05
2.360750000000000000e+05
2.544040000000000000e+05
2.761380000000000000e+05
2.993000000000000000e+05
3.278790000000000000e+05
3.572780000000000000e+05
3.940690000000000000e+05
4.337740000000000000e+05
4.808700000000000000e+05
5.355830000000000000e+05
5.997840000000000000e+05
6.775590000000000000e+05
7.680630000000000000e+05
8.795080000000000000e+05
1.014852000000000000e+06
1.179375000000000000e+06
1.382702000000000000e+06
1.638515000000000000e+06
1.962017000000000000e+06
2.372271000000000000e+06
2.883988000000000000e+06
3.518883000000000000e+06
4.274366000000000000e+06
5.087265000000000000e+06
5.830750000000000000e+06
6.281308000000000000e+06
6.285268000000000000e+06
5.828728000000000000e+06
5.089468000000000000e+06
4.278876000000000000e+06
3.520217000000000000e+06
2.884428000000000000e+06
2.369603000000000000e+06
1.963599000000000000e+06
1.640748000000000000e+06
1.383460000000000000e+06
1.178818000000000000e+06
1.011677000000000000e+06
8.805720000000000000e+05
7.688960000000000000e+05
6.759080000000000000e+05
5.993590000000000000e+05
5.356640000000000000e+05
4.812720000000000000e+05
4.336240000000000000e+05
3.936630000000000000e+05
3.583570000000000000e+05
3.272030000000000000e+05
2.998670000000000000e+05
2.755180000000000000e+05
2.544970000000000000e+05
2.358820000000000000e+05
2.185810000000000000e+05
2.034250000000000000e+05
1.900780000000000000e+05
1.780400000000000000e+05
1.668480000000000000e+05
1.573790000000000000e+05
1.471640000000000000e+05
1.386520000000000000e+05
1.304860000000000000e+05
1.238270000000000000e+05
1.173310000000000000e+05
1.120740000000000000e+05
1.052570000000000000e+05
1.008080000000000000e+05
9.489400000000000000e+04
9.120000000000000000e+04
8.720300000000000000e+04
8.365200000000000000e+04
7.912000000000000000e+04
7.574300000000000000e+04
7.281900000000000000e+04
6.934200000000000000e+04
6.664500000000000000e+04
6.418700000000000000e+04
