6.413500000000000000e+04
6.692800000000000000e+04
6.948300000000000000e+04
7.246300000000000000e+04
7.578200000000000000e+04
7.971200000000000000e+04
8.305700000000000000e+04
8.660700000000000000e+04
9.105500000000000000e+04
9.607600000000000000e+04
1.002030000000000000e+05
1.054000000000000000e+05
1.109670000000000000e+05
1.170070000000000000e+05
1.235500000000000000e+05
1.307710000000000000e+05
1.390620000000000000e+05
1.476550000000000000e+05
1.569140000000000000e+05
1.669060000000000000e+05
1.780290000000000000e+05
1.906260000000000000e+05
2.036490000000000000e+05
2.183130000000000000e+05
2.356340000000000000e+05
2.549010000000000000e+05
2.761140000000000000e+05
2.993480000000000000e+05
3.275240000000000000e+05
3.563430000000000000e+05
3.920280000000000000e+05
4.336650000000000000e+05
4.810450000000000000e+05
5.366380000000000000e+05
6.002130000000000000e+05
6.764230000000000000e+05
7.700640000000000000e+05
8.761930000000000000e+05
1.010103000000000000e+06
1.178463000000000000e+06
1.383901000000000000e+06
1.640998000000000000e+06
1.963842000000000000e+06
2.372604000000000000e+06
2.883717000000000000e+06
3.520205000000000000e+06
4.274287000000000000e+06
5.090950000000000000e+06
5.834278000000000000e+06
6.283201000000000000e+06
6.284709000000000000e+06
5.829445000000000000e+06
5.088242000000000000e+06
4.275370000000000000e+06
3.523593000000000000e+06
2.884898000000000000e+06
2.369628000000000000e+06
1.964027000000000000e+06
1.641496000000000000e+06
1.385970000000000000e+06
1.178429000000000000e+06
1.012680000000000000e+06
8.773280000000000000e+05
7.693760000000000000e+05
6.769180000000000000e+05
6.003290000000000000e+05
5.343560000000000000e+05
4.814460000000000000e+05
4.346310000000000000e+05
3.923370000000000000e+05
3.565790000000000000e+05
3.273360000000000000e+05
2.998570000000000000e+05
2.755920000000000000e+05
2.547120000000000000e+05
2.366110000000000000e+05
2.190010000000000000e+05
2.036150000000000000e+05
1.906840000000000000e+05
1.782810000000000000e+05
1.668480000000000000e+05
1.567170000000000000e+05
1.473480000000000000e+05
1.387040000000000000e+05
1.313020000000000000e+05
1.239400000000000000e+05
1.174200000000000000e+05
1.114110000000000000e+05
1.052530000000000000e+05
1.003150000000000000e+05
9.590700000000000000e+04
9.117600000000000000e+04
8.693100000000000000e+04
8.327000000000000000e+04
7.902900000000000000e+04
7.611800000000000000e+04
7.294400000000000000e+04
7.006600000000000000e+04
6.659900000000000000e+04
6.406100000000000000e+04
