6.341000000000000000e+03
6.518000000000000000e+03
6.564000000000000000e+03
6.383000000000000000e+03
6.483000000000000000e+03
6.496000000000000000e+03
6.356000000000000000e+03
6.587000000000000000e+03
6.711000000000000000e+03
6.478000000000000000e+03
6.506000000000000000e+03
6.716000000000000000e+03
6.646000000000000000e+03
6.596000000000000000e+03
6.512000000000000000e+03
6.601000000000000000e+03
6.663000000000000000e+03
6.765000000000000000e+03
6.717000000000000000e+03
6.796000000000000000e+03
6.736000000000000000e+03
6.930000000000000000e+03
6.890000000000000000e+03
6.948000000000000000e+03
7.079000000000000000e+03
7.033000000000000000e+03
6.960000000000000000e+03
7.125000000000000000e+03
7.001000000000000000e+03
7.165000000000000000e+03
7.196000000000000000e+03
7.044000000000000000e+03
7.271000000000000000e+03
7.210000000000000000e+03
7.274000000000000000e+03
7.243000000000000000e+03
7.367000000000000000e+03
7.280000000000000000e+03
7.344000000000000000e+03
7.163000000000000000e+03
7.429000000000000000e+03
7.518000000000000000e+03
7.448000000000000000e+03
7.612000000000000000e+03
7.604000000000000000e+03
7.618000000000000000e+03
7.550000000000000000e+03
7.655000000000000000e+03
7.804000000000000000e+03
7.743000000000000000e+03
7.880000000000000000e+03
7.746000000000000000e+03
7.860000000000000000e+03
8.166000000000000000e+03
7.955000000000000000e+03
7.993000000000000000e+03
7.909000000000000000e+03
8.133000000000000000e+03
8.152000000000000000e+03
8.147000000000000000e+03
8.036000000000000000e+03
8.216000000000000000e+03
8.120000000000000000e+03
8.105000000000000000e+03
8.335000000000000000e+03
8.435000000000000000e+03
8.361000000000000000e+03
8.311000000000000000e+03
8.438000000000000000e+03
8.373000000000000000e+03
8.533000000000000000e+03
8.583000000000000000e+03
8.674000000000000000e+03
8.652000000000000000e+03
8.651000000000000000e+03
8.787000000000000000e+03
8.640000000000000000e+03
8.801000000000000000e+03
8.930000000000000000e+03
8.902000000000000000e+03
9.044000000000000000e+03
9.098000000000000000e+03
8.829000000000000000e+03
9.013000000000000000e+03
9.129000000000000000e+03
9.028000000000000000e+03
9.189000000000000000e+03
9.400000000000000000e+03
9.227000000000000000e+03
9.390000000000000000e+03
9.218000000000000000e+03
9.432000000000000000e+03
9.252000000000000000e+03
9.417000000000000000e+03
9.732000000000000000e+03
9.433000000000000000e+03
9.661000000000000000e+03
9.742000000000000000e+03
9.712000000000000000e+03
9.638000000000000000e+03
9.965000000000000000e+03
9.778000000000000000e+03
9.866000000000000000e+03
1.002900000000000000e+04
1.007700000000000000e+04
9.887000000000000000e+03
1.018500000000000000e+04
1.031800000000000000e+04
1.007600000000000000e+04
1.022200000000000000e+04
1.031300000000000000e+04
1.043300000000000000e+04
1.039400000000000000e+04
1.062700000000000000e+04
1.048500000000000000e+04
1.059000000000000000e+04
1.068000000000000000e+04
1.080700000000000000e+04
1.075200000000000000e+04
1.058500000000000000e+04
1.079000000000000000e+04
1.078700000000000000e+04
1.096300000000000000e+04
1.106900000000000000e+04
1.117500000000000000e+04
1.134500000000000000e+04
1.142600000000000000e+04
1.117000000000000000e+04
1.139200000000000000e+04
1.122900000000000000e+04
1.129700000000000000e+04
1.136800000000000000e+04
1.153100000000000000e+04
1.179100000000000000e+04
1.171200000000000000e+04
1.165900000000000000e+04
1.173400000000000000e+04
1.206900000000000000e+04
1.171600000000000000e+04
1.173700000000000000e+04
1.198600000000000000e+04
1.216700000000000000e+04
1.211300000000000000e+04
1.229900000000000000e+04
1.231600000000000000e+04
1.260200000000000000e+04
1.245500000000000000e+04
1.264700000000000000e+04
1.265600000000000000e+04
1.259700000000000000e+04
1.269700000000000000e+04
1.280100000000000000e+04
1.303900000000000000e+04
1.307600000000000000e+04
1.318100000000000000e+04
1.311300000000000000e+04
1.310900000000000000e+04
1.327100000000000000e+04
1.339600000000000000e+04
1.323100000000000000e+04
1.374500000000000000e+04
1.339600000000000000e+04
1.352800000000000000e+04
1.365200000000000000e+04
1.384700000000000000e+04
1.415300000000000000e+04
1.393200000000000000e+04
1.382100000000000000e+04
1.418300000000000000e+04
1.427500000000000000e+04
1.424000000000000000e+04
1.447200000000000000e+04
1.465600000000000000e+04
1.475200000000000000e+04
1.456800000000000000e+04
1.471300000000000000e+04
1.482200000000000000e+04
1.487400000000000000e+04
1.507500000000000000e+04
1.486300000000000000e+04
1.529600000000000000e+04
1.515100000000000000e+04
1.543000000000000000e+04
1.553300000000000000e+04
1.568800000000000000e+04
1.572200000000000000e+04
1.556500000000000000e+04
1.578200000000000000e+04
1.568200000000000000e+04
1.590000000000000000e+04
1.618700000000000000e+04
1.636900000000000000e+04
1.641200000000000000e+04
1.645800000000000000e+04
1.644500000000000000e+04
1.677100000000000000e+04
1.683000000000000000e+04
1.679900000000000000e+04
1.693000000000000000e+04
1.728000000000000000e+04
1.741600000000000000e+04
1.732100000000000000e+04
1.719500000000000000e+04
1.758800000000000000e+04
1.762500000000000000e+04
1.788600000000000000e+04
1.802100000000000000e+04
1.807500000000000000e+04
1.809000000000000000e+04
1.842900000000000000e+04
1.836200000000000000e+04
1.852900000000000000e+04
1.902600000000000000e+04
1.912600000000000000e+04
1.897300000000000000e+04
1.887200000000000000e+04
1.898500000000000000e+04
1.925400000000000000e+04
1.962400000000000000e+04
1.956000000000000000e+04
1.975500000000000000e+04
1.976400000000000000e+04
2.012300000000000000e+04
2.031700000000000000e+04
2.033700000000000000e+04
2.039700000000000000e+04
2.050900000000000000e+04
2.076600000000000000e+04
2.095500000000000000e+04
2.109900000000000000e+04
2.101600000000000000e+04
2.135300000000000000e+04
2.157900000000000000e+04
2.169200000000000000e+04
2.202200000000000000e+04
2.187400000000000000e+04
2.197800000000000000e+04
2.220900000000000000e+04
2.268900000000000000e+04
2.243700000000000000e+04
2.276300000000000000e+04
2.282400000000000000e+04
2.312500000000000000e+04
2.331100000000000000e+04
2.334500000000000000e+04
2.380500000000000000e+04
2.356100000000000000e+04
2.398900000000000000e+04
2.418100000000000000e+04
2.431700000000000000e+04
2.492500000000000000e+04
2.466000000000000000e+04
2.481200000000000000e+04
2.513100000000000000e+04
2.539400000000000000e+04
2.564800000000000000e+04
2.587900000000000000e+04
2.597900000000000000e+04
2.613600000000000000e+04
2.642400000000000000e+04
2.668000000000000000e+04
2.712300000000000000e+04
2.704900000000000000e+04
2.700100000000000000e+04
2.732800000000000000e+04
2.751100000000000000e+04
2.797900000000000000e+04
2.812100000000000000e+04
2.812100000000000000e+04
2.881100000000000000e+04
2.892700000000000000e+04
2.925300000000000000e+04
2.932400000000000000e+04
2.943100000000000000e+04
3.002500000000000000e+04
2.989800000000000000e+04
3.022400000000000000e+04
3.024300000000000000e+04
3.058600000000000000e+04
3.107500000000000000e+04
3.117200000000000000e+04
3.158500000000000000e+04
3.203200000000000000e+04
3.222800000000000000e+04
3.238100000000000000e+04
3.310500000000000000e+04
3.329000000000000000e+04
3.358200000000000000e+04
3.371100000000000000e+04
3.382400000000000000e+04
3.419200000000000000e+04
3.434300000000000000e+04
3.504900000000000000e+04
3.504100000000000000e+04
3.597900000000000000e+04
3.601900000000000000e+04
3.631300000000000000e+04
3.664500000000000000e+04
3.707500000000000000e+04
3.685700000000000000e+04
3.760600000000000000e+04
3.796000000000000000e+04
3.823600000000000000e+04
3.863500000000000000e+04
3.886400000000000000e+04
3.933700000000000000e+04
3.957700000000000000e+04
4.062400000000000000e+04
4.069400000000000000e+04
4.070500000000000000e+04
4.145700000000000000e+04
4.189400000000000000e+04
4.231900000000000000e+04
4.263000000000000000e+04
4.337500000000000000e+04
4.302600000000000000e+04
4.391800000000000000e+04
4.407500000000000000e+04
4.508200000000000000e+04
4.481200000000000000e+04
4.590100000000000000e+04
4.657900000000000000e+04
4.683900000000000000e+04
4.713400000000000000e+04
4.781700000000000000e+04
4.852100000000000000e+04
4.843600000000000000e+04
4.929200000000000000e+04
4.966400000000000000e+04
5.006900000000000000e+04
5.122700000000000000e+04
5.184800000000000000e+04
5.175800000000000000e+04
5.281900000000000000e+04
5.291300000000000000e+04
5.409700000000000000e+04
5.442300000000000000e+04
5.508500000000000000e+04
5.566200000000000000e+04
5.689700000000000000e+04
5.652600000000000000e+04
5.754500000000000000e+04
5.811100000000000000e+04
5.906900000000000000e+04
5.993400000000000000e+04
6.057300000000000000e+04
6.086000000000000000e+04
6.174000000000000000e+04
6.215200000000000000e+04
6.306600000000000000e+04
6.423600000000000000e+04
6.475800000000000000e+04
6.543000000000000000e+04
6.625600000000000000e+04
6.732000000000000000e+04
6.841400000000000000e+04
6.846600000000000000e+04
6.953700000000000000e+04
7.088100000000000000e+04
7.107800000000000000e+04
7.258100000000000000e+04
7.369400000000000000e+04
7.436100000000000000e+04
7.584900000000000000e+04
7.591900000000000000e+04
7.745700000000000000e+04
7.856300000000000000e+04
7.949400000000000000e+04
8.091600000000000000e+04
8.196300000000000000e+04
8.286400000000000000e+04
8.329100000000000000e+04
8.457900000000000000e+04
8.576300000000000000e+04
8.759200000000000000e+04
8.858800000000000000e+04
8.914900000000000000e+04
9.019900000000000000e+04
9.220100000000000000e+04
9.340600000000000000e+04
9.492800000000000000e+04
9.617700000000000000e+04
9.731800000000000000e+04
9.896700000000000000e+04
1.004280000000000000e+05
1.022580000000000000e+05
1.039060000000000000e+05
1.049390000000000000e+05
1.066890000000000000e+05
1.085170000000000000e+05
1.093440000000000000e+05
1.115590000000000000e+05
1.130590000000000000e+05
1.153730000000000000e+05
1.167120000000000000e+05
1.185650000000000000e+05
1.203090000000000000e+05
1.219170000000000000e+05
1.240110000000000000e+05
1.272500000000000000e+05
1.285340000000000000e+05
1.295600000000000000e+05
1.329730000000000000e+05
1.351100000000000000e+05
1.365410000000000000e+05
1.390650000000000000e+05
1.412180000000000000e+05
1.436450000000000000e+05
1.461600000000000000e+05
1.494930000000000000e+05
1.513730000000000000e+05
1.536580000000000000e+05
1.564810000000000000e+05
1.593450000000000000e+05
1.619480000000000000e+05
1.650890000000000000e+05
1.682620000000000000e+05
1.710260000000000000e+05
1.742790000000000000e+05
1.770440000000000000e+05
1.804400000000000000e+05
1.837300000000000000e+05
1.877400000000000000e+05
1.909450000000000000e+05
1.942740000000000000e+05
1.971150000000000000e+05
2.014140000000000000e+05
2.050160000000000000e+05
2.083730000000000000e+05
2.124200000000000000e+05
2.176040000000000000e+05
2.217730000000000000e+05
2.255440000000000000e+05
2.300630000000000000e+05
2.335900000000000000e+05
2.387500000000000000e+05
2.437140000000000000e+05
2.489950000000000000e+05
2.527840000000000000e+05
2.580010000000000000e+05
2.627580000000000000e+05
2.684690000000000000e+05
2.746300000000000000e+05
2.793700000000000000e+05
2.857290000000000000e+05
2.907470000000000000e+05
2.968490000000000000e+05
3.029660000000000000e+05
3.088580000000000000e+05
3.151040000000000000e+05
3.205940000000000000e+05
3.264170000000000000e+05
3.342910000000000000e+05
3.408860000000000000e+05
3.493720000000000000e+05
3.561690000000000000e+05
3.623560000000000000e+05
3.686870000000000000e+05
3.769230000000000000e+05
3.845740000000000000e+05
3.919490000000000000e+05
3.991480000000000000e+05
4.089590000000000000e+05
4.150370000000000000e+05
4.229150000000000000e+05
4.320030000000000000e+05
4.395250000000000000e+05
4.463130000000000000e+05
4.540870000000000000e+05
4.649390000000000000e+05
4.717630000000000000e+05
4.807700000000000000e+05
4.905760000000000000e+05
4.964750000000000000e+05
5.065660000000000000e+05
5.131940000000000000e+05
5.218180000000000000e+05
5.285020000000000000e+05
5.368610000000000000e+05
5.448810000000000000e+05
5.526990000000000000e+05
5.600430000000000000e+05
5.686870000000000000e+05
5.732220000000000000e+05
5.806200000000000000e+05
5.860580000000000000e+05
5.931360000000000000e+05
5.989370000000000000e+05
6.050280000000000000e+05
6.101190000000000000e+05
6.145930000000000000e+05
6.185690000000000000e+05
6.222480000000000000e+05
6.253620000000000000e+05
6.289470000000000000e+05
6.326210000000000000e+05
6.329790000000000000e+05
6.354410000000000000e+05
6.356690000000000000e+05
6.365990000000000000e+05
6.369710000000000000e+05
6.374260000000000000e+05
6.348470000000000000e+05
6.348890000000000000e+05
6.309290000000000000e+05
6.284260000000000000e+05
6.270510000000000000e+05
6.237420000000000000e+05
6.186920000000000000e+05
6.150090000000000000e+05
6.105410000000000000e+05
6.042030000000000000e+05
5.992790000000000000e+05
5.939810000000000000e+05
5.871370000000000000e+05
5.800860000000000000e+05
5.733590000000000000e+05
5.666210000000000000e+05
5.617970000000000000e+05
5.522160000000000000e+05
5.441020000000000000e+05
5.382130000000000000e+05
5.290910000000000000e+05
5.217280000000000000e+05
5.131310000000000000e+05
5.051230000000000000e+05
4.976990000000000000e+05
4.886300000000000000e+05
4.803210000000000000e+05
4.726900000000000000e+05
4.641510000000000000e+05
4.567560000000000000e+05
4.475230000000000000e+05
4.393920000000000000e+05
4.317390000000000000e+05
4.225470000000000000e+05
4.166300000000000000e+05
4.067260000000000000e+05
3.996490000000000000e+05
3.908570000000000000e+05
3.828250000000000000e+05
3.767870000000000000e+05
3.702100000000000000e+05
3.636030000000000000e+05
3.557300000000000000e+05
3.474150000000000000e+05
3.406680000000000000e+05
3.340910000000000000e+05
3.283380000000000000e+05
3.210810000000000000e+05
3.161360000000000000e+05
3.086340000000000000e+05
3.026260000000000000e+05
2.968190000000000000e+05
2.920330000000000000e+05
2.849080000000000000e+05
2.795310000000000000e+05
2.737140000000000000e+05
2.687030000000000000e+05
2.635760000000000000e+05
2.589140000000000000e+05
2.540550000000000000e+05
2.485270000000000000e+05
2.435750000000000000e+05
2.393990000000000000e+05
2.344540000000000000e+05
2.295860000000000000e+05
2.252270000000000000e+05
2.211010000000000000e+05
2.174230000000000000e+05
2.128680000000000000e+05
2.085170000000000000e+05
2.049290000000000000e+05
2.011480000000000000e+05
1.977150000000000000e+05
1.951430000000000000e+05
1.906550000000000000e+05
1.873390000000000000e+05
1.840370000000000000e+05
1.809860000000000000e+05
1.763820000000000000e+05
1.742350000000000000e+05
1.703920000000000000e+05
1.678280000000000000e+05
1.654120000000000000e+05
1.623900000000000000e+05
1.588040000000000000e+05
1.567460000000000000e+05
1.544820000000000000e+05
1.513390000000000000e+05
1.488640000000000000e+05
1.468230000000000000e+05
1.440730000000000000e+05
1.424180000000000000e+05
1.396770000000000000e+05
1.374730000000000000e+05
1.351120000000000000e+05
1.325720000000000000e+05
1.305940000000000000e+05
1.279120000000000000e+05
1.266020000000000000e+05
1.245460000000000000e+05
1.222700000000000000e+05
1.205540000000000000e+05
1.199960000000000000e+05
1.165870000000000000e+05
1.145150000000000000e+05
1.127950000000000000e+05
1.110630000000000000e+05
1.099960000000000000e+05
1.083980000000000000e+05
1.066450000000000000e+05
1.044150000000000000e+05
1.032210000000000000e+05
1.022280000000000000e+05
1.003960000000000000e+05
9.855800000000000000e+04
9.705800000000000000e+04
9.623000000000000000e+04
9.462200000000000000e+04
9.333900000000000000e+04
9.186100000000000000e+04
9.089000000000000000e+04
8.985800000000000000e+04
8.854300000000000000e+04
8.739300000000000000e+04
8.638000000000000000e+04
8.482900000000000000e+04
8.308000000000000000e+04
8.315400000000000000e+04
8.142600000000000000e+04
8.018800000000000000e+04
7.924200000000000000e+04
7.811100000000000000e+04
7.732900000000000000e+04
7.654300000000000000e+04
7.547300000000000000e+04
7.483900000000000000e+04
7.310200000000000000e+04
7.202200000000000000e+04
7.188700000000000000e+04
7.051100000000000000e+04
7.005200000000000000e+04
6.878000000000000000e+04
6.795300000000000000e+04
6.735800000000000000e+04
6.660800000000000000e+04
6.582200000000000000e+04
6.476500000000000000e+04
6.364600000000000000e+04
6.396800000000000000e+04
6.217800000000000000e+04
6.182900000000000000e+04
6.114200000000000000e+04
6.031700000000000000e+04
5.958200000000000000e+04
5.898000000000000000e+04
5.809300000000000000e+04
5.784700000000000000e+04
5.695500000000000000e+04
5.583200000000000000e+04
5.557200000000000000e+04
5.531000000000000000e+04
5.486300000000000000e+04
5.372200000000000000e+04
5.342600000000000000e+04
5.245800000000000000e+04
5.243400000000000000e+04
5.138500000000000000e+04
5.126400000000000000e+04
5.049700000000000000e+04
5.010700000000000000e+04
4.898800000000000000e+04
4.926400000000000000e+04
4.879300000000000000e+04
4.782700000000000000e+04
4.727400000000000000e+04
4.693000000000000000e+04
4.592900000000000000e+04
4.588500000000000000e+04
4.551200000000000000e+04
4.481500000000000000e+04
4.391700000000000000e+04
4.422900000000000000e+04
4.326700000000000000e+04
4.319600000000000000e+04
4.260700000000000000e+04
4.220100000000000000e+04
4.196000000000000000e+04
4.163100000000000000e+04
4.133200000000000000e+04
4.065500000000000000e+04
4.003600000000000000e+04
4.002600000000000000e+04
3.984800000000000000e+04
3.886800000000000000e+04
3.892900000000000000e+04
3.833400000000000000e+04
3.772200000000000000e+04
3.730400000000000000e+04
3.720900000000000000e+04
3.676900000000000000e+04
3.662900000000000000e+04
3.618800000000000000e+04
3.608300000000000000e+04
3.560500000000000000e+04
3.542700000000000000e+04
3.514800000000000000e+04
3.478400000000000000e+04
3.444700000000000000e+04
3.360600000000000000e+04
3.368700000000000000e+04
3.312100000000000000e+04
3.328500000000000000e+04
3.304800000000000000e+04
3.272100000000000000e+04
3.241100000000000000e+04
3.196500000000000000e+04
3.188200000000000000e+04
3.149500000000000000e+04
3.108400000000000000e+04
3.100100000000000000e+04
3.063400000000000000e+04
3.049000000000000000e+04
3.004000000000000000e+04
2.994500000000000000e+04
2.944300000000000000e+04
2.925400000000000000e+04
2.902700000000000000e+04
2.864100000000000000e+04
2.863200000000000000e+04
2.813900000000000000e+04
2.792300000000000000e+04
2.798900000000000000e+04
2.766600000000000000e+04
2.745000000000000000e+04
2.709100000000000000e+04
2.690500000000000000e+04
2.699300000000000000e+04
2.633500000000000000e+04
2.627300000000000000e+04
2.592700000000000000e+04
2.590700000000000000e+04
2.576700000000000000e+04
2.553400000000000000e+04
2.536300000000000000e+04
2.523300000000000000e+04
2.476100000000000000e+04
2.470000000000000000e+04
2.434700000000000000e+04
2.445900000000000000e+04
2.429900000000000000e+04
2.432000000000000000e+04
2.374500000000000000e+04
2.362900000000000000e+04
2.363800000000000000e+04
2.327100000000000000e+04
2.292500000000000000e+04
2.315300000000000000e+04
2.297800000000000000e+04
2.277100000000000000e+04
2.245200000000000000e+04
2.234900000000000000e+04
2.187200000000000000e+04
2.177800000000000000e+04
2.190800000000000000e+04
2.152300000000000000e+04
2.142600000000000000e+04
2.141200000000000000e+04
2.120100000000000000e+04
2.127400000000000000e+04
2.126800000000000000e+04
2.062600000000000000e+04
2.045600000000000000e+04
2.055300000000000000e+04
2.020900000000000000e+04
2.015600000000000000e+04
1.998300000000000000e+04
2.010200000000000000e+04
1.968400000000000000e+04
1.952700000000000000e+04
1.923000000000000000e+04
1.935300000000000000e+04
1.929500000000000000e+04
1.899200000000000000e+04
1.873600000000000000e+04
1.858900000000000000e+04
1.866100000000000000e+04
1.840700000000000000e+04
1.833100000000000000e+04
1.831300000000000000e+04
1.816600000000000000e+04
1.810600000000000000e+04
1.776800000000000000e+04
1.782800000000000000e+04
1.761600000000000000e+04
1.770400000000000000e+04
1.771600000000000000e+04
1.737400000000000000e+04
1.708200000000000000e+04
1.721100000000000000e+04
1.689500000000000000e+04
1.696600000000000000e+04
1.681700000000000000e+04
1.693900000000000000e+04
1.669200000000000000e+04
1.679100000000000000e+04
1.639800000000000000e+04
1.639900000000000000e+04
1.649100000000000000e+04
1.606200000000000000e+04
1.595500000000000000e+04
1.605400000000000000e+04
1.550200000000000000e+04
1.554400000000000000e+04
1.540900000000000000e+04
1.524100000000000000e+04
1.545200000000000000e+04
1.523500000000000000e+04
1.532200000000000000e+04
1.519100000000000000e+04
1.486300000000000000e+04
1.501100000000000000e+04
1.488900000000000000e+04
1.471900000000000000e+04
1.491500000000000000e+04
1.451500000000000000e+04
1.451100000000000000e+04
1.423200000000000000e+04
1.427000000000000000e+04
1.412400000000000000e+04
1.410600000000000000e+04
1.418400000000000000e+04
1.396700000000000000e+04
1.378300000000000000e+04
1.398400000000000000e+04
1.382900000000000000e+04
1.363200000000000000e+04
1.323700000000000000e+04
1.361000000000000000e+04
1.352200000000000000e+04
1.340400000000000000e+04
1.313600000000000000e+04
1.322200000000000000e+04
1.325100000000000000e+04
1.303400000000000000e+04
1.285600000000000000e+04
1.302600000000000000e+04
1.280800000000000000e+04
1.278200000000000000e+04
1.254100000000000000e+04
1.273900000000000000e+04
1.243600000000000000e+04
1.255300000000000000e+04
1.237400000000000000e+04
1.250700000000000000e+04
1.230500000000000000e+04
1.240700000000000000e+04
1.190200000000000000e+04
1.201300000000000000e+04
1.209100000000000000e+04
1.183900000000000000e+04
1.179600000000000000e+04
1.179800000000000000e+04
1.185800000000000000e+04
1.156700000000000000e+04
1.156900000000000000e+04
1.153200000000000000e+04
1.133500000000000000e+04
1.130100000000000000e+04
1.151600000000000000e+04
1.133900000000000000e+04
1.124100000000000000e+04
1.123700000000000000e+04
1.108900000000000000e+04
1.130000000000000000e+04
1.076100000000000000e+04
1.095600000000000000e+04
1.092000000000000000e+04
1.076900000000000000e+04
1.075900000000000000e+04
1.065800000000000000e+04
1.089400000000000000e+04
1.062400000000000000e+04
1.058500000000000000e+04
1.065500000000000000e+04
1.053700000000000000e+04
1.036700000000000000e+04
1.046000000000000000e+04
1.023700000000000000e+04
1.018600000000000000e+04
1.017600000000000000e+04
1.031900000000000000e+04
1.022400000000000000e+04
1.013000000000000000e+04
1.002100000000000000e+04
1.004900000000000000e+04
9.763000000000000000e+03
9.939000000000000000e+03
9.921000000000000000e+03
9.834000000000000000e+03
9.711000000000000000e+03
9.604000000000000000e+03
9.558000000000000000e+03
9.593000000000000000e+03
9.458000000000000000e+03
9.471000000000000000e+03
9.440000000000000000e+03
9.349000000000000000e+03
9.566000000000000000e+03
9.308000000000000000e+03
9.398000000000000000e+03
9.254000000000000000e+03
9.265000000000000000e+03
9.045000000000000000e+03
8.987000000000000000e+03
9.055000000000000000e+03
8.809000000000000000e+03
9.091000000000000000e+03
8.932000000000000000e+03
8.940000000000000000e+03
8.963000000000000000e+03
8.846000000000000000e+03
8.805000000000000000e+03
8.662000000000000000e+03
8.738000000000000000e+03
8.539000000000000000e+03
8.628000000000000000e+03
8.726000000000000000e+03
8.475000000000000000e+03
8.545000000000000000e+03
8.549000000000000000e+03
8.599000000000000000e+03
8.331000000000000000e+03
8.443000000000000000e+03
8.412000000000000000e+03
8.399000000000000000e+03
8.242000000000000000e+03
8.389000000000000000e+03
8.118000000000000000e+03
8.028000000000000000e+03
8.097000000000000000e+03
8.082000000000000000e+03
8.101000000000000000e+03
7.826000000000000000e+03
7.738000000000000000e+03
7.877000000000000000e+03
7.949000000000000000e+03
7.616000000000000000e+03
7.723000000000000000e+03
7.651000000000000000e+03
7.674000000000000000e+03
7.629000000000000000e+03
7.570000000000000000e+03
7.639000000000000000e+03
7.703000000000000000e+03
7.425000000000000000e+03
7.503000000000000000e+03
7.325000000000000000e+03
7.481000000000000000e+03
7.378000000000000000e+03
7.392000000000000000e+03
7.377000000000000000e+03
7.370000000000000000e+03
7.443000000000000000e+03
7.122000000000000000e+03
7.232000000000000000e+03
7.344000000000000000e+03
7.188000000000000000e+03
7.262000000000000000e+03
7.295000000000000000e+03
7.109000000000000000e+03
7.143000000000000000e+03
7.063000000000000000e+03
7.041000000000000000e+03
6.950000000000000000e+03
6.859000000000000000e+03
6.961000000000000000e+03
6.918000000000000000e+03
6.895000000000000000e+03
6.787000000000000000e+03
6.864000000000000000e+03
6.796000000000000000e+03
6.797000000000000000e+03
6.730000000000000000e+03
6.697000000000000000e+03
6.790000000000000000e+03
6.653000000000000000e+03
6.602000000000000000e+03
6.569000000000000000e+03
6.621000000000000000e+03
6.525000000000000000e+03
6.542000000000000000e+03
6.419000000000000000e+03
6.426000000000000000e+03
6.299000000000000000e+03
6.552000000000000000e+03
6.338000000000000000e+03
6.260000000000000000e+03
6.167000000000000000e+03
