6.398500000000000000e+04
6.725700000000000000e+04
6.932000000000000000e+04
7.277800000000000000e+04
7.565300000000000000e+04
7.944600000000000000e+04
8.339600000000000000e+04
8.666400000000000000e+04
9.164900000000000000e+04
9.579400000000000000e+04
1.005860000000000000e+05
1.055210000000000000e+05
1.111070000000000000e+05
1.174990000000000000e+05
1.236580000000000000e+05
1.307370000000000000e+05
1.392480000000000000e+05
1.472490000000000000e+05
1.567910000000000000e+05
1.664960000000000000e+05
1.778520000000000000e+05
1.903990000000000000e+05
2.033420000000000000e+05
2.193730000000000000e+05
2.359030000000000000e+05
2.543690000000000000e+05
2.757850000000000000e+05
3.001530000000000000e+05
3.274180000000000000e+05
3.580270000000000000e+05
3.926350000000000000e+05
4.345160000000000000e+05
4.809170000000000000e+05
5.354450000000000000e+05
6.006280000000000000e+05
6.769400000000000000e+05
7.694460000000000000e+05
8.791890000000000000e+05
1.012784000000000000e+06
1.179338000000000000e+06
1.382573000000000000e+06
1.640455000000000000e+06
1.960073000000000000e+06
2.370804000000000000e+06
2.886633000000000000e+06
3.522890000000000000e+06
4.276213000000000000e+06
5.090535000000000000e+06
5.827780000000000000e+06
6.283880000000000000e+06
6.286761000000000000e+06
5.827726000000000000e+06
5.092005000000000000e+06
4.271561000000000000e+06
3.522165000000000000e+06
2.885628000000000000e+06
2.370748000000000000e+06
1.965345000000000000e+06
1.640165000000000000e+06
1.381094000000000000e+06
1.178803000000000000e+06
1.010993000000000000e+06
8.809520000000000000e+05
7.683470000000000000e+05
6.777040000000000000e+05
6.001610000000000000e+05
5.355060000000000000e+05
4.801980000000000000e+05
4.336820000000000000e+05
3.926470000000000000e+05
3.582310000000000000e+05
3.270400000000000000e+05
2.999870000000000000e+05
2.750440000000000000e+05
2.538740000000000000e+05
2.360550000000000000e+05
2.183590000000000000e+05
2.042600000000000000e+05
1.897740000000000000e+05
1.776910000000000000e+05
1.661700000000000000e+05
1.563290000000000000e+05
1.477000000000000000e+05
1.385920000000000000e+05
1.305440000000000000e+05
1.242800000000000000e+05
1.171860000000000000e+05
1.116590000000000000e+05
1.055490000000000000e+05
1.007950000000000000e+05
9.541000000000000000e+04
9.106100000000000000e+04
8.635700000000000000e+04
8.292800000000000000e+04
7.963800000000000000e+04
7.602000000000000000e+04
7.310100000000000000e+04
6.990500000000000000e+04
6.698000000000000000e+04
6.434100000000000000e+04
