6.493600000000000000e+04
6.670500000000000000e+04
7.016900000000000000e+04
7.302800000000000000e+04
7.570100000000000000e+04
7.937200000000000000e+04
8.273200000000000000e+04
8.703700000000000000e+04
9.129400000000000000e+04
9.608200000000000000e+04
1.002400000000000000e+05
1.055890000000000000e+05
1.113270000000000000e+05
1.171280000000000000e+05
1.241010000000000000e+05
1.307950000000000000e+05
1.390010000000000000e+05
1.470430000000000000e+05
1.567840000000000000e+05
1.662420000000000000e+05
1.779320000000000000e+05
1.906760000000000000e+05
2.037990000000000000e+05
2.187760000000000000e+05
2.355480000000000000e+05
2.536280000000000000e+05
2.756560000000000000e+05
2.993380000000000000e+05
3.263530000000000000e+05
3.581060000000000000e+05
3.930310000000000000e+05
4.335200000000000000e+05
4.810990000000000000e+05
5.352370000000000000e+05
6.010880000000000000e+05
6.780220000000000000e+05
7.688510000000000000e+05
8.783550000000000000e+05
1.013418000000000000e+06
1.177901000000000000e+06
1.384284000000000000e+06
1.639490000000000000e+06
1.960897000000000000e+06
2.371263000000000000e+06
2.889706000000000000e+06
3.522308000000000000e+06
4.274177000000000000e+06
5.090131000000000000e+06
5.828187000000000000e+06
6.281683000000000000e+06
6.284166000000000000e+06
5.828812000000000000e+06
5.091035000000000000e+06
4.272301000000000000e+06
3.521723000000000000e+06
2.885074000000000000e+06
2.370852000000000000e+06
1.963179000000000000e+06
1.638676000000000000e+06
1.383554000000000000e+06
1.177336000000000000e+06
1.013788000000000000e+06
8.783290000000000000e+05
7.690120000000000000e+05
6.779540000000000000e+05
6.009370000000000000e+05
5.353300000000000000e+05
4.799640000000000000e+05
4.322580000000000000e+05
3.932430000000000000e+05
3.570060000000000000e+05
3.261600000000000000e+05
2.998640000000000000e+05
2.759260000000000000e+05
2.537680000000000000e+05
2.355660000000000000e+05
2.186450000000000000e+05
2.037790000000000000e+05
1.907100000000000000e+05
1.777250000000000000e+05
1.661480000000000000e+05
1.571680000000000000e+05
1.471070000000000000e+05
1.386920000000000000e+05
1.307410000000000000e+05
1.240480000000000000e+05
1.173570000000000000e+05
1.113720000000000000e+05
1.050460000000000000e+05
1.004100000000000000e+05
9.584600000000000000e+04
9.057400000000000000e+04
8.711900000000000000e+04
8.313400000000000000e+04
7.942500000000000000e+04
7.564600000000000000e+04
7.338400000000000000e+04
7.003200000000000000e+04
6.722700000000000000e+04
6.456800000000000000e+04
