6.348000000000000000e+03
6.335000000000000000e+03
6.513000000000000000e+03
6.362000000000000000e+03
6.397000000000000000e+03
6.481000000000000000e+03
6.464000000000000000e+03
6.545000000000000000e+03
6.440000000000000000e+03
6.651000000000000000e+03
6.493000000000000000e+03
6.576000000000000000e+03
6.555000000000000000e+03
6.602000000000000000e+03
6.705000000000000000e+03
6.865000000000000000e+03
6.823000000000000000e+03
6.793000000000000000e+03
6.698000000000000000e+03
6.908000000000000000e+03
6.858000000000000000e+03
6.872000000000000000e+03
6.833000000000000000e+03
6.877000000000000000e+03
6.933000000000000000e+03
6.888000000000000000e+03
7.157000000000000000e+03
6.974000000000000000e+03
7.257000000000000000e+03
7.165000000000000000e+03
7.022000000000000000e+03
7.189000000000000000e+03
7.270000000000000000e+03
7.450000000000000000e+03
7.276000000000000000e+03
7.303000000000000000e+03
7.335000000000000000e+03
7.478000000000000000e+03
7.375000000000000000e+03
7.362000000000000000e+03
7.474000000000000000e+03
7.454000000000000000e+03
7.417000000000000000e+03
7.386000000000000000e+03
7.631000000000000000e+03
7.482000000000000000e+03
7.761000000000000000e+03
7.525000000000000000e+03
7.666000000000000000e+03
7.596000000000000000e+03
7.830000000000000000e+03
7.912000000000000000e+03
7.853000000000000000e+03
8.012000000000000000e+03
8.080000000000000000e+03
7.892000000000000000e+03
7.786000000000000000e+03
7.957000000000000000e+03
7.983000000000000000e+03
8.085000000000000000e+03
8.319000000000000000e+03
8.229000000000000000e+03
8.071000000000000000e+03
8.209000000000000000e+03
8.317000000000000000e+03
8.316000000000000000e+03
8.138000000000000000e+03
8.329000000000000000e+03
8.498000000000000000e+03
8.415000000000000000e+03
8.459000000000000000e+03
8.584000000000000000e+03
8.593000000000000000e+03
8.600000000000000000e+03
8.624000000000000000e+03
8.626000000000000000e+03
8.884000000000000000e+03
8.861000000000000000e+03
8.761000000000000000e+03
8.836000000000000000e+03
9.066000000000000000e+03
8.875000000000000000e+03
8.996000000000000000e+03
9.027000000000000000e+03
9.267000000000000000e+03
9.100000000000000000e+03
9.200000000000000000e+03
9.334000000000000000e+03
9.182000000000000000e+03
9.371000000000000000e+03
9.386000000000000000e+03
9.339000000000000000e+03
9.464000000000000000e+03
9.433000000000000000e+03
9.497000000000000000e+03
9.619000000000000000e+03
9.658000000000000000e+03
9.652000000000000000e+03
9.505000000000000000e+03
9.735000000000000000e+03
9.802000000000000000e+03
9.863000000000000000e+03
9.784000000000000000e+03
9.911000000000000000e+03
9.944000000000000000e+03
1.023900000000000000e+04
1.017300000000000000e+04
1.003700000000000000e+04
1.007400000000000000e+04
1.022500000000000000e+04
1.049500000000000000e+04
1.040200000000000000e+04
1.045700000000000000e+04
1.049300000000000000e+04
1.056200000000000000e+04
1.052300000000000000e+04
1.041800000000000000e+04
1.054800000000000000e+04
1.084800000000000000e+04
1.084300000000000000e+04
1.087600000000000000e+04
1.078400000000000000e+04
1.098600000000000000e+04
1.099100000000000000e+04
1.093200000000000000e+04
1.111500000000000000e+04
1.145100000000000000e+04
1.128600000000000000e+04
1.133100000000000000e+04
1.136300000000000000e+04
1.137200000000000000e+04
1.138200000000000000e+04
1.157500000000000000e+04
1.157700000000000000e+04
1.182800000000000000e+04
1.186000000000000000e+04
1.198600000000000000e+04
1.171200000000000000e+04
1.198200000000000000e+04
1.205500000000000000e+04
1.200400000000000000e+04
1.221400000000000000e+04
1.225100000000000000e+04
1.248000000000000000e+04
1.232800000000000000e+04
1.249300000000000000e+04
1.247800000000000000e+04
1.270100000000000000e+04
1.277700000000000000e+04
1.274200000000000000e+04
1.269800000000000000e+04
1.278500000000000000e+04
1.295500000000000000e+04
1.315800000000000000e+04
1.296000000000000000e+04
1.312000000000000000e+04
1.318100000000000000e+04
1.306100000000000000e+04
1.322700000000000000e+04
1.330400000000000000e+04
1.355900000000000000e+04
1.364600000000000000e+04
1.376200000000000000e+04
1.371800000000000000e+04
1.365900000000000000e+04
1.381300000000000000e+04
1.385700000000000000e+04
1.398700000000000000e+04
1.411800000000000000e+04
1.424500000000000000e+04
1.450700000000000000e+04
1.422000000000000000e+04
1.461700000000000000e+04
1.467400000000000000e+04
1.484500000000000000e+04
1.467300000000000000e+04
1.483500000000000000e+04
1.506600000000000000e+04
1.488200000000000000e+04
1.524600000000000000e+04
1.498000000000000000e+04
1.538900000000000000e+04
1.555100000000000000e+04
1.551700000000000000e+04
1.551700000000000000e+04
1.590800000000000000e+04
1.597000000000000000e+04
1.600000000000000000e+04
1.596400000000000000e+04
1.595000000000000000e+04
1.616500000000000000e+04
1.620100000000000000e+04
1.649100000000000000e+04
1.655100000000000000e+04
1.675200000000000000e+04
1.670900000000000000e+04
1.670200000000000000e+04
1.694600000000000000e+04
1.697700000000000000e+04
1.697100000000000000e+04
1.707300000000000000e+04
1.740400000000000000e+04
1.752500000000000000e+04
1.772800000000000000e+04
1.779400000000000000e+04
1.747200000000000000e+04
1.790900000000000000e+04
1.824600000000000000e+04
1.830500000000000000e+04
1.808800000000000000e+04
1.814000000000000000e+04
1.869300000000000000e+04
1.876100000000000000e+04
1.875600000000000000e+04
1.900000000000000000e+04
1.887700000000000000e+04
1.917600000000000000e+04
1.932000000000000000e+04
1.951300000000000000e+04
1.955800000000000000e+04
1.977000000000000000e+04
2.010200000000000000e+04
1.992400000000000000e+04
2.047700000000000000e+04
2.013900000000000000e+04
2.056300000000000000e+04
2.068600000000000000e+04
2.083700000000000000e+04
2.064800000000000000e+04
2.082700000000000000e+04
2.112000000000000000e+04
2.113100000000000000e+04
2.138700000000000000e+04
2.175500000000000000e+04
2.187200000000000000e+04
2.204200000000000000e+04
2.192700000000000000e+04
2.206800000000000000e+04
2.246300000000000000e+04
2.248800000000000000e+04
2.280800000000000000e+04
2.293100000000000000e+04
2.327300000000000000e+04
2.330500000000000000e+04
2.345200000000000000e+04
2.354500000000000000e+04
2.404100000000000000e+04
2.414800000000000000e+04
2.399500000000000000e+04
2.434500000000000000e+04
2.459700000000000000e+04
2.476400000000000000e+04
2.503800000000000000e+04
2.514200000000000000e+04
2.514900000000000000e+04
2.550700000000000000e+04
2.578900000000000000e+04
2.596100000000000000e+04
2.626200000000000000e+04
2.651000000000000000e+04
2.674500000000000000e+04
2.687500000000000000e+04
2.691500000000000000e+04
2.716200000000000000e+04
2.766500000000000000e+04
2.748700000000000000e+04
2.773800000000000000e+04
2.802900000000000000e+04
2.815900000000000000e+04
2.847200000000000000e+04
2.899700000000000000e+04
2.902500000000000000e+04
2.914200000000000000e+04
2.945200000000000000e+04
2.966500000000000000e+04
2.995600000000000000e+04
3.035600000000000000e+04
3.080900000000000000e+04
3.082100000000000000e+04
3.124500000000000000e+04
3.161100000000000000e+04
3.142200000000000000e+04
3.192600000000000000e+04
3.205100000000000000e+04
3.255000000000000000e+04
3.277900000000000000e+04
3.312100000000000000e+04
3.308900000000000000e+04
3.347300000000000000e+04
3.417300000000000000e+04
3.437400000000000000e+04
3.465900000000000000e+04
3.475100000000000000e+04
3.517100000000000000e+04
3.533600000000000000e+04
3.611700000000000000e+04
3.634600000000000000e+04
3.664300000000000000e+04
3.703900000000000000e+04
3.729600000000000000e+04
3.738200000000000000e+04
3.779800000000000000e+04
3.856500000000000000e+04
3.866500000000000000e+04
3.913100000000000000e+04
3.955800000000000000e+04
3.993800000000000000e+04
4.021000000000000000e+04
4.081600000000000000e+04
4.103400000000000000e+04
4.140800000000000000e+04
4.174200000000000000e+04
4.263100000000000000e+04
4.297800000000000000e+04
4.316800000000000000e+04
4.408500000000000000e+04
4.396800000000000000e+04
4.460800000000000000e+04
4.515200000000000000e+04
4.545600000000000000e+04
4.616300000000000000e+04
4.689000000000000000e+04
4.689400000000000000e+04
4.693400000000000000e+04
4.763000000000000000e+04
4.852300000000000000e+04
4.913200000000000000e+04
4.904300000000000000e+04
4.996900000000000000e+04
5.076200000000000000e+04
5.074400000000000000e+04
5.120700000000000000e+04
5.160600000000000000e+04
5.260600000000000000e+04
5.327600000000000000e+04
5.395900000000000000e+04
5.451500000000000000e+04
5.512900000000000000e+04
5.571900000000000000e+04
5.646900000000000000e+04
5.704800000000000000e+04
5.758300000000000000e+04
5.796400000000000000e+04
5.864800000000000000e+04
5.995900000000000000e+04
6.065300000000000000e+04
6.103300000000000000e+04
6.156300000000000000e+04
6.269500000000000000e+04
6.309100000000000000e+04
6.385400000000000000e+04
6.495100000000000000e+04
6.559100000000000000e+04
6.615800000000000000e+04
6.686800000000000000e+04
6.844800000000000000e+04
6.889500000000000000e+04
6.926800000000000000e+04
7.102700000000000000e+04
7.155300000000000000e+04
7.224600000000000000e+04
7.370900000000000000e+04
7.414400000000000000e+04
7.534200000000000000e+04
7.656200000000000000e+04
7.786400000000000000e+04
7.881000000000000000e+04
7.971400000000000000e+04
8.051100000000000000e+04
8.157900000000000000e+04
8.286300000000000000e+04
8.314400000000000000e+04
8.439700000000000000e+04
8.588500000000000000e+04
8.710900000000000000e+04
8.828800000000000000e+04
8.991400000000000000e+04
9.093600000000000000e+04
9.224200000000000000e+04
9.312000000000000000e+04
9.474300000000000000e+04
9.670800000000000000e+04
9.764100000000000000e+04
9.871800000000000000e+04
1.004350000000000000e+05
1.019520000000000000e+05
1.035240000000000000e+05
1.046220000000000000e+05
1.066330000000000000e+05
1.085430000000000000e+05
1.098400000000000000e+05
1.117290000000000000e+05
1.135340000000000000e+05
1.150640000000000000e+05
1.167980000000000000e+05
1.184250000000000000e+05
1.200000000000000000e+05
1.220190000000000000e+05
1.237180000000000000e+05
1.263220000000000000e+05
1.286360000000000000e+05
1.311760000000000000e+05
1.324990000000000000e+05
1.350940000000000000e+05
1.368350000000000000e+05
1.397200000000000000e+05
1.410220000000000000e+05
1.431040000000000000e+05
1.463630000000000000e+05
1.496240000000000000e+05
1.508800000000000000e+05
1.540700000000000000e+05
1.562580000000000000e+05
1.588370000000000000e+05
1.624740000000000000e+05
1.646680000000000000e+05
1.673490000000000000e+05
1.713450000000000000e+05
1.743650000000000000e+05
1.767380000000000000e+05
1.805080000000000000e+05
1.838390000000000000e+05
1.867310000000000000e+05
1.913980000000000000e+05
1.941580000000000000e+05
1.977030000000000000e+05
2.013680000000000000e+05
2.047420000000000000e+05
2.081750000000000000e+05
2.138860000000000000e+05
2.170800000000000000e+05
2.213660000000000000e+05
2.258300000000000000e+05
2.306890000000000000e+05
2.334640000000000000e+05
2.378560000000000000e+05
2.439410000000000000e+05
2.483120000000000000e+05
2.528900000000000000e+05
2.585140000000000000e+05
2.631210000000000000e+05
2.700170000000000000e+05
2.746420000000000000e+05
2.796220000000000000e+05
2.846850000000000000e+05
2.905890000000000000e+05
2.964020000000000000e+05
3.019870000000000000e+05
3.098490000000000000e+05
3.156290000000000000e+05
3.214830000000000000e+05
3.282080000000000000e+05
3.345600000000000000e+05
3.413350000000000000e+05
3.487120000000000000e+05
3.558240000000000000e+05
3.620330000000000000e+05
3.695960000000000000e+05
3.767810000000000000e+05
3.844610000000000000e+05
3.919630000000000000e+05
4.000500000000000000e+05
4.066570000000000000e+05
4.152870000000000000e+05
4.224650000000000000e+05
4.310470000000000000e+05
4.395470000000000000e+05
4.473830000000000000e+05
4.563400000000000000e+05
4.642860000000000000e+05
4.725330000000000000e+05
4.793160000000000000e+05
4.893960000000000000e+05
4.993110000000000000e+05
5.050100000000000000e+05
5.127310000000000000e+05
5.209080000000000000e+05
5.286410000000000000e+05
5.380130000000000000e+05
5.434430000000000000e+05
5.538510000000000000e+05
5.596460000000000000e+05
5.670840000000000000e+05
5.739440000000000000e+05
5.796660000000000000e+05
5.896090000000000000e+05
5.951770000000000000e+05
5.999900000000000000e+05
6.060490000000000000e+05
6.099580000000000000e+05
6.146060000000000000e+05
6.188110000000000000e+05
6.235000000000000000e+05
6.261950000000000000e+05
6.278830000000000000e+05
6.308940000000000000e+05
6.320890000000000000e+05
6.358210000000000000e+05
6.354760000000000000e+05
6.370430000000000000e+05
6.371170000000000000e+05
6.359380000000000000e+05
6.351120000000000000e+05
6.342420000000000000e+05
6.319120000000000000e+05
6.277390000000000000e+05
6.252300000000000000e+05
6.227840000000000000e+05
6.186490000000000000e+05
6.153480000000000000e+05
6.113070000000000000e+05
6.049480000000000000e+05
6.009660000000000000e+05
5.938310000000000000e+05
5.869170000000000000e+05
5.805060000000000000e+05
5.732660000000000000e+05
5.671860000000000000e+05
5.586100000000000000e+05
5.518200000000000000e+05
5.446610000000000000e+05
5.370280000000000000e+05
5.287190000000000000e+05
5.208350000000000000e+05
5.134200000000000000e+05
5.055470000000000000e+05
4.962090000000000000e+05
4.886740000000000000e+05
4.803070000000000000e+05
4.721490000000000000e+05
4.637950000000000000e+05
4.555120000000000000e+05
4.469660000000000000e+05
4.395140000000000000e+05
4.306170000000000000e+05
4.231760000000000000e+05
4.160420000000000000e+05
4.085870000000000000e+05
3.989580000000000000e+05
3.917830000000000000e+05
3.855630000000000000e+05
3.775810000000000000e+05
3.687870000000000000e+05
3.627140000000000000e+05
3.552680000000000000e+05
3.484140000000000000e+05
3.421280000000000000e+05
3.341440000000000000e+05
3.276000000000000000e+05
3.213510000000000000e+05
3.162430000000000000e+05
3.088650000000000000e+05
3.027630000000000000e+05
2.974170000000000000e+05
2.909620000000000000e+05
2.839490000000000000e+05
2.787360000000000000e+05
2.745580000000000000e+05
2.678800000000000000e+05
2.633430000000000000e+05
2.588370000000000000e+05
2.534910000000000000e+05
2.481150000000000000e+05
2.432360000000000000e+05
2.385990000000000000e+05
2.341170000000000000e+05
2.297090000000000000e+05
2.246370000000000000e+05
2.206860000000000000e+05
2.168150000000000000e+05
2.131690000000000000e+05
2.093860000000000000e+05
2.046390000000000000e+05
2.017360000000000000e+05
1.975180000000000000e+05
1.946400000000000000e+05
1.905500000000000000e+05
1.877440000000000000e+05
1.833130000000000000e+05
1.801660000000000000e+05
1.778890000000000000e+05
1.741000000000000000e+05
1.702410000000000000e+05
1.677510000000000000e+05
1.648300000000000000e+05
1.621710000000000000e+05
1.603510000000000000e+05
1.563400000000000000e+05
1.541330000000000000e+05
1.522710000000000000e+05
1.488920000000000000e+05
1.461610000000000000e+05
1.444330000000000000e+05
1.418250000000000000e+05
1.392180000000000000e+05
1.368450000000000000e+05
1.345180000000000000e+05
1.321010000000000000e+05
1.307530000000000000e+05
1.283200000000000000e+05
1.266150000000000000e+05
1.249460000000000000e+05
1.219370000000000000e+05
1.205040000000000000e+05
1.187510000000000000e+05
1.169790000000000000e+05
1.152740000000000000e+05
1.131580000000000000e+05
1.114810000000000000e+05
1.100820000000000000e+05
1.086410000000000000e+05
1.063760000000000000e+05
1.050370000000000000e+05
1.035640000000000000e+05
1.019390000000000000e+05
1.002890000000000000e+05
9.905200000000000000e+04
9.731200000000000000e+04
9.599000000000000000e+04
9.505600000000000000e+04
9.348400000000000000e+04
9.166900000000000000e+04
9.079500000000000000e+04
8.956500000000000000e+04
8.808600000000000000e+04
8.720000000000000000e+04
8.556500000000000000e+04
8.521600000000000000e+04
8.397800000000000000e+04
8.226400000000000000e+04
8.191500000000000000e+04
8.089600000000000000e+04
7.950900000000000000e+04
7.799000000000000000e+04
7.669500000000000000e+04
7.602500000000000000e+04
7.543200000000000000e+04
7.452400000000000000e+04
7.318300000000000000e+04
7.220900000000000000e+04
7.141500000000000000e+04
7.045900000000000000e+04
6.994900000000000000e+04
6.832700000000000000e+04
6.771000000000000000e+04
6.771300000000000000e+04
6.635900000000000000e+04
6.606400000000000000e+04
6.459300000000000000e+04
6.410200000000000000e+04
6.339200000000000000e+04
6.288200000000000000e+04
6.180500000000000000e+04
6.144900000000000000e+04
6.056000000000000000e+04
5.984000000000000000e+04
5.906900000000000000e+04
5.830400000000000000e+04
5.782000000000000000e+04
5.703300000000000000e+04
5.621700000000000000e+04
5.529900000000000000e+04
5.533000000000000000e+04
5.436000000000000000e+04
5.387500000000000000e+04
5.310700000000000000e+04
5.265400000000000000e+04
5.192600000000000000e+04
5.182100000000000000e+04
5.113800000000000000e+04
5.039900000000000000e+04
5.000700000000000000e+04
4.960800000000000000e+04
4.912800000000000000e+04
4.852200000000000000e+04
4.802800000000000000e+04
4.751000000000000000e+04
4.663300000000000000e+04
4.625600000000000000e+04
4.599500000000000000e+04
4.553700000000000000e+04
4.495000000000000000e+04
4.460900000000000000e+04
4.408100000000000000e+04
4.346100000000000000e+04
4.301000000000000000e+04
4.264500000000000000e+04
4.245500000000000000e+04
4.166700000000000000e+04
4.154800000000000000e+04
4.100200000000000000e+04
4.090100000000000000e+04
4.014700000000000000e+04
3.988200000000000000e+04
3.957500000000000000e+04
3.900100000000000000e+04
3.859900000000000000e+04
3.819000000000000000e+04
3.803000000000000000e+04
3.733200000000000000e+04
3.753600000000000000e+04
3.685000000000000000e+04
3.648800000000000000e+04
3.609200000000000000e+04
3.606600000000000000e+04
3.572300000000000000e+04
3.512800000000000000e+04
3.497400000000000000e+04
3.445500000000000000e+04
3.431700000000000000e+04
3.425500000000000000e+04
3.369700000000000000e+04
3.327800000000000000e+04
3.284500000000000000e+04
3.292400000000000000e+04
3.235100000000000000e+04
3.211800000000000000e+04
3.215400000000000000e+04
3.170000000000000000e+04
3.133000000000000000e+04
3.116500000000000000e+04
3.102500000000000000e+04
3.046000000000000000e+04
3.045900000000000000e+04
3.008100000000000000e+04
2.999000000000000000e+04
2.971200000000000000e+04
2.926100000000000000e+04
2.911600000000000000e+04
2.904900000000000000e+04
2.845400000000000000e+04
2.832100000000000000e+04
2.821200000000000000e+04
2.775500000000000000e+04
2.736600000000000000e+04
2.764400000000000000e+04
2.744600000000000000e+04
2.717200000000000000e+04
2.674800000000000000e+04
2.676800000000000000e+04
2.632300000000000000e+04
2.615500000000000000e+04
2.612600000000000000e+04
2.565500000000000000e+04
2.557400000000000000e+04
2.524000000000000000e+04
2.505300000000000000e+04
2.506500000000000000e+04
2.490700000000000000e+04
2.449800000000000000e+04
2.435300000000000000e+04
2.428800000000000000e+04
2.395100000000000000e+04
2.379500000000000000e+04
2.373700000000000000e+04
2.355700000000000000e+04
2.339600000000000000e+04
2.345800000000000000e+04
2.288300000000000000e+04
2.288600000000000000e+04
2.249800000000000000e+04
2.225600000000000000e+04
2.231800000000000000e+04
2.209100000000000000e+04
2.172500000000000000e+04
2.200200000000000000e+04
2.164400000000000000e+04
2.155100000000000000e+04
2.147400000000000000e+04
2.121700000000000000e+04
2.103700000000000000e+04
2.089600000000000000e+04
2.087100000000000000e+04
2.071000000000000000e+04
2.039400000000000000e+04
2.004200000000000000e+04
2.008500000000000000e+04
1.997000000000000000e+04
1.982900000000000000e+04
1.973700000000000000e+04
1.912200000000000000e+04
1.935100000000000000e+04
1.935400000000000000e+04
1.940000000000000000e+04
1.875100000000000000e+04
1.891100000000000000e+04
1.848500000000000000e+04
1.876600000000000000e+04
1.857800000000000000e+04
1.853400000000000000e+04
1.826800000000000000e+04
1.795400000000000000e+04
1.810300000000000000e+04
1.782700000000000000e+04
1.776700000000000000e+04
1.773600000000000000e+04
1.779000000000000000e+04
1.759500000000000000e+04
1.728700000000000000e+04
1.714200000000000000e+04
1.719600000000000000e+04
1.705600000000000000e+04
1.704100000000000000e+04
1.683600000000000000e+04
1.691900000000000000e+04
1.657500000000000000e+04
1.661800000000000000e+04
1.648300000000000000e+04
1.615700000000000000e+04
1.609000000000000000e+04
1.628300000000000000e+04
1.588200000000000000e+04
1.598600000000000000e+04
1.574300000000000000e+04
1.574700000000000000e+04
1.572900000000000000e+04
1.515100000000000000e+04
1.538700000000000000e+04
1.527100000000000000e+04
1.528900000000000000e+04
1.554600000000000000e+04
1.498900000000000000e+04
1.502200000000000000e+04
1.495000000000000000e+04
1.501400000000000000e+04
1.456400000000000000e+04
1.481200000000000000e+04
1.453700000000000000e+04
1.438900000000000000e+04
1.424100000000000000e+04
1.443000000000000000e+04
1.434400000000000000e+04
1.405700000000000000e+04
1.389000000000000000e+04
1.383200000000000000e+04
1.394900000000000000e+04
1.374600000000000000e+04
1.362900000000000000e+04
1.335100000000000000e+04
1.340700000000000000e+04
1.331500000000000000e+04
1.325300000000000000e+04
1.317900000000000000e+04
1.305000000000000000e+04
1.295200000000000000e+04
1.307900000000000000e+04
1.290200000000000000e+04
1.286800000000000000e+04
1.285300000000000000e+04
1.272900000000000000e+04
1.261800000000000000e+04
1.265700000000000000e+04
1.262400000000000000e+04
1.247600000000000000e+04
1.226300000000000000e+04
1.234000000000000000e+04
1.226100000000000000e+04
1.223500000000000000e+04
1.218800000000000000e+04
1.207300000000000000e+04
1.210300000000000000e+04
1.201100000000000000e+04
1.196900000000000000e+04
1.189000000000000000e+04
1.169000000000000000e+04
1.172000000000000000e+04
1.160300000000000000e+04
1.137500000000000000e+04
1.145200000000000000e+04
1.147500000000000000e+04
1.119700000000000000e+04
1.132500000000000000e+04
1.120100000000000000e+04
1.111700000000000000e+04
1.116100000000000000e+04
1.111100000000000000e+04
1.092600000000000000e+04
1.096000000000000000e+04
1.092200000000000000e+04
1.082800000000000000e+04
1.070500000000000000e+04
1.085500000000000000e+04
1.056300000000000000e+04
1.068400000000000000e+04
1.073300000000000000e+04
1.054200000000000000e+04
1.049900000000000000e+04
1.049600000000000000e+04
1.042600000000000000e+04
1.024200000000000000e+04
1.031900000000000000e+04
1.018000000000000000e+04
1.029900000000000000e+04
1.012400000000000000e+04
1.011000000000000000e+04
9.941000000000000000e+03
9.966000000000000000e+03
9.874000000000000000e+03
9.794000000000000000e+03
9.738000000000000000e+03
9.861000000000000000e+03
9.857000000000000000e+03
9.651000000000000000e+03
9.410000000000000000e+03
9.635000000000000000e+03
9.595000000000000000e+03
9.522000000000000000e+03
9.376000000000000000e+03
9.585000000000000000e+03
9.308000000000000000e+03
9.376000000000000000e+03
9.231000000000000000e+03
8.969000000000000000e+03
9.239000000000000000e+03
9.161000000000000000e+03
8.975000000000000000e+03
9.070000000000000000e+03
9.044000000000000000e+03
8.695000000000000000e+03
8.808000000000000000e+03
8.870000000000000000e+03
8.671000000000000000e+03
8.790000000000000000e+03
8.787000000000000000e+03
8.701000000000000000e+03
8.501000000000000000e+03
8.637000000000000000e+03
8.679000000000000000e+03
8.672000000000000000e+03
8.499000000000000000e+03
8.516000000000000000e+03
8.616000000000000000e+03
8.576000000000000000e+03
8.534000000000000000e+03
8.264000000000000000e+03
8.307000000000000000e+03
8.239000000000000000e+03
8.187000000000000000e+03
8.130000000000000000e+03
7.999000000000000000e+03
8.206000000000000000e+03
8.052000000000000000e+03
8.139000000000000000e+03
7.987000000000000000e+03
8.018000000000000000e+03
7.880000000000000000e+03
7.913000000000000000e+03
7.859000000000000000e+03
7.929000000000000000e+03
7.832000000000000000e+03
7.710000000000000000e+03
7.697000000000000000e+03
7.646000000000000000e+03
7.714000000000000000e+03
7.663000000000000000e+03
7.619000000000000000e+03
7.417000000000000000e+03
7.509000000000000000e+03
7.501000000000000000e+03
7.530000000000000000e+03
7.452000000000000000e+03
7.454000000000000000e+03
7.210000000000000000e+03
7.348000000000000000e+03
7.281000000000000000e+03
7.250000000000000000e+03
7.156000000000000000e+03
7.270000000000000000e+03
7.142000000000000000e+03
6.994000000000000000e+03
7.047000000000000000e+03
7.258000000000000000e+03
7.233000000000000000e+03
7.062000000000000000e+03
6.947000000000000000e+03
6.938000000000000000e+03
6.884000000000000000e+03
6.886000000000000000e+03
6.851000000000000000e+03
6.875000000000000000e+03
6.851000000000000000e+03
6.860000000000000000e+03
6.915000000000000000e+03
6.852000000000000000e+03
6.700000000000000000e+03
6.774000000000000000e+03
6.594000000000000000e+03
6.701000000000000000e+03
6.602000000000000000e+03
6.537000000000000000e+03
6.504000000000000000e+03
6.586000000000000000e+03
6.668000000000000000e+03
6.435000000000000000e+03
6.513000000000000000e+03
6.435000000000000000e+03
6.361000000000000000e+03
6.393000000000000000e+03
6.383000000000000000e+03
6.240000000000000000e+03
