6.385700000000000000e+04
6.675600000000000000e+04
6.947100000000000000e+04
7.314000000000000000e+04
7.639400000000000000e+04
7.913500000000000000e+04
8.248600000000000000e+04
8.699600000000000000e+04
9.106000000000000000e+04
9.538600000000000000e+04
1.007040000000000000e+05
1.056500000000000000e+05
1.111050000000000000e+05
1.180710000000000000e+05
1.236450000000000000e+05
1.313680000000000000e+05
1.391540000000000000e+05
1.473730000000000000e+05
1.561660000000000000e+05
1.664310000000000000e+05
1.781710000000000000e+05
1.900820000000000000e+05
2.043130000000000000e+05
2.193320000000000000e+05
2.362730000000000000e+05
2.551340000000000000e+05
2.748830000000000000e+05
2.997950000000000000e+05
3.264920000000000000e+05
3.573460000000000000e+05
3.922550000000000000e+05
4.337700000000000000e+05
4.809490000000000000e+05
5.352550000000000000e+05
6.005620000000000000e+05
6.769840000000000000e+05
7.672620000000000000e+05
8.774490000000000000e+05
1.013168000000000000e+06
1.179429000000000000e+06
1.382764000000000000e+06
1.638907000000000000e+06
1.960924000000000000e+06
2.371953000000000000e+06
2.884524000000000000e+06
3.521727000000000000e+06
4.274630000000000000e+06
5.087255000000000000e+06
5.829411000000000000e+06
6.286923000000000000e+06
6.287988000000000000e+06
5.830694000000000000e+06
5.089341000000000000e+06
4.273862000000000000e+06
3.519242000000000000e+06
2.887857000000000000e+06
2.371379000000000000e+06
1.960298000000000000e+06
1.639685000000000000e+06
1.383994000000000000e+06
1.178991000000000000e+06
1.015015000000000000e+06
8.794340000000000000e+05
7.680050000000000000e+05
6.760210000000000000e+05
5.999720000000000000e+05
5.353770000000000000e+05
4.816330000000000000e+05
4.340550000000000000e+05
3.922930000000000000e+05
3.586760000000000000e+05
3.266600000000000000e+05
2.999800000000000000e+05
2.763370000000000000e+05
2.546040000000000000e+05
2.352830000000000000e+05
2.192650000000000000e+05
2.037660000000000000e+05
1.906080000000000000e+05
1.773610000000000000e+05
1.668940000000000000e+05
1.565920000000000000e+05
1.471870000000000000e+05
1.388180000000000000e+05
1.306960000000000000e+05
1.240040000000000000e+05
1.174580000000000000e+05
1.112810000000000000e+05
1.054330000000000000e+05
1.003550000000000000e+05
9.540600000000000000e+04
9.077500000000000000e+04
8.709200000000000000e+04
8.296900000000000000e+04
8.028300000000000000e+04
7.614700000000000000e+04
7.255200000000000000e+04
6.961000000000000000e+04
6.692600000000000000e+04
6.478600000000000000e+04
