6.424700000000000000e+04
6.698700000000000000e+04
6.992200000000000000e+04
7.299200000000000000e+04
7.583300000000000000e+04
7.971000000000000000e+04
8.256700000000000000e+04
8.711100000000000000e+04
9.056000000000000000e+04
9.575800000000000000e+04
1.000320000000000000e+05
1.061180000000000000e+05
1.110580000000000000e+05
1.170810000000000000e+05
1.234720000000000000e+05
1.307470000000000000e+05
1.387850000000000000e+05
1.483160000000000000e+05
1.558250000000000000e+05
1.662770000000000000e+05
1.773870000000000000e+05
1.904480000000000000e+05
2.043940000000000000e+05
2.189540000000000000e+05
2.360150000000000000e+05
2.548070000000000000e+05
2.760240000000000000e+05
3.000700000000000000e+05
3.264090000000000000e+05
3.572450000000000000e+05
3.925720000000000000e+05
4.336930000000000000e+05
4.809820000000000000e+05
5.353870000000000000e+05
5.999360000000000000e+05
6.767070000000000000e+05
7.684140000000000000e+05
8.778410000000000000e+05
1.012600000000000000e+06
1.177985000000000000e+06
1.382507000000000000e+06
1.638706000000000000e+06
1.964564000000000000e+06
2.370221000000000000e+06
2.885026000000000000e+06
3.520668000000000000e+06
4.270564000000000000e+06
5.090016000000000000e+06
5.831044000000000000e+06
6.291886000000000000e+06
6.280663000000000000e+06
5.827933000000000000e+06
5.091487000000000000e+06
4.279312000000000000e+06
3.520755000000000000e+06
2.885222000000000000e+06
2.371363000000000000e+06
1.962148000000000000e+06
1.641467000000000000e+06
1.383310000000000000e+06
1.179102000000000000e+06
1.012772000000000000e+06
8.805980000000000000e+05
7.686930000000000000e+05
6.776150000000000000e+05
5.999830000000000000e+05
5.355010000000000000e+05
4.827830000000000000e+05
4.327920000000000000e+05
3.931730000000000000e+05
3.587100000000000000e+05
3.265750000000000000e+05
2.991360000000000000e+05
2.757970000000000000e+05
2.550470000000000000e+05
2.366610000000000000e+05
2.187520000000000000e+05
2.039400000000000000e+05
1.900810000000000000e+05
1.774850000000000000e+05
1.661840000000000000e+05
1.566040000000000000e+05
1.469460000000000000e+05
1.389300000000000000e+05
1.312620000000000000e+05
1.236590000000000000e+05
1.167700000000000000e+05
1.108990000000000000e+05
1.051920000000000000e+05
1.003360000000000000e+05
9.546800000000000000e+04
9.138700000000000000e+04
8.633900000000000000e+04
8.280400000000000000e+04
7.937900000000000000e+04
7.573800000000000000e+04
7.286200000000000000e+04
6.982100000000000000e+04
6.713200000000000000e+04
6.418800000000000000e+04
