6.431100000000000000e+04
6.704300000000000000e+04
6.936900000000000000e+04
7.290500000000000000e+04
7.575900000000000000e+04
7.899500000000000000e+04
8.331500000000000000e+04
8.703600000000000000e+04
9.114200000000000000e+04
9.548300000000000000e+04
1.006490000000000000e+05
1.053020000000000000e+05
1.116190000000000000e+05
1.173030000000000000e+05
1.242330000000000000e+05
1.304880000000000000e+05
1.389280000000000000e+05
1.465290000000000000e+05
1.563680000000000000e+05
1.667840000000000000e+05
1.779170000000000000e+05
1.907750000000000000e+05
2.039690000000000000e+05
2.191510000000000000e+05
2.355420000000000000e+05
2.549300000000000000e+05
2.756960000000000000e+05
2.989970000000000000e+05
3.263200000000000000e+05
3.575870000000000000e+05
3.930080000000000000e+05
4.334270000000000000e+05
4.812250000000000000e+05
5.368390000000000000e+05
6.011490000000000000e+05
6.769750000000000000e+05
7.696300000000000000e+05
8.796020000000000000e+05
1.012474000000000000e+06
1.177759000000000000e+06
1.383263000000000000e+06
1.639756000000000000e+06
1.962035000000000000e+06
2.370773000000000000e+06
2.885102000000000000e+06
3.523695000000000000e+06
4.275663000000000000e+06
5.090090000000000000e+06
5.824842000000000000e+06
6.281812000000000000e+06
6.283547000000000000e+06
5.832294000000000000e+06
5.089300000000000000e+06
4.277282000000000000e+06
3.520390000000000000e+06
2.887748000000000000e+06
2.370910000000000000e+06
1.964105000000000000e+06
1.639605000000000000e+06
1.383819000000000000e+06
1.178591000000000000e+06
1.014022000000000000e+06
8.794250000000000000e+05
7.681640000000000000e+05
6.765460000000000000e+05
6.010980000000000000e+05
5.339440000000000000e+05
4.809500000000000000e+05
4.342180000000000000e+05
3.924810000000000000e+05
3.574690000000000000e+05
3.272850000000000000e+05
2.999680000000000000e+05
2.759830000000000000e+05
2.545520000000000000e+05
2.345690000000000000e+05
2.182820000000000000e+05
2.029530000000000000e+05
1.902880000000000000e+05
1.781780000000000000e+05
1.670890000000000000e+05
1.566070000000000000e+05
1.473480000000000000e+05
1.381530000000000000e+05
1.312780000000000000e+05
1.239850000000000000e+05
1.172390000000000000e+05
1.113690000000000000e+05
1.058990000000000000e+05
1.007630000000000000e+05
9.642400000000000000e+04
9.160100000000000000e+04
8.710900000000000000e+04
8.344200000000000000e+04
7.968000000000000000e+04
7.594300000000000000e+04
7.283500000000000000e+04
6.995200000000000000e+04
6.672800000000000000e+04
6.368400000000000000e+04
