6.382000000000000000e+03
6.330000000000000000e+03
6.365000000000000000e+03
6.315000000000000000e+03
6.469000000000000000e+03
6.420000000000000000e+03
6.349000000000000000e+03
6.626000000000000000e+03
6.425000000000000000e+03
6.661000000000000000e+03
6.614000000000000000e+03
6.573000000000000000e+03
6.577000000000000000e+03
6.520000000000000000e+03
6.655000000000000000e+03
6.732000000000000000e+03
6.808000000000000000e+03
6.658000000000000000e+03
6.797000000000000000e+03
6.885000000000000000e+03
6.927000000000000000e+03
6.811000000000000000e+03
6.907000000000000000e+03
6.875000000000000000e+03
6.975000000000000000e+03
7.103000000000000000e+03
7.059000000000000000e+03
7.096000000000000000e+03
6.980000000000000000e+03
7.181000000000000000e+03
7.173000000000000000e+03
7.221000000000000000e+03
7.055000000000000000e+03
7.338000000000000000e+03
7.246000000000000000e+03
7.183000000000000000e+03
7.340000000000000000e+03
7.239000000000000000e+03
7.399000000000000000e+03
7.351000000000000000e+03
7.514000000000000000e+03
7.554000000000000000e+03
7.532000000000000000e+03
7.571000000000000000e+03
7.649000000000000000e+03
7.561000000000000000e+03
7.632000000000000000e+03
7.629000000000000000e+03
7.719000000000000000e+03
7.703000000000000000e+03
7.851000000000000000e+03
7.884000000000000000e+03
7.733000000000000000e+03
7.957000000000000000e+03
7.929000000000000000e+03
8.007000000000000000e+03
8.122000000000000000e+03
8.089000000000000000e+03
8.089000000000000000e+03
8.055000000000000000e+03
8.155000000000000000e+03
8.232000000000000000e+03
8.359000000000000000e+03
8.314000000000000000e+03
8.261000000000000000e+03
8.218000000000000000e+03
8.195000000000000000e+03
8.254000000000000000e+03
8.479000000000000000e+03
8.583000000000000000e+03
8.549000000000000000e+03
8.694000000000000000e+03
8.351000000000000000e+03
8.730000000000000000e+03
8.649000000000000000e+03
8.763000000000000000e+03
8.725000000000000000e+03
8.882000000000000000e+03
8.879000000000000000e+03
8.847000000000000000e+03
8.888000000000000000e+03
8.825000000000000000e+03
9.009000000000000000e+03
8.847000000000000000e+03
9.093000000000000000e+03
9.198000000000000000e+03
9.118000000000000000e+03
9.157000000000000000e+03
9.303000000000000000e+03
9.296000000000000000e+03
9.276000000000000000e+03
9.396000000000000000e+03
9.407000000000000000e+03
9.540000000000000000e+03
9.312000000000000000e+03
9.639000000000000000e+03
9.652000000000000000e+03
9.726000000000000000e+03
9.599000000000000000e+03
9.859000000000000000e+03
9.835000000000000000e+03
9.858000000000000000e+03
9.908000000000000000e+03
9.978000000000000000e+03
9.967000000000000000e+03
1.019600000000000000e+04
1.013700000000000000e+04
1.012900000000000000e+04
1.040800000000000000e+04
9.982000000000000000e+03
1.028000000000000000e+04
1.046400000000000000e+04
1.037500000000000000e+04
1.026200000000000000e+04
1.037500000000000000e+04
1.049800000000000000e+04
1.068500000000000000e+04
1.084000000000000000e+04
1.067500000000000000e+04
1.069000000000000000e+04
1.088600000000000000e+04
1.076800000000000000e+04
1.093400000000000000e+04
1.101800000000000000e+04
1.115900000000000000e+04
1.101900000000000000e+04
1.122500000000000000e+04
1.138200000000000000e+04
1.143300000000000000e+04
1.140200000000000000e+04
1.148600000000000000e+04
1.153100000000000000e+04
1.165000000000000000e+04
1.176100000000000000e+04
1.166300000000000000e+04
1.165100000000000000e+04
1.190400000000000000e+04
1.185100000000000000e+04
1.205800000000000000e+04
1.189700000000000000e+04
1.204400000000000000e+04
1.234700000000000000e+04
1.202700000000000000e+04
1.251300000000000000e+04
1.248700000000000000e+04
1.231900000000000000e+04
1.245500000000000000e+04
1.250300000000000000e+04
1.248700000000000000e+04
1.275000000000000000e+04
1.288200000000000000e+04
1.295800000000000000e+04
1.268800000000000000e+04
1.303400000000000000e+04
1.315300000000000000e+04
1.323500000000000000e+04
1.322500000000000000e+04
1.327900000000000000e+04
1.336100000000000000e+04
1.356200000000000000e+04
1.355000000000000000e+04
1.344800000000000000e+04
1.354300000000000000e+04
1.375400000000000000e+04
1.388100000000000000e+04
1.406900000000000000e+04
1.400000000000000000e+04
1.402900000000000000e+04
1.417200000000000000e+04
1.426900000000000000e+04
1.438200000000000000e+04
1.443500000000000000e+04
1.430800000000000000e+04
1.445900000000000000e+04
1.471900000000000000e+04
1.468500000000000000e+04
1.483200000000000000e+04
1.515600000000000000e+04
1.497200000000000000e+04
1.508000000000000000e+04
1.531700000000000000e+04
1.521200000000000000e+04
1.547200000000000000e+04
1.548600000000000000e+04
1.555100000000000000e+04
1.584900000000000000e+04
1.562000000000000000e+04
1.586900000000000000e+04
1.592200000000000000e+04
1.599100000000000000e+04
1.614100000000000000e+04
1.630300000000000000e+04
1.632900000000000000e+04
1.673900000000000000e+04
1.663500000000000000e+04
1.668900000000000000e+04
1.675300000000000000e+04
1.723400000000000000e+04
1.712100000000000000e+04
1.712100000000000000e+04
1.738600000000000000e+04
1.730000000000000000e+04
1.737100000000000000e+04
1.755500000000000000e+04
1.796600000000000000e+04
1.783300000000000000e+04
1.793900000000000000e+04
1.806700000000000000e+04
1.834700000000000000e+04
1.812800000000000000e+04
1.827500000000000000e+04
1.868600000000000000e+04
1.877900000000000000e+04
1.874400000000000000e+04
1.925400000000000000e+04
1.937000000000000000e+04
1.935300000000000000e+04
1.926300000000000000e+04
1.922500000000000000e+04
1.932300000000000000e+04
1.972400000000000000e+04
2.006200000000000000e+04
2.006200000000000000e+04
2.017200000000000000e+04
2.035300000000000000e+04
2.058600000000000000e+04
2.063700000000000000e+04
2.040800000000000000e+04
2.089600000000000000e+04
2.114400000000000000e+04
2.127700000000000000e+04
2.164200000000000000e+04
2.171000000000000000e+04
2.168600000000000000e+04
2.181000000000000000e+04
2.182100000000000000e+04
2.231500000000000000e+04
2.230900000000000000e+04
2.257300000000000000e+04
2.265000000000000000e+04
2.269000000000000000e+04
2.293500000000000000e+04
2.306900000000000000e+04
2.354500000000000000e+04
2.341600000000000000e+04
2.347800000000000000e+04
2.390300000000000000e+04
2.387400000000000000e+04
2.424500000000000000e+04
2.448300000000000000e+04
2.479500000000000000e+04
2.502800000000000000e+04
2.486100000000000000e+04
2.517600000000000000e+04
2.533300000000000000e+04
2.578200000000000000e+04
2.583900000000000000e+04
2.602900000000000000e+04
2.639600000000000000e+04
2.616200000000000000e+04
2.636700000000000000e+04
2.694900000000000000e+04
2.704600000000000000e+04
2.744900000000000000e+04
2.769000000000000000e+04
2.776000000000000000e+04
2.769500000000000000e+04
2.831200000000000000e+04
2.874000000000000000e+04
2.857500000000000000e+04
2.872100000000000000e+04
2.899700000000000000e+04
2.936500000000000000e+04
2.959800000000000000e+04
2.963900000000000000e+04
3.040000000000000000e+04
3.028400000000000000e+04
3.054500000000000000e+04
3.107800000000000000e+04
3.130300000000000000e+04
3.140000000000000000e+04
3.169000000000000000e+04
3.198500000000000000e+04
3.201800000000000000e+04
3.255400000000000000e+04
3.270300000000000000e+04
3.322800000000000000e+04
3.371000000000000000e+04
3.382900000000000000e+04
3.404500000000000000e+04
3.436800000000000000e+04
3.479100000000000000e+04
3.500700000000000000e+04
3.529800000000000000e+04
3.558500000000000000e+04
3.587400000000000000e+04
3.613100000000000000e+04
3.659900000000000000e+04
3.654800000000000000e+04
3.737800000000000000e+04
3.751700000000000000e+04
3.804100000000000000e+04
3.850000000000000000e+04
3.885000000000000000e+04
3.919700000000000000e+04
3.971600000000000000e+04
3.967300000000000000e+04
4.045400000000000000e+04
4.042000000000000000e+04
4.091300000000000000e+04
4.164000000000000000e+04
4.175400000000000000e+04
4.230200000000000000e+04
4.277900000000000000e+04
4.292100000000000000e+04
4.357600000000000000e+04
4.387000000000000000e+04
4.394600000000000000e+04
4.469600000000000000e+04
4.547000000000000000e+04
4.612100000000000000e+04
4.632000000000000000e+04
4.704100000000000000e+04
4.689300000000000000e+04
4.819900000000000000e+04
4.839800000000000000e+04
4.875200000000000000e+04
4.928600000000000000e+04
5.014800000000000000e+04
5.050700000000000000e+04
5.052300000000000000e+04
5.171300000000000000e+04
5.166200000000000000e+04
5.273500000000000000e+04
5.341300000000000000e+04
5.382700000000000000e+04
5.481000000000000000e+04
5.513000000000000000e+04
5.526300000000000000e+04
5.627000000000000000e+04
5.714000000000000000e+04
5.728600000000000000e+04
5.854400000000000000e+04
5.878100000000000000e+04
5.923000000000000000e+04
6.059000000000000000e+04
6.103100000000000000e+04
6.206200000000000000e+04
6.294600000000000000e+04
6.321800000000000000e+04
6.376600000000000000e+04
6.471100000000000000e+04
6.604800000000000000e+04
6.685400000000000000e+04
6.669700000000000000e+04
6.842000000000000000e+04
6.924000000000000000e+04
7.003000000000000000e+04
7.069900000000000000e+04
7.169700000000000000e+04
7.240200000000000000e+04
7.352200000000000000e+04
7.480100000000000000e+04
7.526400000000000000e+04
7.650400000000000000e+04
7.694700000000000000e+04
7.805100000000000000e+04
7.959900000000000000e+04
8.079300000000000000e+04
8.111300000000000000e+04
8.227800000000000000e+04
8.374600000000000000e+04
8.547600000000000000e+04
8.579100000000000000e+04
8.711100000000000000e+04
8.809500000000000000e+04
8.960200000000000000e+04
9.085900000000000000e+04
9.191400000000000000e+04
9.339400000000000000e+04
9.438300000000000000e+04
9.635400000000000000e+04
9.772000000000000000e+04
9.937400000000000000e+04
1.003390000000000000e+05
1.013560000000000000e+05
1.039060000000000000e+05
1.050890000000000000e+05
1.067150000000000000e+05
1.080260000000000000e+05
1.103140000000000000e+05
1.111010000000000000e+05
1.140400000000000000e+05
1.149210000000000000e+05
1.163570000000000000e+05
1.180930000000000000e+05
1.206830000000000000e+05
1.216840000000000000e+05
1.250240000000000000e+05
1.269370000000000000e+05
1.279970000000000000e+05
1.303240000000000000e+05
1.324690000000000000e+05
1.346370000000000000e+05
1.369690000000000000e+05
1.394500000000000000e+05
1.415680000000000000e+05
1.441010000000000000e+05
1.465230000000000000e+05
1.495060000000000000e+05
1.509560000000000000e+05
1.543110000000000000e+05
1.574890000000000000e+05
1.601280000000000000e+05
1.622730000000000000e+05
1.657640000000000000e+05
1.678340000000000000e+05
1.709030000000000000e+05
1.741040000000000000e+05
1.772300000000000000e+05
1.799450000000000000e+05
1.836940000000000000e+05
1.874400000000000000e+05
1.907290000000000000e+05
1.943520000000000000e+05
1.981040000000000000e+05
2.012020000000000000e+05
2.052300000000000000e+05
2.085370000000000000e+05
2.125200000000000000e+05
2.164370000000000000e+05
2.225480000000000000e+05
2.255860000000000000e+05
2.301500000000000000e+05
2.340670000000000000e+05
2.385740000000000000e+05
2.435950000000000000e+05
2.482280000000000000e+05
2.534600000000000000e+05
2.587060000000000000e+05
2.634520000000000000e+05
2.685470000000000000e+05
2.742930000000000000e+05
2.804160000000000000e+05
2.854280000000000000e+05
2.913030000000000000e+05
2.962650000000000000e+05
3.024760000000000000e+05
3.083320000000000000e+05
3.149500000000000000e+05
3.210410000000000000e+05
3.278160000000000000e+05
3.347830000000000000e+05
3.405850000000000000e+05
3.483980000000000000e+05
3.552780000000000000e+05
3.621260000000000000e+05
3.693090000000000000e+05
3.765660000000000000e+05
3.847290000000000000e+05
3.908450000000000000e+05
3.993200000000000000e+05
4.077700000000000000e+05
4.158150000000000000e+05
4.232360000000000000e+05
4.316270000000000000e+05
4.401490000000000000e+05
4.470920000000000000e+05
4.560660000000000000e+05
4.629030000000000000e+05
4.722610000000000000e+05
4.803690000000000000e+05
4.894870000000000000e+05
4.970810000000000000e+05
5.044320000000000000e+05
5.133280000000000000e+05
5.217910000000000000e+05
5.290420000000000000e+05
5.373810000000000000e+05
5.461280000000000000e+05
5.522110000000000000e+05
5.601360000000000000e+05
5.662590000000000000e+05
5.755580000000000000e+05
5.805710000000000000e+05
5.872480000000000000e+05
5.941990000000000000e+05
5.995330000000000000e+05
6.045030000000000000e+05
6.089030000000000000e+05
6.134550000000000000e+05
6.187140000000000000e+05
6.226660000000000000e+05
6.245950000000000000e+05
6.283160000000000000e+05
6.313390000000000000e+05
6.334530000000000000e+05
6.349310000000000000e+05
6.367490000000000000e+05
6.366580000000000000e+05
6.361070000000000000e+05
6.360560000000000000e+05
6.352240000000000000e+05
6.327210000000000000e+05
6.322430000000000000e+05
6.287950000000000000e+05
6.248270000000000000e+05
6.226060000000000000e+05
6.185220000000000000e+05
6.126730000000000000e+05
6.099520000000000000e+05
6.061230000000000000e+05
5.998960000000000000e+05
5.936440000000000000e+05
5.876200000000000000e+05
5.799710000000000000e+05
5.742920000000000000e+05
5.665550000000000000e+05
5.604490000000000000e+05
5.523000000000000000e+05
5.458560000000000000e+05
5.381460000000000000e+05
5.290180000000000000e+05
5.210100000000000000e+05
5.133370000000000000e+05
5.060150000000000000e+05
4.964760000000000000e+05
4.885780000000000000e+05
4.810830000000000000e+05
4.718360000000000000e+05
4.639000000000000000e+05
4.567410000000000000e+05
4.465200000000000000e+05
4.398620000000000000e+05
4.323900000000000000e+05
4.220240000000000000e+05
4.149890000000000000e+05
4.075700000000000000e+05
3.996920000000000000e+05
3.919220000000000000e+05
3.843500000000000000e+05
3.760890000000000000e+05
3.685610000000000000e+05
3.621390000000000000e+05
3.550580000000000000e+05
3.482410000000000000e+05
3.409840000000000000e+05
3.352030000000000000e+05
3.279240000000000000e+05
3.215330000000000000e+05
3.144360000000000000e+05
3.079300000000000000e+05
3.023370000000000000e+05
2.962790000000000000e+05
2.907580000000000000e+05
2.851880000000000000e+05
2.796730000000000000e+05
2.745050000000000000e+05
2.692560000000000000e+05
2.636710000000000000e+05
2.588030000000000000e+05
2.542710000000000000e+05
2.472890000000000000e+05
2.429600000000000000e+05
2.389780000000000000e+05
2.345090000000000000e+05
2.304260000000000000e+05
2.260190000000000000e+05
2.211900000000000000e+05
2.173270000000000000e+05
2.133140000000000000e+05
2.097830000000000000e+05
2.058570000000000000e+05
2.006470000000000000e+05
1.972310000000000000e+05
1.945180000000000000e+05
1.908410000000000000e+05
1.874350000000000000e+05
1.831980000000000000e+05
1.801710000000000000e+05
1.769390000000000000e+05
1.736320000000000000e+05
1.712170000000000000e+05
1.687210000000000000e+05
1.651140000000000000e+05
1.627670000000000000e+05
1.592050000000000000e+05
1.570630000000000000e+05
1.543630000000000000e+05
1.511270000000000000e+05
1.494660000000000000e+05
1.464580000000000000e+05
1.437220000000000000e+05
1.425000000000000000e+05
1.396300000000000000e+05
1.375200000000000000e+05
1.347330000000000000e+05
1.325420000000000000e+05
1.306230000000000000e+05
1.286700000000000000e+05
1.263890000000000000e+05
1.248590000000000000e+05
1.224460000000000000e+05
1.199080000000000000e+05
1.179170000000000000e+05
1.174090000000000000e+05
1.143660000000000000e+05
1.128180000000000000e+05
1.117780000000000000e+05
1.098590000000000000e+05
1.080200000000000000e+05
1.070670000000000000e+05
1.050920000000000000e+05
1.033370000000000000e+05
1.023300000000000000e+05
1.011180000000000000e+05
9.920900000000000000e+04
9.702500000000000000e+04
9.604400000000000000e+04
9.490700000000000000e+04
9.367600000000000000e+04
9.260700000000000000e+04
9.057700000000000000e+04
8.987100000000000000e+04
8.796200000000000000e+04
8.701200000000000000e+04
8.650800000000000000e+04
8.455700000000000000e+04
8.380100000000000000e+04
8.229900000000000000e+04
8.166600000000000000e+04
8.022500000000000000e+04
7.918100000000000000e+04
7.855700000000000000e+04
7.701200000000000000e+04
7.629600000000000000e+04
7.501100000000000000e+04
7.418900000000000000e+04
7.368600000000000000e+04
7.220300000000000000e+04
7.140700000000000000e+04
7.030900000000000000e+04
6.934600000000000000e+04
6.930800000000000000e+04
6.802400000000000000e+04
6.743200000000000000e+04
6.653300000000000000e+04
6.535500000000000000e+04
6.495200000000000000e+04
6.449600000000000000e+04
6.302400000000000000e+04
6.274500000000000000e+04
6.185200000000000000e+04
6.114800000000000000e+04
6.055400000000000000e+04
5.954800000000000000e+04
5.882500000000000000e+04
5.863100000000000000e+04
5.724500000000000000e+04
5.680800000000000000e+04
5.600800000000000000e+04
5.580000000000000000e+04
5.518000000000000000e+04
5.424500000000000000e+04
5.366400000000000000e+04
5.340500000000000000e+04
5.289300000000000000e+04
5.179900000000000000e+04
5.164700000000000000e+04
5.105600000000000000e+04
5.037900000000000000e+04
4.969200000000000000e+04
4.939600000000000000e+04
4.883400000000000000e+04
4.813600000000000000e+04
4.760600000000000000e+04
4.734200000000000000e+04
4.707500000000000000e+04
4.632500000000000000e+04
4.594700000000000000e+04
4.543200000000000000e+04
4.502900000000000000e+04
4.457600000000000000e+04
4.378000000000000000e+04
4.351900000000000000e+04
4.342600000000000000e+04
4.281600000000000000e+04
4.229300000000000000e+04
4.200900000000000000e+04
4.135300000000000000e+04
4.083000000000000000e+04
4.067700000000000000e+04
4.026800000000000000e+04
3.980100000000000000e+04
3.925200000000000000e+04
3.924200000000000000e+04
3.859800000000000000e+04
3.842600000000000000e+04
3.814500000000000000e+04
3.771500000000000000e+04
3.717700000000000000e+04
3.720500000000000000e+04
3.657900000000000000e+04
3.627800000000000000e+04
3.568000000000000000e+04
3.555200000000000000e+04
3.487200000000000000e+04
3.480300000000000000e+04
3.453000000000000000e+04
3.441300000000000000e+04
3.402900000000000000e+04
3.420200000000000000e+04
3.355900000000000000e+04
3.297600000000000000e+04
3.296500000000000000e+04
3.265800000000000000e+04
3.184200000000000000e+04
3.197000000000000000e+04
3.159200000000000000e+04
3.135300000000000000e+04
3.105600000000000000e+04
3.077600000000000000e+04
3.064400000000000000e+04
3.030800000000000000e+04
3.001200000000000000e+04
2.964600000000000000e+04
2.961500000000000000e+04
2.948100000000000000e+04
2.924200000000000000e+04
2.917300000000000000e+04
2.856900000000000000e+04
2.859600000000000000e+04
2.802100000000000000e+04
2.798500000000000000e+04
2.764300000000000000e+04
2.734200000000000000e+04
2.755700000000000000e+04
2.700600000000000000e+04
2.664900000000000000e+04
2.652800000000000000e+04
2.641400000000000000e+04
2.604000000000000000e+04
2.613000000000000000e+04
2.585300000000000000e+04
2.553500000000000000e+04
2.533400000000000000e+04
2.512700000000000000e+04
2.525100000000000000e+04
2.473200000000000000e+04
2.448800000000000000e+04
2.427600000000000000e+04
2.406100000000000000e+04
2.392200000000000000e+04
2.397700000000000000e+04
2.377300000000000000e+04
2.358200000000000000e+04
2.338800000000000000e+04
2.305400000000000000e+04
2.301600000000000000e+04
2.296500000000000000e+04
2.271300000000000000e+04
2.228800000000000000e+04
2.243800000000000000e+04
2.202900000000000000e+04
2.216300000000000000e+04
2.176400000000000000e+04
2.148600000000000000e+04
2.130700000000000000e+04
2.122000000000000000e+04
2.136700000000000000e+04
2.104000000000000000e+04
2.089600000000000000e+04
2.079500000000000000e+04
2.055500000000000000e+04
2.024100000000000000e+04
1.996700000000000000e+04
2.016300000000000000e+04
1.995500000000000000e+04
1.990400000000000000e+04
1.968100000000000000e+04
1.952600000000000000e+04
1.942200000000000000e+04
1.918300000000000000e+04
1.929400000000000000e+04
1.911800000000000000e+04
1.885600000000000000e+04
1.883600000000000000e+04
1.873900000000000000e+04
1.863400000000000000e+04
1.839600000000000000e+04
1.847300000000000000e+04
1.827200000000000000e+04
1.802600000000000000e+04
1.779600000000000000e+04
1.788600000000000000e+04
1.767100000000000000e+04
1.772200000000000000e+04
1.743200000000000000e+04
1.749200000000000000e+04
1.725000000000000000e+04
1.732700000000000000e+04
1.724300000000000000e+04
1.703200000000000000e+04
1.695600000000000000e+04
1.674300000000000000e+04
1.655300000000000000e+04
1.628900000000000000e+04
1.636000000000000000e+04
1.629500000000000000e+04
1.600300000000000000e+04
1.607900000000000000e+04
1.594200000000000000e+04
1.602600000000000000e+04
1.579100000000000000e+04
1.581500000000000000e+04
1.566400000000000000e+04
1.555300000000000000e+04
1.535800000000000000e+04
1.535200000000000000e+04
1.531900000000000000e+04
1.513200000000000000e+04
1.499000000000000000e+04
1.509700000000000000e+04
1.479900000000000000e+04
1.478100000000000000e+04
1.453000000000000000e+04
1.449500000000000000e+04
1.465300000000000000e+04
1.436900000000000000e+04
1.423200000000000000e+04
1.418000000000000000e+04
1.421700000000000000e+04
1.394400000000000000e+04
1.374000000000000000e+04
1.380900000000000000e+04
1.392000000000000000e+04
1.388900000000000000e+04
1.367400000000000000e+04
1.352100000000000000e+04
1.336800000000000000e+04
1.352300000000000000e+04
1.338000000000000000e+04
1.314000000000000000e+04
1.312600000000000000e+04
1.314100000000000000e+04
1.290300000000000000e+04
1.291900000000000000e+04
1.296100000000000000e+04
1.267100000000000000e+04
1.269400000000000000e+04
1.278900000000000000e+04
1.250700000000000000e+04
1.274300000000000000e+04
1.247400000000000000e+04
1.228900000000000000e+04
1.219600000000000000e+04
1.226800000000000000e+04
1.222900000000000000e+04
1.202200000000000000e+04
1.222500000000000000e+04
1.196600000000000000e+04
1.195600000000000000e+04
1.206000000000000000e+04
1.164200000000000000e+04
1.183000000000000000e+04
1.173400000000000000e+04
1.183800000000000000e+04
1.163700000000000000e+04
1.149800000000000000e+04
1.154800000000000000e+04
1.133800000000000000e+04
1.139400000000000000e+04
1.139700000000000000e+04
1.125000000000000000e+04
1.112900000000000000e+04
1.100100000000000000e+04
1.114300000000000000e+04
1.103600000000000000e+04
1.089800000000000000e+04
1.078800000000000000e+04
1.080000000000000000e+04
1.100600000000000000e+04
1.081700000000000000e+04
1.062900000000000000e+04
1.054800000000000000e+04
1.049400000000000000e+04
1.043100000000000000e+04
1.032200000000000000e+04
1.039300000000000000e+04
1.026800000000000000e+04
1.027800000000000000e+04
1.025900000000000000e+04
1.018100000000000000e+04
1.005500000000000000e+04
1.014300000000000000e+04
9.901000000000000000e+03
1.002200000000000000e+04
9.658000000000000000e+03
9.813000000000000000e+03
9.877000000000000000e+03
9.854000000000000000e+03
9.849000000000000000e+03
9.741000000000000000e+03
9.537000000000000000e+03
9.548000000000000000e+03
9.653000000000000000e+03
9.480000000000000000e+03
9.582000000000000000e+03
9.368000000000000000e+03
9.254000000000000000e+03
9.080000000000000000e+03
9.327000000000000000e+03
9.247000000000000000e+03
9.360000000000000000e+03
9.345000000000000000e+03
9.006000000000000000e+03
8.999000000000000000e+03
9.005000000000000000e+03
9.019000000000000000e+03
9.018000000000000000e+03
8.912000000000000000e+03
8.746000000000000000e+03
8.831000000000000000e+03
8.630000000000000000e+03
8.689000000000000000e+03
8.520000000000000000e+03
8.681000000000000000e+03
8.484000000000000000e+03
8.380000000000000000e+03
8.471000000000000000e+03
8.414000000000000000e+03
8.377000000000000000e+03
8.318000000000000000e+03
8.455000000000000000e+03
8.338000000000000000e+03
8.156000000000000000e+03
8.304000000000000000e+03
8.212000000000000000e+03
8.074000000000000000e+03
8.212000000000000000e+03
8.169000000000000000e+03
8.092000000000000000e+03
8.056000000000000000e+03
7.969000000000000000e+03
7.842000000000000000e+03
7.928000000000000000e+03
7.875000000000000000e+03
7.834000000000000000e+03
7.826000000000000000e+03
7.868000000000000000e+03
7.892000000000000000e+03
7.621000000000000000e+03
7.761000000000000000e+03
7.514000000000000000e+03
7.528000000000000000e+03
7.788000000000000000e+03
7.692000000000000000e+03
7.463000000000000000e+03
7.523000000000000000e+03
7.414000000000000000e+03
7.398000000000000000e+03
7.398000000000000000e+03
7.445000000000000000e+03
7.228000000000000000e+03
7.338000000000000000e+03
7.308000000000000000e+03
7.188000000000000000e+03
7.214000000000000000e+03
7.211000000000000000e+03
7.072000000000000000e+03
7.176000000000000000e+03
6.977000000000000000e+03
6.933000000000000000e+03
7.057000000000000000e+03
6.909000000000000000e+03
7.021000000000000000e+03
7.020000000000000000e+03
6.966000000000000000e+03
6.966000000000000000e+03
7.033000000000000000e+03
6.675000000000000000e+03
6.755000000000000000e+03
6.660000000000000000e+03
6.618000000000000000e+03
6.843000000000000000e+03
6.813000000000000000e+03
6.699000000000000000e+03
6.641000000000000000e+03
6.588000000000000000e+03
6.674000000000000000e+03
6.443000000000000000e+03
6.527000000000000000e+03
6.463000000000000000e+03
6.350000000000000000e+03
6.522000000000000000e+03
6.344000000000000000e+03
6.339000000000000000e+03
6.394000000000000000e+03
6.250000000000000000e+03
6.366000000000000000e+03
