6.428800000000000000e+04
6.700800000000000000e+04
6.949100000000000000e+04
7.274300000000000000e+04
7.609700000000000000e+04
7.960400000000000000e+04
8.295200000000000000e+04
8.681200000000000000e+04
9.129200000000000000e+04
9.602700000000000000e+04
1.002830000000000000e+05
1.051870000000000000e+05
1.111470000000000000e+05
1.171390000000000000e+05
1.233740000000000000e+05
1.306300000000000000e+05
1.384910000000000000e+05
1.473310000000000000e+05
1.559030000000000000e+05
1.665990000000000000e+05
1.775610000000000000e+05
1.901530000000000000e+05
2.040800000000000000e+05
2.191780000000000000e+05
2.360770000000000000e+05
2.556810000000000000e+05
2.758860000000000000e+05
2.997100000000000000e+05
3.264480000000000000e+05
3.578140000000000000e+05
3.927030000000000000e+05
4.331780000000000000e+05
4.806970000000000000e+05
5.368820000000000000e+05
6.002280000000000000e+05
6.764800000000000000e+05
7.675330000000000000e+05
8.785910000000000000e+05
1.013464000000000000e+06
1.179808000000000000e+06
1.383343000000000000e+06
1.639303000000000000e+06
1.962046000000000000e+06
2.370432000000000000e+06
2.884423000000000000e+06
3.525117000000000000e+06
4.277408000000000000e+06
5.089842000000000000e+06
5.830902000000000000e+06
6.283437000000000000e+06
6.281132000000000000e+06
5.826102000000000000e+06
5.089942000000000000e+06
4.273563000000000000e+06
3.520850000000000000e+06
2.884429000000000000e+06
2.370540000000000000e+06
1.961413000000000000e+06
1.639221000000000000e+06
1.383446000000000000e+06
1.177542000000000000e+06
1.014283000000000000e+06
8.789830000000000000e+05
7.704620000000000000e+05
6.775920000000000000e+05
6.000540000000000000e+05
5.359300000000000000e+05
4.804130000000000000e+05
4.337140000000000000e+05
3.938510000000000000e+05
3.574970000000000000e+05
3.269130000000000000e+05
2.995990000000000000e+05
2.758890000000000000e+05
2.553920000000000000e+05
2.370420000000000000e+05
2.190840000000000000e+05
2.032690000000000000e+05
1.900700000000000000e+05
1.786500000000000000e+05
1.666380000000000000e+05
1.566060000000000000e+05
1.472800000000000000e+05
1.390290000000000000e+05
1.309730000000000000e+05
1.233460000000000000e+05
1.178180000000000000e+05
1.109780000000000000e+05
1.054300000000000000e+05
1.003100000000000000e+05
9.549100000000000000e+04
9.103300000000000000e+04
8.663200000000000000e+04
8.365500000000000000e+04
7.945700000000000000e+04
7.586400000000000000e+04
7.245700000000000000e+04
6.970500000000000000e+04
6.692500000000000000e+04
6.445500000000000000e+04
