6.336000000000000000e+03
6.293000000000000000e+03
6.391000000000000000e+03
6.314000000000000000e+03
6.544000000000000000e+03
6.583000000000000000e+03
6.390000000000000000e+03
6.647000000000000000e+03
6.572000000000000000e+03
6.650000000000000000e+03
6.544000000000000000e+03
6.588000000000000000e+03
6.576000000000000000e+03
6.721000000000000000e+03
6.666000000000000000e+03
6.847000000000000000e+03
6.682000000000000000e+03
6.691000000000000000e+03
6.708000000000000000e+03
6.766000000000000000e+03
6.817000000000000000e+03
6.772000000000000000e+03
6.956000000000000000e+03
7.016000000000000000e+03
6.889000000000000000e+03
7.026000000000000000e+03
6.919000000000000000e+03
7.076000000000000000e+03
7.127000000000000000e+03
7.021000000000000000e+03
7.251000000000000000e+03
7.288000000000000000e+03
7.259000000000000000e+03
7.296000000000000000e+03
7.273000000000000000e+03
7.350000000000000000e+03
7.349000000000000000e+03
7.293000000000000000e+03
7.215000000000000000e+03
7.413000000000000000e+03
7.584000000000000000e+03
7.529000000000000000e+03
7.567000000000000000e+03
7.568000000000000000e+03
7.575000000000000000e+03
7.603000000000000000e+03
7.602000000000000000e+03
7.634000000000000000e+03
7.644000000000000000e+03
7.691000000000000000e+03
7.666000000000000000e+03
7.814000000000000000e+03
7.950000000000000000e+03
7.783000000000000000e+03
7.805000000000000000e+03
7.919000000000000000e+03
7.908000000000000000e+03
7.897000000000000000e+03
8.079000000000000000e+03
7.983000000000000000e+03
8.082000000000000000e+03
8.137000000000000000e+03
8.073000000000000000e+03
8.150000000000000000e+03
8.168000000000000000e+03
8.231000000000000000e+03
8.528000000000000000e+03
8.298000000000000000e+03
8.377000000000000000e+03
8.481000000000000000e+03
8.403000000000000000e+03
8.763000000000000000e+03
8.598000000000000000e+03
8.558000000000000000e+03
8.721000000000000000e+03
8.638000000000000000e+03
8.810000000000000000e+03
8.723000000000000000e+03
8.727000000000000000e+03
8.898000000000000000e+03
8.863000000000000000e+03
9.035000000000000000e+03
8.903000000000000000e+03
9.082000000000000000e+03
9.160000000000000000e+03
9.332000000000000000e+03
9.173000000000000000e+03
9.178000000000000000e+03
9.232000000000000000e+03
9.156000000000000000e+03
9.377000000000000000e+03
9.430000000000000000e+03
9.592000000000000000e+03
9.539000000000000000e+03
9.610000000000000000e+03
9.598000000000000000e+03
9.555000000000000000e+03
9.671000000000000000e+03
9.628000000000000000e+03
9.823000000000000000e+03
9.877000000000000000e+03
9.872000000000000000e+03
9.713000000000000000e+03
1.000000000000000000e+04
1.007000000000000000e+04
9.981000000000000000e+03
1.023900000000000000e+04
1.029300000000000000e+04
1.028600000000000000e+04
1.013000000000000000e+04
1.020700000000000000e+04
1.046100000000000000e+04
1.054200000000000000e+04
1.054600000000000000e+04
1.030300000000000000e+04
1.044000000000000000e+04
1.062600000000000000e+04
1.082800000000000000e+04
1.073800000000000000e+04
1.063800000000000000e+04
1.090800000000000000e+04
1.095900000000000000e+04
1.101400000000000000e+04
1.125300000000000000e+04
1.096800000000000000e+04
1.106000000000000000e+04
1.110900000000000000e+04
1.121200000000000000e+04
1.126300000000000000e+04
1.132200000000000000e+04
1.139500000000000000e+04
1.155300000000000000e+04
1.150900000000000000e+04
1.159000000000000000e+04
1.182600000000000000e+04
1.186500000000000000e+04
1.169500000000000000e+04
1.182900000000000000e+04
1.215900000000000000e+04
1.206600000000000000e+04
1.217600000000000000e+04
1.193100000000000000e+04
1.225400000000000000e+04
1.208900000000000000e+04
1.233400000000000000e+04
1.249100000000000000e+04
1.241400000000000000e+04
1.277500000000000000e+04
1.260300000000000000e+04
1.286500000000000000e+04
1.270900000000000000e+04
1.260700000000000000e+04
1.288900000000000000e+04
1.306500000000000000e+04
1.304700000000000000e+04
1.312900000000000000e+04
1.308400000000000000e+04
1.343900000000000000e+04
1.321200000000000000e+04
1.327000000000000000e+04
1.335900000000000000e+04
1.365100000000000000e+04
1.363800000000000000e+04
1.401100000000000000e+04
1.364000000000000000e+04
1.385800000000000000e+04
1.402600000000000000e+04
1.404500000000000000e+04
1.403400000000000000e+04
1.390800000000000000e+04
1.447900000000000000e+04
1.433400000000000000e+04
1.453900000000000000e+04
1.478900000000000000e+04
1.472400000000000000e+04
1.480600000000000000e+04
1.475800000000000000e+04
1.484100000000000000e+04
1.480000000000000000e+04
1.517800000000000000e+04
1.506700000000000000e+04
1.526400000000000000e+04
1.539100000000000000e+04
1.554800000000000000e+04
1.557600000000000000e+04
1.561100000000000000e+04
1.571100000000000000e+04
1.559200000000000000e+04
1.607000000000000000e+04
1.611500000000000000e+04
1.616300000000000000e+04
1.634000000000000000e+04
1.644500000000000000e+04
1.643400000000000000e+04
1.700400000000000000e+04
1.679200000000000000e+04
1.677400000000000000e+04
1.733700000000000000e+04
1.711300000000000000e+04
1.715400000000000000e+04
1.728400000000000000e+04
1.746700000000000000e+04
1.772300000000000000e+04
1.778700000000000000e+04
1.764800000000000000e+04
1.784200000000000000e+04
1.809200000000000000e+04
1.835200000000000000e+04
1.830600000000000000e+04
1.841100000000000000e+04
1.841900000000000000e+04
1.865500000000000000e+04
1.877900000000000000e+04
1.873000000000000000e+04
1.872900000000000000e+04
1.908600000000000000e+04
1.908600000000000000e+04
1.957600000000000000e+04
1.958200000000000000e+04
1.950100000000000000e+04
1.970400000000000000e+04
1.982900000000000000e+04
1.998700000000000000e+04
2.031100000000000000e+04
2.029200000000000000e+04
2.052400000000000000e+04
2.042600000000000000e+04
2.073900000000000000e+04
2.095300000000000000e+04
2.107300000000000000e+04
2.122000000000000000e+04
2.130400000000000000e+04
2.139800000000000000e+04
2.161000000000000000e+04
2.184000000000000000e+04
2.187300000000000000e+04
2.225900000000000000e+04
2.253500000000000000e+04
2.272800000000000000e+04
2.263900000000000000e+04
2.272500000000000000e+04
2.298600000000000000e+04
2.325300000000000000e+04
2.311100000000000000e+04
2.370100000000000000e+04
2.361800000000000000e+04
2.388100000000000000e+04
2.411600000000000000e+04
2.421900000000000000e+04
2.432400000000000000e+04
2.436900000000000000e+04
2.469800000000000000e+04
2.478300000000000000e+04
2.507000000000000000e+04
2.589800000000000000e+04
2.558900000000000000e+04
2.563000000000000000e+04
2.588500000000000000e+04
2.638500000000000000e+04
2.630200000000000000e+04
2.659000000000000000e+04
2.658900000000000000e+04
2.697000000000000000e+04
2.732700000000000000e+04
2.751100000000000000e+04
2.745900000000000000e+04
2.812600000000000000e+04
2.802400000000000000e+04
2.846500000000000000e+04
2.872800000000000000e+04
2.879000000000000000e+04
2.895900000000000000e+04
2.930300000000000000e+04
2.938000000000000000e+04
2.984700000000000000e+04
3.011500000000000000e+04
3.024000000000000000e+04
3.079000000000000000e+04
3.031800000000000000e+04
3.116200000000000000e+04
3.130200000000000000e+04
3.190200000000000000e+04
3.181900000000000000e+04
3.233100000000000000e+04
3.262200000000000000e+04
3.291000000000000000e+04
3.306500000000000000e+04
3.337300000000000000e+04
3.385300000000000000e+04
3.404900000000000000e+04
3.447300000000000000e+04
3.462100000000000000e+04
3.494600000000000000e+04
3.507600000000000000e+04
3.573000000000000000e+04
3.578300000000000000e+04
3.634400000000000000e+04
3.694700000000000000e+04
3.711900000000000000e+04
3.746600000000000000e+04
3.734400000000000000e+04
3.813400000000000000e+04
3.828100000000000000e+04
3.873400000000000000e+04
3.912200000000000000e+04
3.927300000000000000e+04
3.989600000000000000e+04
4.010400000000000000e+04
4.084700000000000000e+04
4.117200000000000000e+04
4.126600000000000000e+04
4.203900000000000000e+04
4.227700000000000000e+04
4.283700000000000000e+04
4.280200000000000000e+04
4.360900000000000000e+04
4.368800000000000000e+04
4.453900000000000000e+04
4.471700000000000000e+04
4.512500000000000000e+04
4.546700000000000000e+04
4.603400000000000000e+04
4.689100000000000000e+04
4.693300000000000000e+04
4.814800000000000000e+04
4.802100000000000000e+04
4.906000000000000000e+04
4.921100000000000000e+04
4.999800000000000000e+04
4.997300000000000000e+04
5.094700000000000000e+04
5.151600000000000000e+04
5.224400000000000000e+04
5.297900000000000000e+04
5.286000000000000000e+04
5.396000000000000000e+04
5.418900000000000000e+04
5.525300000000000000e+04
5.605800000000000000e+04
5.613200000000000000e+04
5.707200000000000000e+04
5.787400000000000000e+04
5.828300000000000000e+04
5.939800000000000000e+04
5.965900000000000000e+04
6.086400000000000000e+04
6.086100000000000000e+04
6.232800000000000000e+04
6.251000000000000000e+04
6.326300000000000000e+04
6.434500000000000000e+04
6.480000000000000000e+04
6.614800000000000000e+04
6.641700000000000000e+04
6.736800000000000000e+04
6.806000000000000000e+04
6.911300000000000000e+04
6.990200000000000000e+04
7.078700000000000000e+04
7.202500000000000000e+04
7.257100000000000000e+04
7.286800000000000000e+04
7.409100000000000000e+04
7.515300000000000000e+04
7.614600000000000000e+04
7.724600000000000000e+04
7.858700000000000000e+04
7.945800000000000000e+04
8.006900000000000000e+04
8.163600000000000000e+04
8.216700000000000000e+04
8.361100000000000000e+04
8.502000000000000000e+04
8.631500000000000000e+04
8.664400000000000000e+04
8.895200000000000000e+04
8.891800000000000000e+04
9.119000000000000000e+04
9.248000000000000000e+04
9.333500000000000000e+04
9.501700000000000000e+04
9.593000000000000000e+04
9.732100000000000000e+04
9.887900000000000000e+04
1.004830000000000000e+05
1.018840000000000000e+05
1.031790000000000000e+05
1.045670000000000000e+05
1.069620000000000000e+05
1.080710000000000000e+05
1.089860000000000000e+05
1.121080000000000000e+05
1.130840000000000000e+05
1.152240000000000000e+05
1.169790000000000000e+05
1.183810000000000000e+05
1.205090000000000000e+05
1.217660000000000000e+05
1.247000000000000000e+05
1.261160000000000000e+05
1.280790000000000000e+05
1.306370000000000000e+05
1.324930000000000000e+05
1.346690000000000000e+05
1.371900000000000000e+05
1.397790000000000000e+05
1.420090000000000000e+05
1.443060000000000000e+05
1.461820000000000000e+05
1.495310000000000000e+05
1.515200000000000000e+05
1.541470000000000000e+05
1.566140000000000000e+05
1.590050000000000000e+05
1.621410000000000000e+05
1.656660000000000000e+05
1.682850000000000000e+05
1.713330000000000000e+05
1.736900000000000000e+05
1.768770000000000000e+05
1.797420000000000000e+05
1.837940000000000000e+05
1.869170000000000000e+05
1.900000000000000000e+05
1.942400000000000000e+05
1.973920000000000000e+05
2.016360000000000000e+05
2.053740000000000000e+05
2.098540000000000000e+05
2.124470000000000000e+05
2.166240000000000000e+05
2.211470000000000000e+05
2.260410000000000000e+05
2.297700000000000000e+05
2.339470000000000000e+05
2.393650000000000000e+05
2.436530000000000000e+05
2.481880000000000000e+05
2.538090000000000000e+05
2.580760000000000000e+05
2.635480000000000000e+05
2.690400000000000000e+05
2.739110000000000000e+05
2.796290000000000000e+05
2.857290000000000000e+05
2.912050000000000000e+05
2.973170000000000000e+05
3.020750000000000000e+05
3.089860000000000000e+05
3.153750000000000000e+05
3.213860000000000000e+05
3.278110000000000000e+05
3.346700000000000000e+05
3.417410000000000000e+05
3.479230000000000000e+05
3.555040000000000000e+05
3.614460000000000000e+05
3.697380000000000000e+05
3.775920000000000000e+05
3.846840000000000000e+05
3.924900000000000000e+05
3.995910000000000000e+05
4.079600000000000000e+05
4.145400000000000000e+05
4.250450000000000000e+05
4.311810000000000000e+05
4.397780000000000000e+05
4.476590000000000000e+05
4.558610000000000000e+05
4.632020000000000000e+05
4.720510000000000000e+05
4.809070000000000000e+05
4.879400000000000000e+05
4.953800000000000000e+05
5.046550000000000000e+05
5.131560000000000000e+05
5.201550000000000000e+05
5.289270000000000000e+05
5.375080000000000000e+05
5.451500000000000000e+05
5.534710000000000000e+05
5.595450000000000000e+05
5.677430000000000000e+05
5.757630000000000000e+05
5.806660000000000000e+05
5.880070000000000000e+05
5.930650000000000000e+05
5.994870000000000000e+05
6.043380000000000000e+05
6.100280000000000000e+05
6.134040000000000000e+05
6.183990000000000000e+05
6.232890000000000000e+05
6.259570000000000000e+05
6.293790000000000000e+05
6.303740000000000000e+05
6.344180000000000000e+05
6.336030000000000000e+05
6.360900000000000000e+05
6.351040000000000000e+05
6.370660000000000000e+05
6.349960000000000000e+05
6.335260000000000000e+05
6.343730000000000000e+05
6.307340000000000000e+05
6.297600000000000000e+05
6.254150000000000000e+05
6.215150000000000000e+05
6.197810000000000000e+05
6.141440000000000000e+05
6.090560000000000000e+05
6.043450000000000000e+05
5.991310000000000000e+05
5.949500000000000000e+05
5.861200000000000000e+05
5.810770000000000000e+05
5.743580000000000000e+05
5.675470000000000000e+05
5.599410000000000000e+05
5.526770000000000000e+05
5.461040000000000000e+05
5.375780000000000000e+05
5.293210000000000000e+05
5.208100000000000000e+05
5.139160000000000000e+05
5.047530000000000000e+05
4.990220000000000000e+05
4.893570000000000000e+05
4.788410000000000000e+05
4.732160000000000000e+05
4.651670000000000000e+05
4.560840000000000000e+05
4.465340000000000000e+05
4.396310000000000000e+05
4.321670000000000000e+05
4.245160000000000000e+05
4.153670000000000000e+05
4.066780000000000000e+05
4.002010000000000000e+05
3.918950000000000000e+05
3.847630000000000000e+05
3.767760000000000000e+05
3.681810000000000000e+05
3.620020000000000000e+05
3.547110000000000000e+05
3.491420000000000000e+05
3.412990000000000000e+05
3.340510000000000000e+05
3.280720000000000000e+05
3.220180000000000000e+05
3.146180000000000000e+05
3.087240000000000000e+05
3.026570000000000000e+05
2.974940000000000000e+05
2.901230000000000000e+05
2.851880000000000000e+05
2.799700000000000000e+05
2.736230000000000000e+05
2.680760000000000000e+05
2.624710000000000000e+05
2.585940000000000000e+05
2.528830000000000000e+05
2.486310000000000000e+05
2.435860000000000000e+05
2.383350000000000000e+05
2.336980000000000000e+05
2.294310000000000000e+05
2.250780000000000000e+05
2.216160000000000000e+05
2.171830000000000000e+05
2.127190000000000000e+05
2.087300000000000000e+05
2.054210000000000000e+05
2.005190000000000000e+05
1.978970000000000000e+05
1.935050000000000000e+05
1.906970000000000000e+05
1.873580000000000000e+05
1.834890000000000000e+05
1.803770000000000000e+05
1.775480000000000000e+05
1.738760000000000000e+05
1.711510000000000000e+05
1.684630000000000000e+05
1.657650000000000000e+05
1.624190000000000000e+05
1.589060000000000000e+05
1.574170000000000000e+05
1.538630000000000000e+05
1.509040000000000000e+05
1.488910000000000000e+05
1.468880000000000000e+05
1.433810000000000000e+05
1.417060000000000000e+05
1.398680000000000000e+05
1.367960000000000000e+05
1.347980000000000000e+05
1.317470000000000000e+05
1.302300000000000000e+05
1.289200000000000000e+05
1.260430000000000000e+05
1.239510000000000000e+05
1.218090000000000000e+05
1.208730000000000000e+05
1.188920000000000000e+05
1.172270000000000000e+05
1.148930000000000000e+05
1.126990000000000000e+05
1.116490000000000000e+05
1.098450000000000000e+05
1.079820000000000000e+05
1.068120000000000000e+05
1.047470000000000000e+05
1.034780000000000000e+05
1.016870000000000000e+05
1.011760000000000000e+05
9.877400000000000000e+04
9.759200000000000000e+04
9.594500000000000000e+04
9.434100000000000000e+04
9.328200000000000000e+04
9.203100000000000000e+04
9.112300000000000000e+04
8.911000000000000000e+04
8.841400000000000000e+04
8.741700000000000000e+04
8.604900000000000000e+04
8.479300000000000000e+04
8.378800000000000000e+04
8.283900000000000000e+04
8.117700000000000000e+04
8.058500000000000000e+04
7.954400000000000000e+04
7.873300000000000000e+04
7.695300000000000000e+04
7.639600000000000000e+04
7.557300000000000000e+04
7.410700000000000000e+04
7.333500000000000000e+04
7.240900000000000000e+04
7.150700000000000000e+04
7.063100000000000000e+04
6.990300000000000000e+04
6.912600000000000000e+04
6.814200000000000000e+04
6.722200000000000000e+04
6.651300000000000000e+04
6.577100000000000000e+04
6.479700000000000000e+04
6.418300000000000000e+04
6.340300000000000000e+04
6.267800000000000000e+04
6.158700000000000000e+04
6.090000000000000000e+04
6.026200000000000000e+04
5.961700000000000000e+04
5.936500000000000000e+04
5.823100000000000000e+04
5.725400000000000000e+04
5.707600000000000000e+04
5.654400000000000000e+04
5.603000000000000000e+04
5.501900000000000000e+04
5.415300000000000000e+04
5.397000000000000000e+04
5.293800000000000000e+04
5.285300000000000000e+04
5.199900000000000000e+04
5.133000000000000000e+04
5.132800000000000000e+04
5.035800000000000000e+04
4.994300000000000000e+04
4.931700000000000000e+04
4.868900000000000000e+04
4.830100000000000000e+04
4.798700000000000000e+04
4.727200000000000000e+04
4.677100000000000000e+04
4.606600000000000000e+04
4.554000000000000000e+04
4.524600000000000000e+04
4.494200000000000000e+04
4.477600000000000000e+04
4.346500000000000000e+04
4.341300000000000000e+04
4.325000000000000000e+04
4.268700000000000000e+04
4.199700000000000000e+04
4.224000000000000000e+04
4.138400000000000000e+04
4.085300000000000000e+04
4.066300000000000000e+04
4.040300000000000000e+04
4.006500000000000000e+04
3.921700000000000000e+04
3.893100000000000000e+04
3.898500000000000000e+04
3.842800000000000000e+04
3.810000000000000000e+04
3.758000000000000000e+04
3.719400000000000000e+04
3.697100000000000000e+04
3.659800000000000000e+04
3.635800000000000000e+04
3.600500000000000000e+04
3.554100000000000000e+04
3.520500000000000000e+04
3.500800000000000000e+04
3.484000000000000000e+04
3.424100000000000000e+04
3.386100000000000000e+04
3.387100000000000000e+04
3.341500000000000000e+04
3.318400000000000000e+04
3.286400000000000000e+04
3.254400000000000000e+04
3.226700000000000000e+04
3.195400000000000000e+04
3.187000000000000000e+04
3.139000000000000000e+04
3.113100000000000000e+04
3.073100000000000000e+04
3.071800000000000000e+04
3.020000000000000000e+04
3.011900000000000000e+04
2.995100000000000000e+04
2.960200000000000000e+04
2.929800000000000000e+04
2.907100000000000000e+04
2.879300000000000000e+04
2.884700000000000000e+04
2.845100000000000000e+04
2.787500000000000000e+04
2.779300000000000000e+04
2.762500000000000000e+04
2.744300000000000000e+04
2.708200000000000000e+04
2.708900000000000000e+04
2.668100000000000000e+04
2.662800000000000000e+04
2.634100000000000000e+04
2.609300000000000000e+04
2.581900000000000000e+04
2.567000000000000000e+04
2.539200000000000000e+04
2.523200000000000000e+04
2.515200000000000000e+04
2.479900000000000000e+04
2.484900000000000000e+04
2.471800000000000000e+04
2.440100000000000000e+04
2.414600000000000000e+04
2.373900000000000000e+04
2.385300000000000000e+04
2.358400000000000000e+04
2.340000000000000000e+04
2.353300000000000000e+04
2.307800000000000000e+04
2.293400000000000000e+04
2.291000000000000000e+04
2.274100000000000000e+04
2.251000000000000000e+04
2.252700000000000000e+04
2.231800000000000000e+04
2.200100000000000000e+04
2.156300000000000000e+04
2.191200000000000000e+04
2.146800000000000000e+04
2.121500000000000000e+04
2.112400000000000000e+04
2.094600000000000000e+04
2.082900000000000000e+04
2.042400000000000000e+04
2.076300000000000000e+04
2.045400000000000000e+04
2.014700000000000000e+04
2.012100000000000000e+04
1.994800000000000000e+04
1.983800000000000000e+04
1.945700000000000000e+04
1.986400000000000000e+04
1.971700000000000000e+04
1.927900000000000000e+04
1.932300000000000000e+04
1.904800000000000000e+04
1.903700000000000000e+04
1.883500000000000000e+04
1.861600000000000000e+04
1.840300000000000000e+04
1.846200000000000000e+04
1.833800000000000000e+04
1.825700000000000000e+04
1.807300000000000000e+04
1.831300000000000000e+04
1.779400000000000000e+04
1.796600000000000000e+04
1.774500000000000000e+04
1.741100000000000000e+04
1.741600000000000000e+04
1.733100000000000000e+04
1.698000000000000000e+04
1.696400000000000000e+04
1.694000000000000000e+04
1.689800000000000000e+04
1.689600000000000000e+04
1.697300000000000000e+04
1.676600000000000000e+04
1.631800000000000000e+04
1.640700000000000000e+04
1.588100000000000000e+04
1.623900000000000000e+04
1.623200000000000000e+04
1.601400000000000000e+04
1.567400000000000000e+04
1.575000000000000000e+04
1.562100000000000000e+04
1.562400000000000000e+04
1.518900000000000000e+04
1.529500000000000000e+04
1.528600000000000000e+04
1.494900000000000000e+04
1.532300000000000000e+04
1.488900000000000000e+04
1.501400000000000000e+04
1.469500000000000000e+04
1.461800000000000000e+04
1.459600000000000000e+04
1.450300000000000000e+04
1.445800000000000000e+04
1.453800000000000000e+04
1.415700000000000000e+04
1.434500000000000000e+04
1.413600000000000000e+04
1.386500000000000000e+04
1.387600000000000000e+04
1.378600000000000000e+04
1.376300000000000000e+04
1.351700000000000000e+04
1.364400000000000000e+04
1.331700000000000000e+04
1.342500000000000000e+04
1.346000000000000000e+04
1.339500000000000000e+04
1.316800000000000000e+04
1.310000000000000000e+04
1.320100000000000000e+04
1.308000000000000000e+04
1.293000000000000000e+04
1.283400000000000000e+04
1.260200000000000000e+04
1.282600000000000000e+04
1.265300000000000000e+04
1.234500000000000000e+04
1.255300000000000000e+04
1.225200000000000000e+04
1.256300000000000000e+04
1.209400000000000000e+04
1.217200000000000000e+04
1.218200000000000000e+04
1.212000000000000000e+04
1.216500000000000000e+04
1.192200000000000000e+04
1.196500000000000000e+04
1.184900000000000000e+04
1.173300000000000000e+04
1.157800000000000000e+04
1.170400000000000000e+04
1.172900000000000000e+04
1.140500000000000000e+04
1.155400000000000000e+04
1.142400000000000000e+04
1.160000000000000000e+04
1.136300000000000000e+04
1.112500000000000000e+04
1.123000000000000000e+04
1.080600000000000000e+04
1.096600000000000000e+04
1.077500000000000000e+04
1.098200000000000000e+04
1.088800000000000000e+04
1.083600000000000000e+04
1.082100000000000000e+04
1.048800000000000000e+04
1.058800000000000000e+04
1.080200000000000000e+04
1.068500000000000000e+04
1.036900000000000000e+04
1.047300000000000000e+04
1.023700000000000000e+04
1.049000000000000000e+04
1.040700000000000000e+04
1.034600000000000000e+04
1.013900000000000000e+04
1.021400000000000000e+04
1.011900000000000000e+04
1.004300000000000000e+04
1.002200000000000000e+04
1.005500000000000000e+04
9.850000000000000000e+03
9.843000000000000000e+03
9.711000000000000000e+03
9.628000000000000000e+03
9.699000000000000000e+03
9.762000000000000000e+03
9.675000000000000000e+03
9.671000000000000000e+03
9.286000000000000000e+03
9.505000000000000000e+03
9.299000000000000000e+03
9.246000000000000000e+03
9.409000000000000000e+03
9.169000000000000000e+03
9.224000000000000000e+03
9.357000000000000000e+03
9.093000000000000000e+03
9.129000000000000000e+03
8.941000000000000000e+03
9.054000000000000000e+03
8.860000000000000000e+03
9.038000000000000000e+03
8.909000000000000000e+03
8.798000000000000000e+03
8.792000000000000000e+03
8.747000000000000000e+03
8.811000000000000000e+03
8.740000000000000000e+03
8.601000000000000000e+03
8.483000000000000000e+03
8.627000000000000000e+03
8.379000000000000000e+03
8.490000000000000000e+03
8.382000000000000000e+03
8.413000000000000000e+03
8.358000000000000000e+03
8.113000000000000000e+03
8.261000000000000000e+03
8.299000000000000000e+03
8.250000000000000000e+03
8.210000000000000000e+03
8.178000000000000000e+03
8.095000000000000000e+03
8.085000000000000000e+03
8.242000000000000000e+03
8.001000000000000000e+03
7.908000000000000000e+03
7.804000000000000000e+03
7.692000000000000000e+03
7.746000000000000000e+03
8.055000000000000000e+03
7.836000000000000000e+03
7.846000000000000000e+03
7.879000000000000000e+03
7.758000000000000000e+03
7.557000000000000000e+03
7.437000000000000000e+03
7.542000000000000000e+03
7.515000000000000000e+03
7.427000000000000000e+03
7.353000000000000000e+03
7.253000000000000000e+03
7.436000000000000000e+03
7.301000000000000000e+03
7.354000000000000000e+03
7.156000000000000000e+03
7.089000000000000000e+03
7.365000000000000000e+03
7.161000000000000000e+03
7.292000000000000000e+03
7.207000000000000000e+03
7.081000000000000000e+03
7.161000000000000000e+03
7.059000000000000000e+03
7.059000000000000000e+03
6.879000000000000000e+03
6.849000000000000000e+03
6.793000000000000000e+03
6.944000000000000000e+03
6.952000000000000000e+03
6.915000000000000000e+03
6.897000000000000000e+03
6.923000000000000000e+03
7.023000000000000000e+03
6.701000000000000000e+03
6.800000000000000000e+03
6.602000000000000000e+03
6.694000000000000000e+03
6.705000000000000000e+03
6.664000000000000000e+03
6.596000000000000000e+03
6.496000000000000000e+03
6.578000000000000000e+03
6.446000000000000000e+03
6.370000000000000000e+03
6.572000000000000000e+03
6.516000000000000000e+03
6.470000000000000000e+03
6.338000000000000000e+03
6.400000000000000000e+03
6.335000000000000000e+03
6.266000000000000000e+03
