6.340000000000000000e+03
6.267000000000000000e+03
6.437000000000000000e+03
6.368000000000000000e+03
6.457000000000000000e+03
6.435000000000000000e+03
6.389000000000000000e+03
6.491000000000000000e+03
6.568000000000000000e+03
6.453000000000000000e+03
6.557000000000000000e+03
6.637000000000000000e+03
6.581000000000000000e+03
6.697000000000000000e+03
6.661000000000000000e+03
6.691000000000000000e+03
6.618000000000000000e+03
6.802000000000000000e+03
6.856000000000000000e+03
6.774000000000000000e+03
6.775000000000000000e+03
6.779000000000000000e+03
6.891000000000000000e+03
6.856000000000000000e+03
6.920000000000000000e+03
6.939000000000000000e+03
7.071000000000000000e+03
7.157000000000000000e+03
7.062000000000000000e+03
7.144000000000000000e+03
7.117000000000000000e+03
7.164000000000000000e+03
7.145000000000000000e+03
7.145000000000000000e+03
7.144000000000000000e+03
7.357000000000000000e+03
7.309000000000000000e+03
7.421000000000000000e+03
7.454000000000000000e+03
7.536000000000000000e+03
7.545000000000000000e+03
7.534000000000000000e+03
7.444000000000000000e+03
7.585000000000000000e+03
7.560000000000000000e+03
7.491000000000000000e+03
7.614000000000000000e+03
7.803000000000000000e+03
7.801000000000000000e+03
7.796000000000000000e+03
7.635000000000000000e+03
7.762000000000000000e+03
7.763000000000000000e+03
7.966000000000000000e+03
7.856000000000000000e+03
7.950000000000000000e+03
8.022000000000000000e+03
7.790000000000000000e+03
7.982000000000000000e+03
8.017000000000000000e+03
8.015000000000000000e+03
8.073000000000000000e+03
8.284000000000000000e+03
8.310000000000000000e+03
8.061000000000000000e+03
8.322000000000000000e+03
8.414000000000000000e+03
8.432000000000000000e+03
8.546000000000000000e+03
8.576000000000000000e+03
8.492000000000000000e+03
8.586000000000000000e+03
8.612000000000000000e+03
8.505000000000000000e+03
8.741000000000000000e+03
8.727000000000000000e+03
8.678000000000000000e+03
8.879000000000000000e+03
9.032000000000000000e+03
8.846000000000000000e+03
8.796000000000000000e+03
8.969000000000000000e+03
8.967000000000000000e+03
9.095000000000000000e+03
9.141000000000000000e+03
9.074000000000000000e+03
9.141000000000000000e+03
9.151000000000000000e+03
9.285000000000000000e+03
9.385000000000000000e+03
9.479000000000000000e+03
9.434000000000000000e+03
9.513000000000000000e+03
9.359000000000000000e+03
9.717000000000000000e+03
9.346000000000000000e+03
9.702000000000000000e+03
9.656000000000000000e+03
9.743000000000000000e+03
9.736000000000000000e+03
9.967000000000000000e+03
9.580000000000000000e+03
1.002800000000000000e+04
1.006300000000000000e+04
1.010500000000000000e+04
9.985000000000000000e+03
1.010700000000000000e+04
1.042600000000000000e+04
1.023800000000000000e+04
1.009300000000000000e+04
1.016700000000000000e+04
1.001900000000000000e+04
1.044900000000000000e+04
1.044000000000000000e+04
1.052600000000000000e+04
1.058100000000000000e+04
1.071200000000000000e+04
1.064000000000000000e+04
1.066600000000000000e+04
1.073400000000000000e+04
1.082600000000000000e+04
1.107800000000000000e+04
1.117400000000000000e+04
1.108700000000000000e+04
1.134700000000000000e+04
1.103500000000000000e+04
1.132300000000000000e+04
1.117300000000000000e+04
1.125500000000000000e+04
1.145800000000000000e+04
1.153000000000000000e+04
1.149500000000000000e+04
1.141600000000000000e+04
1.161100000000000000e+04
1.155400000000000000e+04
1.152300000000000000e+04
1.176900000000000000e+04
1.187000000000000000e+04
1.205000000000000000e+04
1.204900000000000000e+04
1.215700000000000000e+04
1.217700000000000000e+04
1.226200000000000000e+04
1.246500000000000000e+04
1.214200000000000000e+04
1.237300000000000000e+04
1.244700000000000000e+04
1.269900000000000000e+04
1.270600000000000000e+04
1.251800000000000000e+04
1.263100000000000000e+04
1.289400000000000000e+04
1.303800000000000000e+04
1.303000000000000000e+04
1.328600000000000000e+04
1.316400000000000000e+04
1.321200000000000000e+04
1.322400000000000000e+04
1.329000000000000000e+04
1.342400000000000000e+04
1.369400000000000000e+04
1.359500000000000000e+04
1.384500000000000000e+04
1.367500000000000000e+04
1.382500000000000000e+04
1.397600000000000000e+04
1.404300000000000000e+04
1.389900000000000000e+04
1.408200000000000000e+04
1.422200000000000000e+04
1.437600000000000000e+04
1.449600000000000000e+04
1.453700000000000000e+04
1.455700000000000000e+04
1.454300000000000000e+04
1.480000000000000000e+04
1.511800000000000000e+04
1.464400000000000000e+04
1.496300000000000000e+04
1.510200000000000000e+04
1.536300000000000000e+04
1.505200000000000000e+04
1.564500000000000000e+04
1.556700000000000000e+04
1.572100000000000000e+04
1.577100000000000000e+04
1.574300000000000000e+04
1.587900000000000000e+04
1.609700000000000000e+04
1.608700000000000000e+04
1.632500000000000000e+04
1.637300000000000000e+04
1.624900000000000000e+04
1.648800000000000000e+04
1.668500000000000000e+04
1.700500000000000000e+04
1.667400000000000000e+04
1.677900000000000000e+04
1.688800000000000000e+04
1.728700000000000000e+04
1.723500000000000000e+04
1.732700000000000000e+04
1.756100000000000000e+04
1.761700000000000000e+04
1.780600000000000000e+04
1.776400000000000000e+04
1.777000000000000000e+04
1.827000000000000000e+04
1.810600000000000000e+04
1.819400000000000000e+04
1.855400000000000000e+04
1.873900000000000000e+04
1.879400000000000000e+04
1.896500000000000000e+04
1.887900000000000000e+04
1.897400000000000000e+04
1.915500000000000000e+04
1.945400000000000000e+04
1.954500000000000000e+04
1.927700000000000000e+04
1.974400000000000000e+04
1.972100000000000000e+04
1.977200000000000000e+04
2.004000000000000000e+04
2.018100000000000000e+04
2.034800000000000000e+04
2.050300000000000000e+04
2.073600000000000000e+04
2.087900000000000000e+04
2.077000000000000000e+04
2.127800000000000000e+04
2.120800000000000000e+04
2.129600000000000000e+04
2.161500000000000000e+04
2.192300000000000000e+04
2.182300000000000000e+04
2.215500000000000000e+04
2.219400000000000000e+04
2.259100000000000000e+04
2.281500000000000000e+04
2.293000000000000000e+04
2.307300000000000000e+04
2.286000000000000000e+04
2.349800000000000000e+04
2.365100000000000000e+04
2.357000000000000000e+04
2.387300000000000000e+04
2.408000000000000000e+04
2.420800000000000000e+04
2.455800000000000000e+04
2.462200000000000000e+04
2.487600000000000000e+04
2.482400000000000000e+04
2.530300000000000000e+04
2.532400000000000000e+04
2.541900000000000000e+04
2.538400000000000000e+04
2.585000000000000000e+04
2.624400000000000000e+04
2.608600000000000000e+04
2.660700000000000000e+04
2.688900000000000000e+04
2.723800000000000000e+04
2.722900000000000000e+04
2.735200000000000000e+04
2.792400000000000000e+04
2.822300000000000000e+04
2.809400000000000000e+04
2.830800000000000000e+04
2.851000000000000000e+04
2.896200000000000000e+04
2.919600000000000000e+04
2.931100000000000000e+04
2.988900000000000000e+04
2.965500000000000000e+04
3.006700000000000000e+04
3.013700000000000000e+04
3.067600000000000000e+04
3.055900000000000000e+04
3.115600000000000000e+04
3.154400000000000000e+04
3.188200000000000000e+04
3.193700000000000000e+04
3.221700000000000000e+04
3.246700000000000000e+04
3.258600000000000000e+04
3.301000000000000000e+04
3.370100000000000000e+04
3.401500000000000000e+04
3.410200000000000000e+04
3.429100000000000000e+04
3.502400000000000000e+04
3.460700000000000000e+04
3.531400000000000000e+04
3.582000000000000000e+04
3.581800000000000000e+04
3.642500000000000000e+04
3.649700000000000000e+04
3.699500000000000000e+04
3.749600000000000000e+04
3.764700000000000000e+04
3.783000000000000000e+04
3.820500000000000000e+04
3.872200000000000000e+04
3.901400000000000000e+04
3.989600000000000000e+04
3.981900000000000000e+04
4.010200000000000000e+04
4.084000000000000000e+04
4.118000000000000000e+04
4.141700000000000000e+04
4.176400000000000000e+04
4.225000000000000000e+04
4.289600000000000000e+04
4.325400000000000000e+04
4.323400000000000000e+04
4.410700000000000000e+04
4.470600000000000000e+04
4.450700000000000000e+04
4.522700000000000000e+04
4.591700000000000000e+04
4.639600000000000000e+04
4.696600000000000000e+04
4.707200000000000000e+04
4.805800000000000000e+04
4.821300000000000000e+04
4.891900000000000000e+04
4.962300000000000000e+04
4.964500000000000000e+04
5.092800000000000000e+04
5.043400000000000000e+04
5.132700000000000000e+04
5.211900000000000000e+04
5.298000000000000000e+04
5.368000000000000000e+04
5.425300000000000000e+04
5.453900000000000000e+04
5.509100000000000000e+04
5.540700000000000000e+04
5.662600000000000000e+04
5.716400000000000000e+04
5.739900000000000000e+04
5.809300000000000000e+04
5.912400000000000000e+04
6.005800000000000000e+04
5.986900000000000000e+04
6.077700000000000000e+04
6.186700000000000000e+04
6.236600000000000000e+04
6.334900000000000000e+04
6.358400000000000000e+04
6.510600000000000000e+04
6.570300000000000000e+04
6.612200000000000000e+04
6.762700000000000000e+04
6.791700000000000000e+04
6.891200000000000000e+04
7.004200000000000000e+04
7.101500000000000000e+04
7.127200000000000000e+04
7.282800000000000000e+04
7.315700000000000000e+04
7.393100000000000000e+04
7.485100000000000000e+04
7.597800000000000000e+04
7.739900000000000000e+04
7.757400000000000000e+04
7.947300000000000000e+04
8.101200000000000000e+04
8.176300000000000000e+04
8.280400000000000000e+04
8.345500000000000000e+04
8.500100000000000000e+04
8.647300000000000000e+04
8.745400000000000000e+04
8.836400000000000000e+04
8.940300000000000000e+04
9.097100000000000000e+04
9.175800000000000000e+04
9.345800000000000000e+04
9.505100000000000000e+04
9.566600000000000000e+04
9.767100000000000000e+04
9.937600000000000000e+04
1.002560000000000000e+05
1.021170000000000000e+05
1.038430000000000000e+05
1.051540000000000000e+05
1.066620000000000000e+05
1.077270000000000000e+05
1.097700000000000000e+05
1.122830000000000000e+05
1.134510000000000000e+05
1.150170000000000000e+05
1.168780000000000000e+05
1.190650000000000000e+05
1.208830000000000000e+05
1.220370000000000000e+05
1.244390000000000000e+05
1.258240000000000000e+05
1.282210000000000000e+05
1.307860000000000000e+05
1.323180000000000000e+05
1.345710000000000000e+05
1.369450000000000000e+05
1.394670000000000000e+05
1.419810000000000000e+05
1.438340000000000000e+05
1.461730000000000000e+05
1.490780000000000000e+05
1.514970000000000000e+05
1.540530000000000000e+05
1.563820000000000000e+05
1.598080000000000000e+05
1.621890000000000000e+05
1.651340000000000000e+05
1.683610000000000000e+05
1.708640000000000000e+05
1.735090000000000000e+05
1.772060000000000000e+05
1.806660000000000000e+05
1.839920000000000000e+05
1.873290000000000000e+05
1.891750000000000000e+05
1.935850000000000000e+05
1.979600000000000000e+05
2.018740000000000000e+05
2.055180000000000000e+05
2.086200000000000000e+05
2.138070000000000000e+05
2.172910000000000000e+05
2.218770000000000000e+05
2.253310000000000000e+05
2.297620000000000000e+05
2.343200000000000000e+05
2.392080000000000000e+05
2.433410000000000000e+05
2.489860000000000000e+05
2.535880000000000000e+05
2.581330000000000000e+05
2.632920000000000000e+05
2.684470000000000000e+05
2.745220000000000000e+05
2.801660000000000000e+05
2.843370000000000000e+05
2.907350000000000000e+05
2.961580000000000000e+05
3.028720000000000000e+05
3.086320000000000000e+05
3.155480000000000000e+05
3.216830000000000000e+05
3.276660000000000000e+05
3.349320000000000000e+05
3.419510000000000000e+05
3.470780000000000000e+05
3.552280000000000000e+05
3.616090000000000000e+05
3.696800000000000000e+05
3.762330000000000000e+05
3.845380000000000000e+05
3.915650000000000000e+05
3.994300000000000000e+05
4.069710000000000000e+05
4.153450000000000000e+05
4.240840000000000000e+05
4.314990000000000000e+05
4.389700000000000000e+05
4.470670000000000000e+05
4.562240000000000000e+05
4.627320000000000000e+05
4.720840000000000000e+05
4.798060000000000000e+05
4.899750000000000000e+05
4.968100000000000000e+05
5.043010000000000000e+05
5.136430000000000000e+05
5.214380000000000000e+05
5.299870000000000000e+05
5.381020000000000000e+05
5.447650000000000000e+05
5.526070000000000000e+05
5.610080000000000000e+05
5.676320000000000000e+05
5.735120000000000000e+05
5.807820000000000000e+05
5.866970000000000000e+05
5.936320000000000000e+05
5.986730000000000000e+05
6.045370000000000000e+05
6.099820000000000000e+05
6.157100000000000000e+05
6.181860000000000000e+05
6.237060000000000000e+05
6.261450000000000000e+05
6.282930000000000000e+05
6.310290000000000000e+05
6.343310000000000000e+05
6.364710000000000000e+05
6.366660000000000000e+05
6.362970000000000000e+05
6.363430000000000000e+05
6.356770000000000000e+05
6.352850000000000000e+05
6.358180000000000000e+05
6.305050000000000000e+05
6.296880000000000000e+05
6.264440000000000000e+05
6.228360000000000000e+05
6.176860000000000000e+05
6.138070000000000000e+05
6.096250000000000000e+05
6.063980000000000000e+05
5.982350000000000000e+05
5.921170000000000000e+05
5.866740000000000000e+05
5.819670000000000000e+05
5.730020000000000000e+05
5.660170000000000000e+05
5.600720000000000000e+05
5.518750000000000000e+05
5.440620000000000000e+05
5.370010000000000000e+05
5.303770000000000000e+05
5.215220000000000000e+05
5.135960000000000000e+05
5.052920000000000000e+05
4.972510000000000000e+05
4.884790000000000000e+05
4.788560000000000000e+05
4.715750000000000000e+05
4.634660000000000000e+05
4.559270000000000000e+05
4.464390000000000000e+05
4.383450000000000000e+05
4.317610000000000000e+05
4.242580000000000000e+05
4.155450000000000000e+05
4.071370000000000000e+05
3.991330000000000000e+05
3.907760000000000000e+05
3.839900000000000000e+05
3.762990000000000000e+05
3.694890000000000000e+05
3.617340000000000000e+05
3.559450000000000000e+05
3.479780000000000000e+05
3.411090000000000000e+05
3.344600000000000000e+05
3.292330000000000000e+05
3.217440000000000000e+05
3.152740000000000000e+05
3.091810000000000000e+05
3.034530000000000000e+05
2.968590000000000000e+05
2.910810000000000000e+05
2.847490000000000000e+05
2.800250000000000000e+05
2.743590000000000000e+05
2.681260000000000000e+05
2.632490000000000000e+05
2.580940000000000000e+05
2.539350000000000000e+05
2.481850000000000000e+05
2.438470000000000000e+05
2.384280000000000000e+05
2.342280000000000000e+05
2.293510000000000000e+05
2.251980000000000000e+05
2.221370000000000000e+05
2.169200000000000000e+05
2.131820000000000000e+05
2.088940000000000000e+05
2.057430000000000000e+05
2.025800000000000000e+05
1.978490000000000000e+05
1.937510000000000000e+05
1.901200000000000000e+05
1.870550000000000000e+05
1.841870000000000000e+05
1.801720000000000000e+05
1.772820000000000000e+05
1.746140000000000000e+05
1.709720000000000000e+05
1.680460000000000000e+05
1.650550000000000000e+05
1.632910000000000000e+05
1.590130000000000000e+05
1.566760000000000000e+05
1.547220000000000000e+05
1.510930000000000000e+05
1.491560000000000000e+05
1.460630000000000000e+05
1.435860000000000000e+05
1.415280000000000000e+05
1.388160000000000000e+05
1.365860000000000000e+05
1.347110000000000000e+05
1.333580000000000000e+05
1.300460000000000000e+05
1.280710000000000000e+05
1.263860000000000000e+05
1.245500000000000000e+05
1.227800000000000000e+05
1.202000000000000000e+05
1.186650000000000000e+05
1.173160000000000000e+05
1.150910000000000000e+05
1.137710000000000000e+05
1.113670000000000000e+05
1.103180000000000000e+05
1.082760000000000000e+05
1.062200000000000000e+05
1.048100000000000000e+05
1.039390000000000000e+05
1.018010000000000000e+05
1.008060000000000000e+05
9.875000000000000000e+04
9.738200000000000000e+04
9.582500000000000000e+04
9.503300000000000000e+04
9.342800000000000000e+04
9.226700000000000000e+04
9.087000000000000000e+04
8.990400000000000000e+04
8.846900000000000000e+04
8.700000000000000000e+04
8.603500000000000000e+04
8.517200000000000000e+04
8.363600000000000000e+04
8.263000000000000000e+04
8.190100000000000000e+04
8.090500000000000000e+04
7.937600000000000000e+04
7.846800000000000000e+04
7.701000000000000000e+04
7.616700000000000000e+04
7.493900000000000000e+04
7.440500000000000000e+04
7.308300000000000000e+04
7.232300000000000000e+04
7.143200000000000000e+04
7.065200000000000000e+04
7.001800000000000000e+04
6.834700000000000000e+04
6.771700000000000000e+04
6.746900000000000000e+04
6.642400000000000000e+04
6.537000000000000000e+04
6.488000000000000000e+04
6.383400000000000000e+04
6.340300000000000000e+04
6.258100000000000000e+04
6.149600000000000000e+04
6.123500000000000000e+04
6.022100000000000000e+04
5.992700000000000000e+04
5.868900000000000000e+04
5.824200000000000000e+04
5.752800000000000000e+04
5.702700000000000000e+04
5.596300000000000000e+04
5.589000000000000000e+04
5.480300000000000000e+04
5.426800000000000000e+04
5.415000000000000000e+04
5.290000000000000000e+04
5.249800000000000000e+04
5.186200000000000000e+04
5.141700000000000000e+04
5.078300000000000000e+04
5.046400000000000000e+04
4.962000000000000000e+04
4.902800000000000000e+04
4.893600000000000000e+04
4.867100000000000000e+04
4.766300000000000000e+04
4.743700000000000000e+04
4.657900000000000000e+04
4.602800000000000000e+04
4.596200000000000000e+04
4.518400000000000000e+04
4.475000000000000000e+04
4.427200000000000000e+04
4.424500000000000000e+04
4.377900000000000000e+04
4.298600000000000000e+04
4.268200000000000000e+04
4.228300000000000000e+04
4.175400000000000000e+04
4.146800000000000000e+04
4.103300000000000000e+04
4.060100000000000000e+04
4.039500000000000000e+04
3.970300000000000000e+04
3.950200000000000000e+04
3.902300000000000000e+04
3.895500000000000000e+04
3.812800000000000000e+04
3.802800000000000000e+04
3.748900000000000000e+04
3.733100000000000000e+04
3.703000000000000000e+04
3.709700000000000000e+04
3.640800000000000000e+04
3.569700000000000000e+04
3.548800000000000000e+04
3.499300000000000000e+04
3.496700000000000000e+04
3.455200000000000000e+04
3.419600000000000000e+04
3.392500000000000000e+04
3.398200000000000000e+04
3.323400000000000000e+04
3.312900000000000000e+04
3.251000000000000000e+04
3.264200000000000000e+04
3.232200000000000000e+04
3.188800000000000000e+04
3.141100000000000000e+04
3.142900000000000000e+04
3.112000000000000000e+04
3.110500000000000000e+04
3.054200000000000000e+04
3.040000000000000000e+04
3.029600000000000000e+04
2.955300000000000000e+04
2.978900000000000000e+04
2.916900000000000000e+04
2.914200000000000000e+04
2.888900000000000000e+04
2.849500000000000000e+04
2.852700000000000000e+04
2.803900000000000000e+04
2.800400000000000000e+04
2.789700000000000000e+04
2.726400000000000000e+04
2.716300000000000000e+04
2.732500000000000000e+04
2.646900000000000000e+04
2.658700000000000000e+04
2.645300000000000000e+04
2.641100000000000000e+04
2.588800000000000000e+04
2.569300000000000000e+04
2.540000000000000000e+04
2.536000000000000000e+04
2.528400000000000000e+04
2.485100000000000000e+04
2.454800000000000000e+04
2.454600000000000000e+04
2.449800000000000000e+04
2.435700000000000000e+04
2.389600000000000000e+04
2.403800000000000000e+04
2.340600000000000000e+04
2.317500000000000000e+04
2.334500000000000000e+04
2.321400000000000000e+04
2.309400000000000000e+04
2.284500000000000000e+04
2.265300000000000000e+04
2.234900000000000000e+04
2.243500000000000000e+04
2.207600000000000000e+04
2.183900000000000000e+04
2.182600000000000000e+04
2.161000000000000000e+04
2.174600000000000000e+04
2.147300000000000000e+04
2.131700000000000000e+04
2.108600000000000000e+04
2.063600000000000000e+04
2.045600000000000000e+04
2.094100000000000000e+04
2.066600000000000000e+04
2.036600000000000000e+04
2.007400000000000000e+04
2.024600000000000000e+04
1.994000000000000000e+04
1.962400000000000000e+04
1.970900000000000000e+04
1.936300000000000000e+04
1.948800000000000000e+04
1.922800000000000000e+04
1.896200000000000000e+04
1.886300000000000000e+04
1.870600000000000000e+04
1.843700000000000000e+04
1.854400000000000000e+04
1.849200000000000000e+04
1.826800000000000000e+04
1.829800000000000000e+04
1.804600000000000000e+04
1.811600000000000000e+04
1.787900000000000000e+04
1.766100000000000000e+04
1.766400000000000000e+04
1.738400000000000000e+04
1.769800000000000000e+04
1.723100000000000000e+04
1.730700000000000000e+04
1.675400000000000000e+04
1.701700000000000000e+04
1.670200000000000000e+04
1.664200000000000000e+04
1.636500000000000000e+04
1.706400000000000000e+04
1.620300000000000000e+04
1.626400000000000000e+04
1.629400000000000000e+04
1.620900000000000000e+04
1.592900000000000000e+04
1.597900000000000000e+04
1.578600000000000000e+04
1.584200000000000000e+04
1.575000000000000000e+04
1.522300000000000000e+04
1.547600000000000000e+04
1.531700000000000000e+04
1.518700000000000000e+04
1.534100000000000000e+04
1.512400000000000000e+04
1.519200000000000000e+04
1.484800000000000000e+04
1.491900000000000000e+04
1.477800000000000000e+04
1.470500000000000000e+04
1.448600000000000000e+04
1.429100000000000000e+04
1.423500000000000000e+04
1.412500000000000000e+04
1.407900000000000000e+04
1.407400000000000000e+04
1.403600000000000000e+04
1.368900000000000000e+04
1.382100000000000000e+04
1.358400000000000000e+04
1.367100000000000000e+04
1.338200000000000000e+04
1.376800000000000000e+04
1.356100000000000000e+04
1.342600000000000000e+04
1.304500000000000000e+04
1.332400000000000000e+04
1.322000000000000000e+04
1.313800000000000000e+04
1.303600000000000000e+04
1.297300000000000000e+04
1.283000000000000000e+04
1.276800000000000000e+04
1.269900000000000000e+04
1.267500000000000000e+04
1.269700000000000000e+04
1.240200000000000000e+04
1.247800000000000000e+04
1.227400000000000000e+04
1.236500000000000000e+04
1.235000000000000000e+04
1.214400000000000000e+04
1.229500000000000000e+04
1.210800000000000000e+04
1.190200000000000000e+04
1.186400000000000000e+04
1.172000000000000000e+04
1.157200000000000000e+04
1.153600000000000000e+04
1.170700000000000000e+04
1.176000000000000000e+04
1.149300000000000000e+04
1.149600000000000000e+04
1.140500000000000000e+04
1.138400000000000000e+04
1.123200000000000000e+04
1.125800000000000000e+04
1.116900000000000000e+04
1.106200000000000000e+04
1.092700000000000000e+04
1.089300000000000000e+04
1.087900000000000000e+04
1.093100000000000000e+04
1.093400000000000000e+04
1.082000000000000000e+04
1.071600000000000000e+04
1.068600000000000000e+04
1.060800000000000000e+04
1.063500000000000000e+04
1.047500000000000000e+04
1.052000000000000000e+04
1.025800000000000000e+04
1.033200000000000000e+04
1.012200000000000000e+04
1.018100000000000000e+04
1.027600000000000000e+04
1.002100000000000000e+04
1.011100000000000000e+04
1.015900000000000000e+04
9.732000000000000000e+03
9.861000000000000000e+03
9.754000000000000000e+03
9.857000000000000000e+03
9.779000000000000000e+03
9.866000000000000000e+03
9.680000000000000000e+03
9.583000000000000000e+03
9.679000000000000000e+03
9.611000000000000000e+03
9.506000000000000000e+03
9.371000000000000000e+03
9.434000000000000000e+03
9.294000000000000000e+03
9.361000000000000000e+03
9.389000000000000000e+03
9.605000000000000000e+03
9.047000000000000000e+03
9.060000000000000000e+03
9.170000000000000000e+03
8.930000000000000000e+03
8.991000000000000000e+03
9.045000000000000000e+03
8.899000000000000000e+03
8.770000000000000000e+03
8.889000000000000000e+03
8.970000000000000000e+03
8.551000000000000000e+03
8.650000000000000000e+03
8.817000000000000000e+03
8.583000000000000000e+03
8.831000000000000000e+03
8.512000000000000000e+03
8.491000000000000000e+03
8.643000000000000000e+03
8.482000000000000000e+03
8.230000000000000000e+03
8.469000000000000000e+03
8.210000000000000000e+03
8.365000000000000000e+03
8.212000000000000000e+03
8.397000000000000000e+03
8.162000000000000000e+03
8.418000000000000000e+03
7.947000000000000000e+03
7.962000000000000000e+03
8.048000000000000000e+03
7.983000000000000000e+03
8.179000000000000000e+03
7.843000000000000000e+03
7.911000000000000000e+03
7.935000000000000000e+03
7.823000000000000000e+03
7.778000000000000000e+03
7.816000000000000000e+03
7.821000000000000000e+03
7.626000000000000000e+03
7.556000000000000000e+03
7.717000000000000000e+03
7.713000000000000000e+03
7.522000000000000000e+03
7.609000000000000000e+03
7.408000000000000000e+03
7.515000000000000000e+03
7.444000000000000000e+03
7.364000000000000000e+03
7.291000000000000000e+03
7.468000000000000000e+03
7.321000000000000000e+03
7.178000000000000000e+03
7.238000000000000000e+03
7.292000000000000000e+03
7.150000000000000000e+03
7.060000000000000000e+03
7.076000000000000000e+03
7.147000000000000000e+03
7.153000000000000000e+03
7.197000000000000000e+03
6.969000000000000000e+03
6.982000000000000000e+03
6.923000000000000000e+03
6.960000000000000000e+03
6.908000000000000000e+03
6.800000000000000000e+03
6.896000000000000000e+03
6.884000000000000000e+03
6.718000000000000000e+03
6.711000000000000000e+03
6.734000000000000000e+03
6.653000000000000000e+03
6.671000000000000000e+03
6.708000000000000000e+03
6.424000000000000000e+03
6.565000000000000000e+03
6.474000000000000000e+03
6.587000000000000000e+03
6.445000000000000000e+03
6.482000000000000000e+03
6.520000000000000000e+03
6.265000000000000000e+03
6.405000000000000000e+03
6.346000000000000000e+03
6.279000000000000000e+03
6.324000000000000000e+03
