6.449700000000000000e+04
6.653900000000000000e+04
6.936600000000000000e+04
7.276800000000000000e+04
7.580900000000000000e+04
7.935700000000000000e+04
8.272400000000000000e+04
8.676300000000000000e+04
9.092900000000000000e+04
9.575200000000000000e+04
1.003800000000000000e+05
1.055160000000000000e+05
1.114540000000000000e+05
1.172140000000000000e+05
1.235990000000000000e+05
1.312930000000000000e+05
1.387840000000000000e+05
1.468850000000000000e+05
1.568680000000000000e+05
1.665230000000000000e+05
1.779010000000000000e+05
1.903760000000000000e+05
2.034510000000000000e+05
2.183130000000000000e+05
2.363160000000000000e+05
2.552020000000000000e+05
2.758370000000000000e+05
2.995290000000000000e+05
3.260190000000000000e+05
3.572010000000000000e+05
3.934830000000000000e+05
4.343690000000000000e+05
4.814570000000000000e+05
5.360290000000000000e+05
6.019630000000000000e+05
6.770300000000000000e+05
7.677120000000000000e+05
8.786330000000000000e+05
1.013914000000000000e+06
1.177638000000000000e+06
1.384505000000000000e+06
1.639624000000000000e+06
1.964670000000000000e+06
2.368928000000000000e+06
2.884702000000000000e+06
3.523923000000000000e+06
4.276159000000000000e+06
5.091653000000000000e+06
5.831493000000000000e+06
6.283405000000000000e+06
6.281031000000000000e+06
5.829343000000000000e+06
5.089572000000000000e+06
4.275362000000000000e+06
3.520400000000000000e+06
2.884978000000000000e+06
2.369043000000000000e+06
1.963600000000000000e+06
1.641039000000000000e+06
1.384335000000000000e+06
1.177450000000000000e+06
1.013925000000000000e+06
8.786850000000000000e+05
7.685960000000000000e+05
6.761400000000000000e+05
6.000800000000000000e+05
5.376080000000000000e+05
4.815050000000000000e+05
4.323090000000000000e+05
3.933000000000000000e+05
3.574820000000000000e+05
3.272180000000000000e+05
2.985290000000000000e+05
2.757530000000000000e+05
2.541790000000000000e+05
2.361960000000000000e+05
2.188290000000000000e+05
2.032990000000000000e+05
1.898280000000000000e+05
1.778180000000000000e+05
1.670320000000000000e+05
1.560990000000000000e+05
1.471520000000000000e+05
1.390330000000000000e+05
1.310840000000000000e+05
1.241840000000000000e+05
1.177780000000000000e+05
1.109520000000000000e+05
1.056440000000000000e+05
1.001530000000000000e+05
9.529400000000000000e+04
9.148600000000000000e+04
8.669100000000000000e+04
8.281100000000000000e+04
7.924100000000000000e+04
7.588600000000000000e+04
7.277000000000000000e+04
6.920000000000000000e+04
6.659200000000000000e+04
6.488100000000000000e+04
