6.427700000000000000e+04
6.677000000000000000e+04
6.957600000000000000e+04
7.293500000000000000e+04
7.601200000000000000e+04
7.926800000000000000e+04
8.294400000000000000e+04
8.713800000000000000e+04
9.120800000000000000e+04
9.567200000000000000e+04
1.000780000000000000e+05
1.047910000000000000e+05
1.110840000000000000e+05
1.169670000000000000e+05
1.239480000000000000e+05
1.304730000000000000e+05
1.392570000000000000e+05
1.475600000000000000e+05
1.559730000000000000e+05
1.667270000000000000e+05
1.782140000000000000e+05
1.900330000000000000e+05
2.035490000000000000e+05
2.185280000000000000e+05
2.348690000000000000e+05
2.546890000000000000e+05
2.750540000000000000e+05
2.999450000000000000e+05
3.256470000000000000e+05
3.572260000000000000e+05
3.929050000000000000e+05
4.333380000000000000e+05
4.810220000000000000e+05
5.369840000000000000e+05
6.021500000000000000e+05
6.750260000000000000e+05
7.682660000000000000e+05
8.784620000000000000e+05
1.013834000000000000e+06
1.178791000000000000e+06
1.382237000000000000e+06
1.637872000000000000e+06
1.962718000000000000e+06
2.372277000000000000e+06
2.886950000000000000e+06
3.521836000000000000e+06
4.271827000000000000e+06
5.093012000000000000e+06
5.828476000000000000e+06
6.284529000000000000e+06
6.286899000000000000e+06
5.829425000000000000e+06
5.092455000000000000e+06
4.277349000000000000e+06
3.521503000000000000e+06
2.885382000000000000e+06
2.369929000000000000e+06
1.962312000000000000e+06
1.641032000000000000e+06
1.380976000000000000e+06
1.176874000000000000e+06
1.014474000000000000e+06
8.779520000000000000e+05
7.684100000000000000e+05
6.768770000000000000e+05
6.014390000000000000e+05
5.356790000000000000e+05
4.817150000000000000e+05
4.337990000000000000e+05
3.940280000000000000e+05
3.580010000000000000e+05
3.269630000000000000e+05
3.004770000000000000e+05
2.760040000000000000e+05
2.551470000000000000e+05
2.361290000000000000e+05
2.190130000000000000e+05
2.038070000000000000e+05
1.906410000000000000e+05
1.771690000000000000e+05
1.666360000000000000e+05
1.566140000000000000e+05
1.470370000000000000e+05
1.386760000000000000e+05
1.308040000000000000e+05
1.245010000000000000e+05
1.171210000000000000e+05
1.115000000000000000e+05
1.055050000000000000e+05
1.002580000000000000e+05
9.495700000000000000e+04
9.138200000000000000e+04
8.745200000000000000e+04
8.285600000000000000e+04
7.961500000000000000e+04
7.607300000000000000e+04
7.259100000000000000e+04
6.936200000000000000e+04
6.677900000000000000e+04
6.451500000000000000e+04
