6.365000000000000000e+03
6.311000000000000000e+03
6.355000000000000000e+03
6.459000000000000000e+03
6.383000000000000000e+03
6.452000000000000000e+03
6.503000000000000000e+03
6.386000000000000000e+03
6.425000000000000000e+03
6.554000000000000000e+03
6.482000000000000000e+03
6.692000000000000000e+03
6.760000000000000000e+03
6.608000000000000000e+03
6.790000000000000000e+03
6.699000000000000000e+03
6.751000000000000000e+03
6.645000000000000000e+03
6.745000000000000000e+03
6.781000000000000000e+03
6.802000000000000000e+03
6.717000000000000000e+03
6.964000000000000000e+03
6.875000000000000000e+03
6.868000000000000000e+03
6.975000000000000000e+03
6.964000000000000000e+03
6.951000000000000000e+03
7.059000000000000000e+03
7.061000000000000000e+03
7.161000000000000000e+03
7.159000000000000000e+03
7.367000000000000000e+03
7.253000000000000000e+03
7.383000000000000000e+03
7.447000000000000000e+03
7.369000000000000000e+03
7.410000000000000000e+03
7.598000000000000000e+03
7.293000000000000000e+03
7.482000000000000000e+03
7.450000000000000000e+03
7.675000000000000000e+03
7.569000000000000000e+03
7.560000000000000000e+03
7.704000000000000000e+03
7.910000000000000000e+03
7.687000000000000000e+03
7.723000000000000000e+03
7.695000000000000000e+03
7.860000000000000000e+03
7.968000000000000000e+03
7.894000000000000000e+03
7.729000000000000000e+03
8.113000000000000000e+03
7.908000000000000000e+03
7.994000000000000000e+03
7.921000000000000000e+03
8.141000000000000000e+03
7.939000000000000000e+03
8.107000000000000000e+03
8.212000000000000000e+03
8.101000000000000000e+03
8.138000000000000000e+03
8.208000000000000000e+03
8.421000000000000000e+03
8.268000000000000000e+03
8.365000000000000000e+03
8.538000000000000000e+03
8.351000000000000000e+03
8.460000000000000000e+03
8.603000000000000000e+03
8.420000000000000000e+03
8.680000000000000000e+03
8.767000000000000000e+03
8.799000000000000000e+03
8.642000000000000000e+03
8.640000000000000000e+03
8.762000000000000000e+03
8.988000000000000000e+03
8.942000000000000000e+03
8.894000000000000000e+03
9.008000000000000000e+03
9.018000000000000000e+03
9.130000000000000000e+03
9.003000000000000000e+03
9.221000000000000000e+03
9.203000000000000000e+03
9.348000000000000000e+03
9.314000000000000000e+03
9.396000000000000000e+03
9.070000000000000000e+03
9.448000000000000000e+03
9.433000000000000000e+03
9.601000000000000000e+03
9.480000000000000000e+03
9.800000000000000000e+03
9.946000000000000000e+03
9.586000000000000000e+03
9.716000000000000000e+03
9.854000000000000000e+03
1.000000000000000000e+04
9.934000000000000000e+03
9.824000000000000000e+03
9.844000000000000000e+03
1.014300000000000000e+04
1.008100000000000000e+04
9.995000000000000000e+03
1.020300000000000000e+04
1.038500000000000000e+04
1.004700000000000000e+04
1.039700000000000000e+04
1.029600000000000000e+04
1.046200000000000000e+04
1.058600000000000000e+04
1.042500000000000000e+04
1.061000000000000000e+04
1.058200000000000000e+04
1.068800000000000000e+04
1.096400000000000000e+04
1.085600000000000000e+04
1.096000000000000000e+04
1.094300000000000000e+04
1.112400000000000000e+04
1.105600000000000000e+04
1.103200000000000000e+04
1.128400000000000000e+04
1.132100000000000000e+04
1.133000000000000000e+04
1.136500000000000000e+04
1.146600000000000000e+04
1.150300000000000000e+04
1.143500000000000000e+04
1.173300000000000000e+04
1.177500000000000000e+04
1.165300000000000000e+04
1.175900000000000000e+04
1.183800000000000000e+04
1.204600000000000000e+04
1.203400000000000000e+04
1.229300000000000000e+04
1.225500000000000000e+04
1.215400000000000000e+04
1.230300000000000000e+04
1.224700000000000000e+04
1.245700000000000000e+04
1.257700000000000000e+04
1.273400000000000000e+04
1.264100000000000000e+04
1.263600000000000000e+04
1.283200000000000000e+04
1.302500000000000000e+04
1.286700000000000000e+04
1.278200000000000000e+04
1.308600000000000000e+04
1.323200000000000000e+04
1.320200000000000000e+04
1.327100000000000000e+04
1.338000000000000000e+04
1.343000000000000000e+04
1.364400000000000000e+04
1.352400000000000000e+04
1.371300000000000000e+04
1.375600000000000000e+04
1.376400000000000000e+04
1.378400000000000000e+04
1.411300000000000000e+04
1.397300000000000000e+04
1.422200000000000000e+04
1.408000000000000000e+04
1.455600000000000000e+04
1.443200000000000000e+04
1.430600000000000000e+04
1.455600000000000000e+04
1.481600000000000000e+04
1.491400000000000000e+04
1.471900000000000000e+04
1.486800000000000000e+04
1.515800000000000000e+04
1.522500000000000000e+04
1.509000000000000000e+04
1.527900000000000000e+04
1.548500000000000000e+04
1.543600000000000000e+04
1.548400000000000000e+04
1.578000000000000000e+04
1.599300000000000000e+04
1.621500000000000000e+04
1.610700000000000000e+04
1.598100000000000000e+04
1.619200000000000000e+04
1.629800000000000000e+04
1.602500000000000000e+04
1.638300000000000000e+04
1.643600000000000000e+04
1.667200000000000000e+04
1.682800000000000000e+04
1.725500000000000000e+04
1.723100000000000000e+04
1.696000000000000000e+04
1.747700000000000000e+04
1.741300000000000000e+04
1.766700000000000000e+04
1.746200000000000000e+04
1.777700000000000000e+04
1.769300000000000000e+04
1.791000000000000000e+04
1.794600000000000000e+04
1.813600000000000000e+04
1.833300000000000000e+04
1.829100000000000000e+04
1.864500000000000000e+04
1.860700000000000000e+04
1.876400000000000000e+04
1.892200000000000000e+04
1.907900000000000000e+04
1.916200000000000000e+04
1.903400000000000000e+04
1.958100000000000000e+04
1.959800000000000000e+04
1.963600000000000000e+04
1.998800000000000000e+04
2.005900000000000000e+04
2.028600000000000000e+04
2.050400000000000000e+04
2.060000000000000000e+04
2.066900000000000000e+04
2.072400000000000000e+04
2.091900000000000000e+04
2.094800000000000000e+04
2.133600000000000000e+04
2.146700000000000000e+04
2.128600000000000000e+04
2.162700000000000000e+04
2.185000000000000000e+04
2.198000000000000000e+04
2.208100000000000000e+04
2.240900000000000000e+04
2.252600000000000000e+04
2.257200000000000000e+04
2.287200000000000000e+04
2.296300000000000000e+04
2.317200000000000000e+04
2.344800000000000000e+04
2.345400000000000000e+04
2.374700000000000000e+04
2.385000000000000000e+04
2.433400000000000000e+04
2.442700000000000000e+04
2.439900000000000000e+04
2.454300000000000000e+04
2.496900000000000000e+04
2.514900000000000000e+04
2.501100000000000000e+04
2.557300000000000000e+04
2.579000000000000000e+04
2.590000000000000000e+04
2.634500000000000000e+04
2.601400000000000000e+04
2.687300000000000000e+04
2.657800000000000000e+04
2.693600000000000000e+04
2.696900000000000000e+04
2.741400000000000000e+04
2.739700000000000000e+04
2.768300000000000000e+04
2.751400000000000000e+04
2.811100000000000000e+04
2.845500000000000000e+04
2.856900000000000000e+04
2.878200000000000000e+04
2.919700000000000000e+04
2.943700000000000000e+04
2.945100000000000000e+04
3.000900000000000000e+04
2.999900000000000000e+04
3.036600000000000000e+04
3.083600000000000000e+04
3.086600000000000000e+04
3.120600000000000000e+04
3.154700000000000000e+04
3.160200000000000000e+04
3.183600000000000000e+04
3.239700000000000000e+04
3.274200000000000000e+04
3.275800000000000000e+04
3.328600000000000000e+04
3.331500000000000000e+04
3.389700000000000000e+04
3.418600000000000000e+04
3.429000000000000000e+04
3.462100000000000000e+04
3.511100000000000000e+04
3.513800000000000000e+04
3.559600000000000000e+04
3.582900000000000000e+04
3.645100000000000000e+04
3.642900000000000000e+04
3.707200000000000000e+04
3.722300000000000000e+04
3.786700000000000000e+04
3.830300000000000000e+04
3.812400000000000000e+04
3.868600000000000000e+04
3.918300000000000000e+04
3.970400000000000000e+04
4.001800000000000000e+04
3.997100000000000000e+04
4.082500000000000000e+04
4.104500000000000000e+04
4.146700000000000000e+04
4.181200000000000000e+04
4.218800000000000000e+04
4.250400000000000000e+04
4.305000000000000000e+04
4.343200000000000000e+04
4.393400000000000000e+04
4.427900000000000000e+04
4.511300000000000000e+04
4.558100000000000000e+04
4.593600000000000000e+04
4.656300000000000000e+04
4.684500000000000000e+04
4.713800000000000000e+04
4.755800000000000000e+04
4.842600000000000000e+04
4.883700000000000000e+04
4.927100000000000000e+04
4.986100000000000000e+04
5.014600000000000000e+04
5.102300000000000000e+04
5.175500000000000000e+04
5.208300000000000000e+04
5.287300000000000000e+04
5.327500000000000000e+04
5.397300000000000000e+04
5.466000000000000000e+04
5.510400000000000000e+04
5.546300000000000000e+04
5.639300000000000000e+04
5.683200000000000000e+04
5.753400000000000000e+04
5.866000000000000000e+04
5.896200000000000000e+04
5.934400000000000000e+04
6.012200000000000000e+04
6.094700000000000000e+04
6.183600000000000000e+04
6.279800000000000000e+04
6.298100000000000000e+04
6.423900000000000000e+04
6.501900000000000000e+04
6.591800000000000000e+04
6.678300000000000000e+04
6.707100000000000000e+04
6.795500000000000000e+04
6.891400000000000000e+04
6.926200000000000000e+04
6.997200000000000000e+04
7.154300000000000000e+04
7.223600000000000000e+04
7.305200000000000000e+04
7.438200000000000000e+04
7.531500000000000000e+04
7.640700000000000000e+04
7.792700000000000000e+04
7.827900000000000000e+04
7.921200000000000000e+04
8.090500000000000000e+04
8.158000000000000000e+04
8.236600000000000000e+04
8.383000000000000000e+04
8.472400000000000000e+04
8.625600000000000000e+04
8.771400000000000000e+04
8.794300000000000000e+04
8.972600000000000000e+04
9.100900000000000000e+04
9.227300000000000000e+04
9.353500000000000000e+04
9.463300000000000000e+04
9.584300000000000000e+04
9.783400000000000000e+04
9.902900000000000000e+04
1.009920000000000000e+05
1.017270000000000000e+05
1.034970000000000000e+05
1.048470000000000000e+05
1.059450000000000000e+05
1.084620000000000000e+05
1.102380000000000000e+05
1.109420000000000000e+05
1.135390000000000000e+05
1.150540000000000000e+05
1.168890000000000000e+05
1.183200000000000000e+05
1.208570000000000000e+05
1.223970000000000000e+05
1.239700000000000000e+05
1.263840000000000000e+05
1.280860000000000000e+05
1.305440000000000000e+05
1.329860000000000000e+05
1.351580000000000000e+05
1.369140000000000000e+05
1.387660000000000000e+05
1.413140000000000000e+05
1.446970000000000000e+05
1.463660000000000000e+05
1.483930000000000000e+05
1.513060000000000000e+05
1.543600000000000000e+05
1.564750000000000000e+05
1.592880000000000000e+05
1.621420000000000000e+05
1.651890000000000000e+05
1.685700000000000000e+05
1.713350000000000000e+05
1.742080000000000000e+05
1.777850000000000000e+05
1.804270000000000000e+05
1.837750000000000000e+05
1.879740000000000000e+05
1.909420000000000000e+05
1.940760000000000000e+05
1.978260000000000000e+05
2.020230000000000000e+05
2.049460000000000000e+05
2.098920000000000000e+05
2.128450000000000000e+05
2.173280000000000000e+05
2.217710000000000000e+05
2.256480000000000000e+05
2.296290000000000000e+05
2.345990000000000000e+05
2.387310000000000000e+05
2.440870000000000000e+05
2.476120000000000000e+05
2.528180000000000000e+05
2.584440000000000000e+05
2.637790000000000000e+05
2.681940000000000000e+05
2.743730000000000000e+05
2.792600000000000000e+05
2.850630000000000000e+05
2.917470000000000000e+05
2.960830000000000000e+05
3.032550000000000000e+05
3.089370000000000000e+05
3.158730000000000000e+05
3.214520000000000000e+05
3.279010000000000000e+05
3.351620000000000000e+05
3.404870000000000000e+05
3.481200000000000000e+05
3.557430000000000000e+05
3.625540000000000000e+05
3.690700000000000000e+05
3.767700000000000000e+05
3.847950000000000000e+05
3.918230000000000000e+05
3.999830000000000000e+05
4.074500000000000000e+05
4.156720000000000000e+05
4.228700000000000000e+05
4.307470000000000000e+05
4.387170000000000000e+05
4.461490000000000000e+05
4.563490000000000000e+05
4.641270000000000000e+05
4.719840000000000000e+05
4.806020000000000000e+05
4.876450000000000000e+05
4.976650000000000000e+05
5.049030000000000000e+05
5.121550000000000000e+05
5.212720000000000000e+05
5.283410000000000000e+05
5.364480000000000000e+05
5.456820000000000000e+05
5.523590000000000000e+05
5.596800000000000000e+05
5.663860000000000000e+05
5.736750000000000000e+05
5.809230000000000000e+05
5.866090000000000000e+05
5.923020000000000000e+05
5.993760000000000000e+05
6.039540000000000000e+05
6.097980000000000000e+05
6.148310000000000000e+05
6.182440000000000000e+05
6.236340000000000000e+05
6.255050000000000000e+05
6.287150000000000000e+05
6.316970000000000000e+05
6.318890000000000000e+05
6.364210000000000000e+05
6.330290000000000000e+05
6.356000000000000000e+05
6.361590000000000000e+05
6.353080000000000000e+05
6.351910000000000000e+05
6.333200000000000000e+05
6.314660000000000000e+05
6.291520000000000000e+05
6.255180000000000000e+05
6.211590000000000000e+05
6.169870000000000000e+05
6.142660000000000000e+05
6.101910000000000000e+05
6.050000000000000000e+05
6.006210000000000000e+05
5.937210000000000000e+05
5.871180000000000000e+05
5.809950000000000000e+05
5.746670000000000000e+05
5.673280000000000000e+05
5.598620000000000000e+05
5.521300000000000000e+05
5.453420000000000000e+05
5.380760000000000000e+05
5.288940000000000000e+05
5.203490000000000000e+05
5.133620000000000000e+05
5.051620000000000000e+05
4.982460000000000000e+05
4.870610000000000000e+05
4.800530000000000000e+05
4.715050000000000000e+05
4.651090000000000000e+05
4.548200000000000000e+05
4.470740000000000000e+05
4.388390000000000000e+05
4.315870000000000000e+05
4.245030000000000000e+05
4.153350000000000000e+05
4.073110000000000000e+05
3.998730000000000000e+05
3.927330000000000000e+05
3.837740000000000000e+05
3.759830000000000000e+05
3.696910000000000000e+05
3.621660000000000000e+05
3.549340000000000000e+05
3.475750000000000000e+05
3.408030000000000000e+05
3.349130000000000000e+05
3.280940000000000000e+05
3.207020000000000000e+05
3.154800000000000000e+05
3.081380000000000000e+05
3.027380000000000000e+05
2.977030000000000000e+05
2.910530000000000000e+05
2.852430000000000000e+05
2.807030000000000000e+05
2.743230000000000000e+05
2.691650000000000000e+05
2.630460000000000000e+05
2.584000000000000000e+05
2.530510000000000000e+05
2.479120000000000000e+05
2.435460000000000000e+05
2.404100000000000000e+05
2.340500000000000000e+05
2.302550000000000000e+05
2.245140000000000000e+05
2.208280000000000000e+05
2.169870000000000000e+05
2.134400000000000000e+05
2.089470000000000000e+05
2.052800000000000000e+05
2.016520000000000000e+05
1.975090000000000000e+05
1.947510000000000000e+05
1.907310000000000000e+05
1.871670000000000000e+05
1.836550000000000000e+05
1.811390000000000000e+05
1.769380000000000000e+05
1.745160000000000000e+05
1.711560000000000000e+05
1.680720000000000000e+05
1.647050000000000000e+05
1.618450000000000000e+05
1.596290000000000000e+05
1.565140000000000000e+05
1.540850000000000000e+05
1.508000000000000000e+05
1.485360000000000000e+05
1.461810000000000000e+05
1.437380000000000000e+05
1.414380000000000000e+05
1.391560000000000000e+05
1.371820000000000000e+05
1.355190000000000000e+05
1.321730000000000000e+05
1.306960000000000000e+05
1.279520000000000000e+05
1.258410000000000000e+05
1.245220000000000000e+05
1.226220000000000000e+05
1.204030000000000000e+05
1.185520000000000000e+05
1.162550000000000000e+05
1.148680000000000000e+05
1.135990000000000000e+05
1.115890000000000000e+05
1.093930000000000000e+05
1.082120000000000000e+05
1.065580000000000000e+05
1.054290000000000000e+05
1.032650000000000000e+05
1.022470000000000000e+05
1.009980000000000000e+05
9.960200000000000000e+04
9.776300000000000000e+04
9.653800000000000000e+04
9.542200000000000000e+04
9.317600000000000000e+04
9.176500000000000000e+04
9.115700000000000000e+04
8.978900000000000000e+04
8.823200000000000000e+04
8.734600000000000000e+04
8.615700000000000000e+04
8.493200000000000000e+04
8.377100000000000000e+04
8.254500000000000000e+04
8.126400000000000000e+04
8.006900000000000000e+04
7.935400000000000000e+04
7.826600000000000000e+04
7.772200000000000000e+04
7.672900000000000000e+04
7.535100000000000000e+04
7.455700000000000000e+04
7.318500000000000000e+04
7.216600000000000000e+04
7.110200000000000000e+04
7.111800000000000000e+04
6.998100000000000000e+04
6.888600000000000000e+04
6.810000000000000000e+04
6.732600000000000000e+04
6.680000000000000000e+04
6.592800000000000000e+04
6.441500000000000000e+04
6.399200000000000000e+04
6.328700000000000000e+04
6.276000000000000000e+04
6.204900000000000000e+04
6.100700000000000000e+04
6.025200000000000000e+04
5.941600000000000000e+04
5.942200000000000000e+04
5.806800000000000000e+04
5.819100000000000000e+04
5.718700000000000000e+04
5.644700000000000000e+04
5.610600000000000000e+04
5.500800000000000000e+04
5.453700000000000000e+04
5.406900000000000000e+04
5.303300000000000000e+04
5.240000000000000000e+04
5.185800000000000000e+04
5.150800000000000000e+04
5.097200000000000000e+04
5.034700000000000000e+04
4.980200000000000000e+04
4.937000000000000000e+04
4.818600000000000000e+04
4.852000000000000000e+04
4.768200000000000000e+04
4.764400000000000000e+04
4.666600000000000000e+04
4.639800000000000000e+04
4.573100000000000000e+04
4.549300000000000000e+04
4.482300000000000000e+04
4.431400000000000000e+04
4.393400000000000000e+04
4.391500000000000000e+04
4.289400000000000000e+04
4.276200000000000000e+04
4.178300000000000000e+04
4.159800000000000000e+04
4.130200000000000000e+04
4.121400000000000000e+04
4.053300000000000000e+04
4.036400000000000000e+04
4.003300000000000000e+04
3.957400000000000000e+04
3.889600000000000000e+04
3.875800000000000000e+04
3.856400000000000000e+04
3.805700000000000000e+04
3.761500000000000000e+04
3.737300000000000000e+04
3.703300000000000000e+04
3.657100000000000000e+04
3.624400000000000000e+04
3.577700000000000000e+04
3.563200000000000000e+04
3.550900000000000000e+04
3.478000000000000000e+04
3.447600000000000000e+04
3.430000000000000000e+04
3.410000000000000000e+04
3.374200000000000000e+04
3.336600000000000000e+04
3.298300000000000000e+04
3.286100000000000000e+04
3.263600000000000000e+04
3.223000000000000000e+04
3.226900000000000000e+04
3.192900000000000000e+04
3.136400000000000000e+04
3.109200000000000000e+04
3.082600000000000000e+04
3.067400000000000000e+04
3.066200000000000000e+04
3.027500000000000000e+04
2.979900000000000000e+04
2.984500000000000000e+04
2.934000000000000000e+04
2.902500000000000000e+04
2.897400000000000000e+04
2.872100000000000000e+04
2.856900000000000000e+04
2.826100000000000000e+04
2.763400000000000000e+04
2.771100000000000000e+04
2.765000000000000000e+04
2.699400000000000000e+04
2.701600000000000000e+04
2.662700000000000000e+04
2.645900000000000000e+04
2.634600000000000000e+04
2.620200000000000000e+04
2.569700000000000000e+04
2.570900000000000000e+04
2.567600000000000000e+04
2.553500000000000000e+04
2.507100000000000000e+04
2.509600000000000000e+04
2.485900000000000000e+04
2.484800000000000000e+04
2.450100000000000000e+04
2.430400000000000000e+04
2.399200000000000000e+04
2.389200000000000000e+04
2.383900000000000000e+04
2.332200000000000000e+04
2.329100000000000000e+04
2.312900000000000000e+04
2.295100000000000000e+04
2.278100000000000000e+04
2.252300000000000000e+04
2.247500000000000000e+04
2.232300000000000000e+04
2.206800000000000000e+04
2.213300000000000000e+04
2.180100000000000000e+04
2.184000000000000000e+04
2.173100000000000000e+04
2.134100000000000000e+04
2.138800000000000000e+04
2.095000000000000000e+04
2.096100000000000000e+04
2.087400000000000000e+04
2.067200000000000000e+04
2.045000000000000000e+04
2.033800000000000000e+04
2.011000000000000000e+04
2.014600000000000000e+04
2.006600000000000000e+04
1.978300000000000000e+04
1.964900000000000000e+04
1.953900000000000000e+04
1.928600000000000000e+04
1.925600000000000000e+04
1.926700000000000000e+04
1.914000000000000000e+04
1.892900000000000000e+04
1.885000000000000000e+04
1.859600000000000000e+04
1.828200000000000000e+04
1.845000000000000000e+04
1.816400000000000000e+04
1.784200000000000000e+04
1.827400000000000000e+04
1.806400000000000000e+04
1.790100000000000000e+04
1.749800000000000000e+04
1.742400000000000000e+04
1.742100000000000000e+04
1.722900000000000000e+04
1.702500000000000000e+04
1.688200000000000000e+04
1.687900000000000000e+04
1.692800000000000000e+04
1.678300000000000000e+04
1.661400000000000000e+04
1.652100000000000000e+04
1.633500000000000000e+04
1.623000000000000000e+04
1.619200000000000000e+04
1.582100000000000000e+04
1.574600000000000000e+04
1.595400000000000000e+04
1.576800000000000000e+04
1.583500000000000000e+04
1.575300000000000000e+04
1.556200000000000000e+04
1.555900000000000000e+04
1.557900000000000000e+04
1.502200000000000000e+04
1.511700000000000000e+04
1.496300000000000000e+04
1.492600000000000000e+04
1.476900000000000000e+04
1.487900000000000000e+04
1.481700000000000000e+04
1.460600000000000000e+04
1.425900000000000000e+04
1.444700000000000000e+04
1.420300000000000000e+04
1.431100000000000000e+04
1.400500000000000000e+04
1.418700000000000000e+04
1.414900000000000000e+04
1.408300000000000000e+04
1.354200000000000000e+04
1.391500000000000000e+04
1.388500000000000000e+04
1.347200000000000000e+04
1.363900000000000000e+04
1.336300000000000000e+04
1.340600000000000000e+04
1.319900000000000000e+04
1.311400000000000000e+04
1.326100000000000000e+04
1.293100000000000000e+04
1.288200000000000000e+04
1.304700000000000000e+04
1.301500000000000000e+04
1.271700000000000000e+04
1.256700000000000000e+04
1.259700000000000000e+04
1.256500000000000000e+04
1.260100000000000000e+04
1.239400000000000000e+04
1.219000000000000000e+04
1.217400000000000000e+04
1.241700000000000000e+04
1.226700000000000000e+04
1.210900000000000000e+04
1.186000000000000000e+04
1.179400000000000000e+04
1.192300000000000000e+04
1.169700000000000000e+04
1.182200000000000000e+04
1.180300000000000000e+04
1.171000000000000000e+04
1.135300000000000000e+04
1.139200000000000000e+04
1.126300000000000000e+04
1.140100000000000000e+04
1.143000000000000000e+04
1.130200000000000000e+04
1.137200000000000000e+04
1.095600000000000000e+04
1.101800000000000000e+04
1.105600000000000000e+04
1.092000000000000000e+04
1.108100000000000000e+04
1.095400000000000000e+04
1.066400000000000000e+04
1.067500000000000000e+04
1.079600000000000000e+04
1.090500000000000000e+04
1.057300000000000000e+04
1.064500000000000000e+04
1.033800000000000000e+04
1.059100000000000000e+04
1.042900000000000000e+04
1.022800000000000000e+04
1.025200000000000000e+04
1.011100000000000000e+04
1.013900000000000000e+04
9.873000000000000000e+03
1.011500000000000000e+04
1.001400000000000000e+04
9.847000000000000000e+03
9.838000000000000000e+03
1.000700000000000000e+04
9.801000000000000000e+03
9.753000000000000000e+03
9.675000000000000000e+03
9.639000000000000000e+03
9.558000000000000000e+03
9.610000000000000000e+03
9.490000000000000000e+03
9.594000000000000000e+03
9.457000000000000000e+03
9.372000000000000000e+03
9.125000000000000000e+03
9.531000000000000000e+03
9.317000000000000000e+03
9.103000000000000000e+03
9.173000000000000000e+03
9.143000000000000000e+03
9.114000000000000000e+03
9.093000000000000000e+03
8.932000000000000000e+03
8.851000000000000000e+03
8.937000000000000000e+03
8.907000000000000000e+03
8.826000000000000000e+03
8.793000000000000000e+03
8.947000000000000000e+03
8.848000000000000000e+03
8.587000000000000000e+03
8.648000000000000000e+03
8.677000000000000000e+03
8.618000000000000000e+03
8.495000000000000000e+03
8.543000000000000000e+03
8.334000000000000000e+03
8.280000000000000000e+03
8.385000000000000000e+03
8.415000000000000000e+03
8.323000000000000000e+03
8.287000000000000000e+03
8.095000000000000000e+03
8.143000000000000000e+03
8.318000000000000000e+03
8.163000000000000000e+03
8.045000000000000000e+03
8.178000000000000000e+03
8.083000000000000000e+03
7.855000000000000000e+03
8.122000000000000000e+03
7.863000000000000000e+03
7.877000000000000000e+03
7.840000000000000000e+03
7.645000000000000000e+03
7.785000000000000000e+03
7.607000000000000000e+03
7.665000000000000000e+03
7.623000000000000000e+03
7.604000000000000000e+03
7.638000000000000000e+03
7.498000000000000000e+03
7.633000000000000000e+03
7.522000000000000000e+03
7.482000000000000000e+03
7.469000000000000000e+03
7.333000000000000000e+03
7.443000000000000000e+03
7.322000000000000000e+03
7.280000000000000000e+03
7.430000000000000000e+03
7.405000000000000000e+03
7.151000000000000000e+03
7.205000000000000000e+03
7.062000000000000000e+03
7.149000000000000000e+03
7.158000000000000000e+03
7.101000000000000000e+03
6.958000000000000000e+03
6.996000000000000000e+03
7.090000000000000000e+03
6.889000000000000000e+03
6.795000000000000000e+03
6.597000000000000000e+03
6.904000000000000000e+03
6.833000000000000000e+03
6.712000000000000000e+03
6.715000000000000000e+03
6.683000000000000000e+03
6.695000000000000000e+03
6.676000000000000000e+03
6.703000000000000000e+03
6.574000000000000000e+03
6.643000000000000000e+03
6.649000000000000000e+03
6.454000000000000000e+03
6.477000000000000000e+03
6.410000000000000000e+03
6.483000000000000000e+03
6.247000000000000000e+03
6.378000000000000000e+03
6.467000000000000000e+03
6.429000000000000000e+03
6.357000000000000000e+03
6.298000000000000000e+03
