6.247000000000000000e+03
6.411000000000000000e+03
6.297000000000000000e+03
6.235000000000000000e+03
6.402000000000000000e+03
6.449000000000000000e+03
6.633000000000000000e+03
6.428000000000000000e+03
6.548000000000000000e+03
6.478000000000000000e+03
6.583000000000000000e+03
6.640000000000000000e+03
6.636000000000000000e+03
6.599000000000000000e+03
6.786000000000000000e+03
6.739000000000000000e+03
6.548000000000000000e+03
6.923000000000000000e+03
6.673000000000000000e+03
6.847000000000000000e+03
6.831000000000000000e+03
6.960000000000000000e+03
7.103000000000000000e+03
7.028000000000000000e+03
7.075000000000000000e+03
7.098000000000000000e+03
6.969000000000000000e+03
6.934000000000000000e+03
7.098000000000000000e+03
7.005000000000000000e+03
7.076000000000000000e+03
7.106000000000000000e+03
7.414000000000000000e+03
7.383000000000000000e+03
7.309000000000000000e+03
7.344000000000000000e+03
7.229000000000000000e+03
7.423000000000000000e+03
7.403000000000000000e+03
7.450000000000000000e+03
7.486000000000000000e+03
7.451000000000000000e+03
7.674000000000000000e+03
7.597000000000000000e+03
7.524000000000000000e+03
7.670000000000000000e+03
7.610000000000000000e+03
7.559000000000000000e+03
7.682000000000000000e+03
7.760000000000000000e+03
7.809000000000000000e+03
7.819000000000000000e+03
7.939000000000000000e+03
7.840000000000000000e+03
7.819000000000000000e+03
7.913000000000000000e+03
8.011000000000000000e+03
8.137000000000000000e+03
8.089000000000000000e+03
8.074000000000000000e+03
7.956000000000000000e+03
8.221000000000000000e+03
8.291000000000000000e+03
8.237000000000000000e+03
8.360000000000000000e+03
8.455000000000000000e+03
8.371000000000000000e+03
8.285000000000000000e+03
8.489000000000000000e+03
8.490000000000000000e+03
8.558000000000000000e+03
8.627000000000000000e+03
8.576000000000000000e+03
8.708000000000000000e+03
8.874000000000000000e+03
8.736000000000000000e+03
8.781000000000000000e+03
8.791000000000000000e+03
8.906000000000000000e+03
8.990000000000000000e+03
9.027000000000000000e+03
8.916000000000000000e+03
9.014000000000000000e+03
9.078000000000000000e+03
9.074000000000000000e+03
9.154000000000000000e+03
9.148000000000000000e+03
9.307000000000000000e+03
9.290000000000000000e+03
9.386000000000000000e+03
9.339000000000000000e+03
9.488000000000000000e+03
9.516000000000000000e+03
9.551000000000000000e+03
9.610000000000000000e+03
9.619000000000000000e+03
9.591000000000000000e+03
9.653000000000000000e+03
9.685000000000000000e+03
9.862000000000000000e+03
9.818000000000000000e+03
9.781000000000000000e+03
9.774000000000000000e+03
9.852000000000000000e+03
9.878000000000000000e+03
1.009900000000000000e+04
1.017400000000000000e+04
1.037200000000000000e+04
1.019000000000000000e+04
1.025100000000000000e+04
1.028400000000000000e+04
1.042600000000000000e+04
1.046000000000000000e+04
1.048800000000000000e+04
1.047000000000000000e+04
1.067500000000000000e+04
1.059400000000000000e+04
1.068800000000000000e+04
1.091900000000000000e+04
1.078000000000000000e+04
1.053700000000000000e+04
1.086400000000000000e+04
1.081500000000000000e+04
1.107300000000000000e+04
1.126800000000000000e+04
1.119600000000000000e+04
1.114700000000000000e+04
1.132500000000000000e+04
1.136600000000000000e+04
1.146300000000000000e+04
1.135300000000000000e+04
1.150100000000000000e+04
1.183400000000000000e+04
1.151900000000000000e+04
1.150200000000000000e+04
1.174300000000000000e+04
1.168300000000000000e+04
1.198400000000000000e+04
1.201300000000000000e+04
1.196900000000000000e+04
1.225200000000000000e+04
1.220600000000000000e+04
1.220200000000000000e+04
1.233100000000000000e+04
1.232200000000000000e+04
1.252900000000000000e+04
1.259500000000000000e+04
1.250200000000000000e+04
1.267800000000000000e+04
1.254700000000000000e+04
1.269600000000000000e+04
1.278500000000000000e+04
1.275000000000000000e+04
1.302400000000000000e+04
1.308400000000000000e+04
1.311300000000000000e+04
1.321800000000000000e+04
1.333100000000000000e+04
1.347900000000000000e+04
1.357800000000000000e+04
1.357700000000000000e+04
1.355100000000000000e+04
1.376600000000000000e+04
1.380000000000000000e+04
1.392300000000000000e+04
1.385000000000000000e+04
1.382000000000000000e+04
1.407000000000000000e+04
1.429400000000000000e+04
1.428000000000000000e+04
1.439900000000000000e+04
1.448800000000000000e+04
1.458900000000000000e+04
1.447700000000000000e+04
1.451200000000000000e+04
1.474400000000000000e+04
1.490700000000000000e+04
1.493600000000000000e+04
1.495600000000000000e+04
1.520700000000000000e+04
1.505600000000000000e+04
1.529200000000000000e+04
1.522100000000000000e+04
1.555100000000000000e+04
1.546800000000000000e+04
1.554600000000000000e+04
1.589800000000000000e+04
1.577900000000000000e+04
1.607700000000000000e+04
1.602000000000000000e+04
1.620100000000000000e+04
1.655500000000000000e+04
1.634800000000000000e+04
1.677400000000000000e+04
1.663000000000000000e+04
1.676000000000000000e+04
1.691600000000000000e+04
1.732300000000000000e+04
1.695000000000000000e+04
1.711100000000000000e+04
1.731500000000000000e+04
1.732200000000000000e+04
1.740000000000000000e+04
1.780300000000000000e+04
1.769200000000000000e+04
1.768500000000000000e+04
1.790800000000000000e+04
1.799000000000000000e+04
1.809800000000000000e+04
1.827000000000000000e+04
1.836000000000000000e+04
1.843400000000000000e+04
1.883000000000000000e+04
1.859700000000000000e+04
1.855700000000000000e+04
1.902700000000000000e+04
1.906800000000000000e+04
1.930500000000000000e+04
1.944300000000000000e+04
1.961200000000000000e+04
1.960600000000000000e+04
1.995900000000000000e+04
2.007600000000000000e+04
2.011800000000000000e+04
2.020700000000000000e+04
2.045300000000000000e+04
2.050700000000000000e+04
2.084200000000000000e+04
2.076100000000000000e+04
2.112800000000000000e+04
2.101100000000000000e+04
2.148800000000000000e+04
2.161900000000000000e+04
2.185000000000000000e+04
2.182100000000000000e+04
2.201100000000000000e+04
2.223500000000000000e+04
2.216200000000000000e+04
2.228000000000000000e+04
2.247400000000000000e+04
2.281200000000000000e+04
2.303800000000000000e+04
2.305200000000000000e+04
2.307300000000000000e+04
2.333200000000000000e+04
2.354200000000000000e+04
2.384400000000000000e+04
2.410700000000000000e+04
2.421800000000000000e+04
2.453100000000000000e+04
2.478400000000000000e+04
2.462800000000000000e+04
2.479500000000000000e+04
2.511600000000000000e+04
2.530600000000000000e+04
2.539000000000000000e+04
2.573500000000000000e+04
2.581900000000000000e+04
2.610000000000000000e+04
2.649800000000000000e+04
2.687900000000000000e+04
2.681000000000000000e+04
2.685700000000000000e+04
2.720200000000000000e+04
2.756400000000000000e+04
2.732500000000000000e+04
2.795100000000000000e+04
2.807800000000000000e+04
2.851000000000000000e+04
2.884300000000000000e+04
2.867300000000000000e+04
2.918200000000000000e+04
2.940200000000000000e+04
2.957900000000000000e+04
2.961100000000000000e+04
2.995700000000000000e+04
3.058000000000000000e+04
3.028500000000000000e+04
3.094900000000000000e+04
3.105500000000000000e+04
3.136000000000000000e+04
3.184300000000000000e+04
3.158100000000000000e+04
3.243600000000000000e+04
3.242200000000000000e+04
3.286700000000000000e+04
3.309800000000000000e+04
3.331000000000000000e+04
3.410800000000000000e+04
3.419500000000000000e+04
3.455300000000000000e+04
3.429300000000000000e+04
3.482400000000000000e+04
3.517500000000000000e+04
3.544000000000000000e+04
3.592900000000000000e+04
3.604000000000000000e+04
3.683700000000000000e+04
3.713900000000000000e+04
3.725500000000000000e+04
3.783200000000000000e+04
3.803600000000000000e+04
3.838100000000000000e+04
3.877500000000000000e+04
3.923000000000000000e+04
3.949300000000000000e+04
3.968800000000000000e+04
4.000500000000000000e+04
4.070900000000000000e+04
4.096200000000000000e+04
4.153600000000000000e+04
4.222000000000000000e+04
4.205600000000000000e+04
4.282000000000000000e+04
4.276600000000000000e+04
4.356500000000000000e+04
4.392000000000000000e+04
4.486900000000000000e+04
4.492500000000000000e+04
4.540500000000000000e+04
4.563100000000000000e+04
4.631900000000000000e+04
4.703800000000000000e+04
4.727800000000000000e+04
4.767600000000000000e+04
4.817100000000000000e+04
4.880700000000000000e+04
4.952200000000000000e+04
4.998800000000000000e+04
5.076800000000000000e+04
5.135900000000000000e+04
5.165700000000000000e+04
5.169400000000000000e+04
5.273600000000000000e+04
5.281100000000000000e+04
5.389900000000000000e+04
5.424800000000000000e+04
5.518400000000000000e+04
5.579700000000000000e+04
5.601600000000000000e+04
5.715200000000000000e+04
5.804300000000000000e+04
5.819900000000000000e+04
5.917100000000000000e+04
5.936400000000000000e+04
6.029500000000000000e+04
6.084800000000000000e+04
6.154300000000000000e+04
6.255900000000000000e+04
6.311100000000000000e+04
6.371000000000000000e+04
6.548300000000000000e+04
6.551700000000000000e+04
6.587100000000000000e+04
6.665700000000000000e+04
6.797700000000000000e+04
6.894000000000000000e+04
7.001400000000000000e+04
7.069100000000000000e+04
7.152000000000000000e+04
7.246200000000000000e+04
7.385600000000000000e+04
7.454500000000000000e+04
7.472000000000000000e+04
7.627700000000000000e+04
7.741800000000000000e+04
7.853700000000000000e+04
7.930000000000000000e+04
8.037500000000000000e+04
8.158700000000000000e+04
8.280900000000000000e+04
8.389300000000000000e+04
8.448200000000000000e+04
8.619000000000000000e+04
8.695700000000000000e+04
8.851500000000000000e+04
9.003500000000000000e+04
9.091800000000000000e+04
9.112100000000000000e+04
9.330200000000000000e+04
9.463800000000000000e+04
9.638200000000000000e+04
9.787800000000000000e+04
9.979400000000000000e+04
1.007190000000000000e+05
1.022270000000000000e+05
1.034730000000000000e+05
1.057510000000000000e+05
1.065390000000000000e+05
1.085010000000000000e+05
1.101730000000000000e+05
1.116710000000000000e+05
1.133360000000000000e+05
1.147970000000000000e+05
1.169600000000000000e+05
1.189220000000000000e+05
1.201260000000000000e+05
1.227620000000000000e+05
1.242890000000000000e+05
1.258290000000000000e+05
1.278770000000000000e+05
1.302040000000000000e+05
1.329100000000000000e+05
1.351780000000000000e+05
1.374420000000000000e+05
1.387430000000000000e+05
1.409470000000000000e+05
1.438730000000000000e+05
1.466350000000000000e+05
1.483920000000000000e+05
1.513850000000000000e+05
1.539210000000000000e+05
1.565120000000000000e+05
1.590890000000000000e+05
1.627520000000000000e+05
1.647550000000000000e+05
1.669940000000000000e+05
1.712760000000000000e+05
1.739730000000000000e+05
1.759240000000000000e+05
1.807370000000000000e+05
1.835080000000000000e+05
1.873070000000000000e+05
1.905580000000000000e+05
1.935600000000000000e+05
1.977480000000000000e+05
2.009910000000000000e+05
2.041110000000000000e+05
2.093270000000000000e+05
2.128870000000000000e+05
2.166170000000000000e+05
2.210150000000000000e+05
2.256940000000000000e+05
2.298960000000000000e+05
2.343110000000000000e+05
2.389470000000000000e+05
2.437720000000000000e+05
2.482650000000000000e+05
2.532990000000000000e+05
2.588400000000000000e+05
2.628950000000000000e+05
2.688100000000000000e+05
2.743680000000000000e+05
2.788540000000000000e+05
2.861610000000000000e+05
2.910500000000000000e+05
2.963930000000000000e+05
3.028720000000000000e+05
3.086540000000000000e+05
3.143980000000000000e+05
3.214770000000000000e+05
3.294290000000000000e+05
3.359620000000000000e+05
3.407550000000000000e+05
3.491400000000000000e+05
3.562010000000000000e+05
3.623210000000000000e+05
3.691630000000000000e+05
3.783750000000000000e+05
3.850730000000000000e+05
3.912300000000000000e+05
3.999370000000000000e+05
4.067530000000000000e+05
4.159110000000000000e+05
4.236260000000000000e+05
4.312170000000000000e+05
4.397580000000000000e+05
4.472350000000000000e+05
4.552370000000000000e+05
4.638380000000000000e+05
4.706750000000000000e+05
4.800810000000000000e+05
4.881490000000000000e+05
4.967940000000000000e+05
5.056770000000000000e+05
5.128510000000000000e+05
5.220320000000000000e+05
5.291930000000000000e+05
5.374980000000000000e+05
5.446110000000000000e+05
5.524250000000000000e+05
5.614890000000000000e+05
5.656250000000000000e+05
5.732020000000000000e+05
5.810890000000000000e+05
5.870090000000000000e+05
5.932720000000000000e+05
5.998480000000000000e+05
6.026780000000000000e+05
6.098960000000000000e+05
6.131920000000000000e+05
6.188030000000000000e+05
6.223340000000000000e+05
6.253660000000000000e+05
6.280370000000000000e+05
6.324160000000000000e+05
6.339940000000000000e+05
6.350570000000000000e+05
6.345130000000000000e+05
6.369700000000000000e+05
6.355680000000000000e+05
6.350390000000000000e+05
6.366140000000000000e+05
6.343020000000000000e+05
6.317980000000000000e+05
6.294770000000000000e+05
6.263620000000000000e+05
6.228460000000000000e+05
6.204500000000000000e+05
6.145980000000000000e+05
6.104700000000000000e+05
6.042100000000000000e+05
5.991720000000000000e+05
5.920460000000000000e+05
5.864190000000000000e+05
5.809880000000000000e+05
5.750120000000000000e+05
5.663910000000000000e+05
5.589670000000000000e+05
5.530040000000000000e+05
5.447840000000000000e+05
5.375270000000000000e+05
5.297300000000000000e+05
5.210380000000000000e+05
5.130940000000000000e+05
5.051890000000000000e+05
4.987670000000000000e+05
4.876910000000000000e+05
4.799630000000000000e+05
4.721130000000000000e+05
4.639670000000000000e+05
4.574710000000000000e+05
4.472510000000000000e+05
4.395130000000000000e+05
4.314620000000000000e+05
4.226910000000000000e+05
4.147910000000000000e+05
4.074160000000000000e+05
3.992830000000000000e+05
3.929270000000000000e+05
3.844230000000000000e+05
3.772250000000000000e+05
3.686160000000000000e+05
3.635420000000000000e+05
3.542760000000000000e+05
3.485080000000000000e+05
3.403510000000000000e+05
3.362630000000000000e+05
3.275780000000000000e+05
3.210340000000000000e+05
3.156560000000000000e+05
3.088300000000000000e+05
3.034310000000000000e+05
2.970340000000000000e+05
2.917310000000000000e+05
2.856630000000000000e+05
2.797320000000000000e+05
2.739840000000000000e+05
2.697160000000000000e+05
2.638460000000000000e+05
2.584350000000000000e+05
2.533420000000000000e+05
2.481560000000000000e+05
2.435320000000000000e+05
2.388210000000000000e+05
2.349470000000000000e+05
2.304940000000000000e+05
2.260390000000000000e+05
2.208920000000000000e+05
2.170930000000000000e+05
2.133130000000000000e+05
2.093040000000000000e+05
2.053080000000000000e+05
2.011940000000000000e+05
1.983830000000000000e+05
1.936040000000000000e+05
1.896990000000000000e+05
1.874440000000000000e+05
1.840550000000000000e+05
1.808610000000000000e+05
1.773830000000000000e+05
1.738550000000000000e+05
1.709920000000000000e+05
1.685390000000000000e+05
1.656520000000000000e+05
1.622000000000000000e+05
1.589510000000000000e+05
1.566860000000000000e+05
1.539050000000000000e+05
1.521710000000000000e+05
1.492580000000000000e+05
1.463730000000000000e+05
1.442140000000000000e+05
1.419030000000000000e+05
1.393870000000000000e+05
1.376070000000000000e+05
1.349750000000000000e+05
1.328040000000000000e+05
1.307660000000000000e+05
1.286130000000000000e+05
1.262370000000000000e+05
1.242010000000000000e+05
1.223200000000000000e+05
1.206860000000000000e+05
1.185010000000000000e+05
1.168570000000000000e+05
1.150340000000000000e+05
1.130140000000000000e+05
1.118130000000000000e+05
1.096800000000000000e+05
1.085190000000000000e+05
1.065230000000000000e+05
1.046700000000000000e+05
1.033130000000000000e+05
1.018220000000000000e+05
1.000900000000000000e+05
9.912900000000000000e+04
9.735000000000000000e+04
9.596700000000000000e+04
9.455500000000000000e+04
9.350800000000000000e+04
9.203800000000000000e+04
9.097300000000000000e+04
8.962400000000000000e+04
8.821900000000000000e+04
8.778200000000000000e+04
8.582400000000000000e+04
8.515200000000000000e+04
8.373000000000000000e+04
8.240000000000000000e+04
8.090700000000000000e+04
8.037000000000000000e+04
7.960600000000000000e+04
7.871300000000000000e+04
7.710700000000000000e+04
7.607200000000000000e+04
7.530400000000000000e+04
7.465300000000000000e+04
7.326700000000000000e+04
7.229100000000000000e+04
7.156000000000000000e+04
7.060200000000000000e+04
7.019900000000000000e+04
6.913800000000000000e+04
6.857200000000000000e+04
6.727000000000000000e+04
6.626000000000000000e+04
6.551200000000000000e+04
6.483900000000000000e+04
6.405600000000000000e+04
6.315400000000000000e+04
6.250000000000000000e+04
6.133100000000000000e+04
6.079100000000000000e+04
6.073600000000000000e+04
5.975800000000000000e+04
5.923900000000000000e+04
5.845100000000000000e+04
5.761100000000000000e+04
5.684200000000000000e+04
5.657200000000000000e+04
5.583600000000000000e+04
5.501600000000000000e+04
5.407100000000000000e+04
5.411700000000000000e+04
5.332100000000000000e+04
5.245800000000000000e+04
5.170700000000000000e+04
5.163800000000000000e+04
5.117400000000000000e+04
5.090700000000000000e+04
4.970400000000000000e+04
4.925900000000000000e+04
4.864300000000000000e+04
4.845400000000000000e+04
4.772400000000000000e+04
4.737700000000000000e+04
4.684100000000000000e+04
4.592900000000000000e+04
4.591200000000000000e+04
4.523300000000000000e+04
4.467700000000000000e+04
4.442500000000000000e+04
4.385600000000000000e+04
4.360100000000000000e+04
4.329200000000000000e+04
4.276500000000000000e+04
4.226400000000000000e+04
4.179800000000000000e+04
4.131800000000000000e+04
4.096700000000000000e+04
4.042200000000000000e+04
4.014600000000000000e+04
3.986400000000000000e+04
3.960300000000000000e+04
3.932900000000000000e+04
3.853000000000000000e+04
3.806000000000000000e+04
3.788000000000000000e+04
3.716300000000000000e+04
3.686100000000000000e+04
3.672500000000000000e+04
3.648500000000000000e+04
3.655300000000000000e+04
3.615100000000000000e+04
3.583700000000000000e+04
3.557200000000000000e+04
3.470800000000000000e+04
3.447000000000000000e+04
3.389800000000000000e+04
3.380700000000000000e+04
3.358500000000000000e+04
3.340800000000000000e+04
3.301700000000000000e+04
3.297800000000000000e+04
3.270000000000000000e+04
3.213400000000000000e+04
3.182800000000000000e+04
3.136600000000000000e+04
3.135900000000000000e+04
3.103000000000000000e+04
3.085400000000000000e+04
3.073200000000000000e+04
3.070100000000000000e+04
2.985600000000000000e+04
2.965200000000000000e+04
2.979000000000000000e+04
2.905900000000000000e+04
2.939200000000000000e+04
2.889800000000000000e+04
2.861500000000000000e+04
2.850300000000000000e+04
2.816900000000000000e+04
2.791000000000000000e+04
2.757800000000000000e+04
2.730400000000000000e+04
2.709200000000000000e+04
2.744400000000000000e+04
2.653600000000000000e+04
2.689900000000000000e+04
2.662500000000000000e+04
2.624500000000000000e+04
2.576700000000000000e+04
2.535600000000000000e+04
2.566500000000000000e+04
2.568600000000000000e+04
2.490300000000000000e+04
2.480300000000000000e+04
2.477900000000000000e+04
2.471900000000000000e+04
2.423500000000000000e+04
2.425100000000000000e+04
2.408700000000000000e+04
2.364500000000000000e+04
2.358600000000000000e+04
2.354300000000000000e+04
2.358300000000000000e+04
2.296500000000000000e+04
2.312500000000000000e+04
2.290800000000000000e+04
2.263200000000000000e+04
2.280300000000000000e+04
2.222900000000000000e+04
2.230300000000000000e+04
2.206900000000000000e+04
2.193200000000000000e+04
2.173100000000000000e+04
2.166100000000000000e+04
2.127200000000000000e+04
2.124300000000000000e+04
2.112200000000000000e+04
2.096900000000000000e+04
2.086700000000000000e+04
2.041500000000000000e+04
2.048000000000000000e+04
2.046700000000000000e+04
2.001000000000000000e+04
2.001600000000000000e+04
1.996500000000000000e+04
1.993900000000000000e+04
1.960500000000000000e+04
1.933700000000000000e+04
1.913900000000000000e+04
1.927000000000000000e+04
1.902700000000000000e+04
1.917900000000000000e+04
1.875500000000000000e+04
1.860800000000000000e+04
1.868300000000000000e+04
1.844400000000000000e+04
1.852900000000000000e+04
1.819800000000000000e+04
1.800000000000000000e+04
1.802900000000000000e+04
1.775200000000000000e+04
1.781900000000000000e+04
1.751700000000000000e+04
1.762700000000000000e+04
1.747000000000000000e+04
1.727600000000000000e+04
1.695900000000000000e+04
1.715000000000000000e+04
1.678600000000000000e+04
1.711100000000000000e+04
1.672600000000000000e+04
1.666100000000000000e+04
1.653600000000000000e+04
1.627300000000000000e+04
1.632500000000000000e+04
1.619400000000000000e+04
1.614000000000000000e+04
1.603100000000000000e+04
1.602300000000000000e+04
1.582100000000000000e+04
1.567100000000000000e+04
1.557600000000000000e+04
1.552200000000000000e+04
1.542700000000000000e+04
1.525300000000000000e+04
1.524800000000000000e+04
1.511700000000000000e+04
1.505500000000000000e+04
1.496100000000000000e+04
1.488600000000000000e+04
1.467600000000000000e+04
1.456900000000000000e+04
1.451800000000000000e+04
1.449000000000000000e+04
1.443700000000000000e+04
1.405300000000000000e+04
1.441400000000000000e+04
1.419900000000000000e+04
1.434000000000000000e+04
1.386300000000000000e+04
1.380800000000000000e+04
1.388200000000000000e+04
1.376700000000000000e+04
1.370800000000000000e+04
1.342300000000000000e+04
1.344200000000000000e+04
1.335100000000000000e+04
1.331000000000000000e+04
1.322900000000000000e+04
1.333800000000000000e+04
1.327000000000000000e+04
1.289900000000000000e+04
1.306200000000000000e+04
1.282900000000000000e+04
1.284800000000000000e+04
1.262100000000000000e+04
1.263100000000000000e+04
1.266500000000000000e+04
1.231400000000000000e+04
1.233300000000000000e+04
1.244400000000000000e+04
1.239500000000000000e+04
1.237100000000000000e+04
1.215200000000000000e+04
1.229300000000000000e+04
1.218000000000000000e+04
1.197100000000000000e+04
1.187200000000000000e+04
1.201900000000000000e+04
1.191200000000000000e+04
1.171600000000000000e+04
1.171600000000000000e+04
1.189400000000000000e+04
1.152400000000000000e+04
1.158700000000000000e+04
1.158000000000000000e+04
1.130900000000000000e+04
1.127000000000000000e+04
1.115200000000000000e+04
1.116400000000000000e+04
1.118100000000000000e+04
1.112700000000000000e+04
1.109400000000000000e+04
1.091700000000000000e+04
1.096500000000000000e+04
1.076200000000000000e+04
1.067500000000000000e+04
1.080900000000000000e+04
1.061600000000000000e+04
1.072100000000000000e+04
1.066500000000000000e+04
1.066500000000000000e+04
1.046700000000000000e+04
1.030600000000000000e+04
1.045200000000000000e+04
1.026500000000000000e+04
1.044400000000000000e+04
1.022800000000000000e+04
1.021400000000000000e+04
9.956000000000000000e+03
9.965000000000000000e+03
1.012000000000000000e+04
1.003600000000000000e+04
1.001000000000000000e+04
9.752000000000000000e+03
9.803000000000000000e+03
1.001800000000000000e+04
9.702000000000000000e+03
9.601000000000000000e+03
9.632000000000000000e+03
9.637000000000000000e+03
9.467000000000000000e+03
9.538000000000000000e+03
9.570000000000000000e+03
9.370000000000000000e+03
9.460000000000000000e+03
9.207000000000000000e+03
9.186000000000000000e+03
9.464000000000000000e+03
9.052000000000000000e+03
9.115000000000000000e+03
9.026000000000000000e+03
9.093000000000000000e+03
8.925000000000000000e+03
9.129000000000000000e+03
8.846000000000000000e+03
8.836000000000000000e+03
8.729000000000000000e+03
8.695000000000000000e+03
8.748000000000000000e+03
8.723000000000000000e+03
8.663000000000000000e+03
8.615000000000000000e+03
8.744000000000000000e+03
8.519000000000000000e+03
8.417000000000000000e+03
8.475000000000000000e+03
8.339000000000000000e+03
8.392000000000000000e+03
8.441000000000000000e+03
8.214000000000000000e+03
8.381000000000000000e+03
8.402000000000000000e+03
8.280000000000000000e+03
8.275000000000000000e+03
8.046000000000000000e+03
8.256000000000000000e+03
7.980000000000000000e+03
7.951000000000000000e+03
8.219000000000000000e+03
7.841000000000000000e+03
7.987000000000000000e+03
7.932000000000000000e+03
7.937000000000000000e+03
7.870000000000000000e+03
7.723000000000000000e+03
7.726000000000000000e+03
7.559000000000000000e+03
7.803000000000000000e+03
7.667000000000000000e+03
7.699000000000000000e+03
7.617000000000000000e+03
7.564000000000000000e+03
7.476000000000000000e+03
7.636000000000000000e+03
7.445000000000000000e+03
7.439000000000000000e+03
7.451000000000000000e+03
7.320000000000000000e+03
7.331000000000000000e+03
7.206000000000000000e+03
7.254000000000000000e+03
7.196000000000000000e+03
7.196000000000000000e+03
7.266000000000000000e+03
7.117000000000000000e+03
6.967000000000000000e+03
7.068000000000000000e+03
7.052000000000000000e+03
7.055000000000000000e+03
6.959000000000000000e+03
6.927000000000000000e+03
6.941000000000000000e+03
6.841000000000000000e+03
6.809000000000000000e+03
6.826000000000000000e+03
6.711000000000000000e+03
6.671000000000000000e+03
6.792000000000000000e+03
6.768000000000000000e+03
6.643000000000000000e+03
6.632000000000000000e+03
6.726000000000000000e+03
6.698000000000000000e+03
6.605000000000000000e+03
6.653000000000000000e+03
6.527000000000000000e+03
6.431000000000000000e+03
6.515000000000000000e+03
6.567000000000000000e+03
6.449000000000000000e+03
6.370000000000000000e+03
6.415000000000000000e+03
6.429000000000000000e+03
6.337000000000000000e+03
6.163000000000000000e+03
