6.214000000000000000e+03
6.297000000000000000e+03
6.394000000000000000e+03
6.404000000000000000e+03
6.486000000000000000e+03
6.478000000000000000e+03
6.475000000000000000e+03
6.556000000000000000e+03
6.641000000000000000e+03
6.482000000000000000e+03
6.628000000000000000e+03
6.692000000000000000e+03
6.504000000000000000e+03
6.757000000000000000e+03
6.516000000000000000e+03
6.816000000000000000e+03
6.745000000000000000e+03
6.724000000000000000e+03
6.872000000000000000e+03
6.821000000000000000e+03
6.725000000000000000e+03
6.964000000000000000e+03
6.833000000000000000e+03
7.046000000000000000e+03
6.958000000000000000e+03
6.785000000000000000e+03
7.220000000000000000e+03
7.010000000000000000e+03
7.022000000000000000e+03
7.080000000000000000e+03
7.135000000000000000e+03
6.929000000000000000e+03
7.284000000000000000e+03
7.188000000000000000e+03
7.245000000000000000e+03
7.289000000000000000e+03
7.411000000000000000e+03
7.216000000000000000e+03
7.201000000000000000e+03
7.332000000000000000e+03
7.421000000000000000e+03
7.536000000000000000e+03
7.531000000000000000e+03
7.592000000000000000e+03
7.515000000000000000e+03
7.658000000000000000e+03
7.695000000000000000e+03
7.681000000000000000e+03
7.545000000000000000e+03
7.628000000000000000e+03
7.751000000000000000e+03
7.797000000000000000e+03
7.848000000000000000e+03
7.788000000000000000e+03
7.867000000000000000e+03
7.954000000000000000e+03
8.110000000000000000e+03
7.948000000000000000e+03
8.269000000000000000e+03
8.172000000000000000e+03
8.014000000000000000e+03
8.119000000000000000e+03
8.183000000000000000e+03
8.262000000000000000e+03
8.228000000000000000e+03
8.349000000000000000e+03
8.296000000000000000e+03
8.395000000000000000e+03
8.570000000000000000e+03
8.380000000000000000e+03
8.422000000000000000e+03
8.518000000000000000e+03
8.693000000000000000e+03
8.511000000000000000e+03
8.597000000000000000e+03
8.642000000000000000e+03
8.638000000000000000e+03
8.742000000000000000e+03
9.058000000000000000e+03
8.958000000000000000e+03
9.025000000000000000e+03
9.013000000000000000e+03
9.064000000000000000e+03
9.118000000000000000e+03
9.169000000000000000e+03
9.214000000000000000e+03
9.151000000000000000e+03
9.192000000000000000e+03
9.277000000000000000e+03
9.272000000000000000e+03
9.370000000000000000e+03
9.412000000000000000e+03
9.444000000000000000e+03
9.518000000000000000e+03
9.485000000000000000e+03
9.556000000000000000e+03
9.694000000000000000e+03
9.728000000000000000e+03
9.870000000000000000e+03
9.744000000000000000e+03
9.792000000000000000e+03
9.851000000000000000e+03
9.896000000000000000e+03
9.925000000000000000e+03
1.017800000000000000e+04
1.009900000000000000e+04
1.003600000000000000e+04
1.001700000000000000e+04
1.026600000000000000e+04
1.030100000000000000e+04
1.011600000000000000e+04
1.022200000000000000e+04
1.037200000000000000e+04
1.054300000000000000e+04
1.058700000000000000e+04
1.051700000000000000e+04
1.044500000000000000e+04
1.057300000000000000e+04
1.079100000000000000e+04
1.080600000000000000e+04
1.080000000000000000e+04
1.084800000000000000e+04
1.103000000000000000e+04
1.105600000000000000e+04
1.092000000000000000e+04
1.142500000000000000e+04
1.107500000000000000e+04
1.125600000000000000e+04
1.137500000000000000e+04
1.141400000000000000e+04
1.159900000000000000e+04
1.132900000000000000e+04
1.170100000000000000e+04
1.170300000000000000e+04
1.171300000000000000e+04
1.202900000000000000e+04
1.180800000000000000e+04
1.201600000000000000e+04
1.205200000000000000e+04
1.216700000000000000e+04
1.206500000000000000e+04
1.192500000000000000e+04
1.221400000000000000e+04
1.227400000000000000e+04
1.242500000000000000e+04
1.242900000000000000e+04
1.261900000000000000e+04
1.265400000000000000e+04
1.268800000000000000e+04
1.283200000000000000e+04
1.289000000000000000e+04
1.270600000000000000e+04
1.287600000000000000e+04
1.291600000000000000e+04
1.309200000000000000e+04
1.328700000000000000e+04
1.318500000000000000e+04
1.326100000000000000e+04
1.328300000000000000e+04
1.331800000000000000e+04
1.348300000000000000e+04
1.379400000000000000e+04
1.363500000000000000e+04
1.359000000000000000e+04
1.385600000000000000e+04
1.400400000000000000e+04
1.389500000000000000e+04
1.405400000000000000e+04
1.421500000000000000e+04
1.451800000000000000e+04
1.421100000000000000e+04
1.438600000000000000e+04
1.452400000000000000e+04
1.459900000000000000e+04
1.460800000000000000e+04
1.488200000000000000e+04
1.491600000000000000e+04
1.489400000000000000e+04
1.487300000000000000e+04
1.504900000000000000e+04
1.541300000000000000e+04
1.535200000000000000e+04
1.519900000000000000e+04
1.548600000000000000e+04
1.568300000000000000e+04
1.590400000000000000e+04
1.599100000000000000e+04
1.579200000000000000e+04
1.589000000000000000e+04
1.610200000000000000e+04
1.617400000000000000e+04
1.626300000000000000e+04
1.628800000000000000e+04
1.643500000000000000e+04
1.636100000000000000e+04
1.661200000000000000e+04
1.694000000000000000e+04
1.705100000000000000e+04
1.717400000000000000e+04
1.721900000000000000e+04
1.705700000000000000e+04
1.750900000000000000e+04
1.763300000000000000e+04
1.770300000000000000e+04
1.785300000000000000e+04
1.771800000000000000e+04
1.793100000000000000e+04
1.817100000000000000e+04
1.813300000000000000e+04
1.843900000000000000e+04
1.861600000000000000e+04
1.847600000000000000e+04
1.869600000000000000e+04
1.874100000000000000e+04
1.893300000000000000e+04
1.898100000000000000e+04
1.944000000000000000e+04
1.939400000000000000e+04
1.939700000000000000e+04
1.971000000000000000e+04
1.971200000000000000e+04
1.984900000000000000e+04
1.999300000000000000e+04
2.022100000000000000e+04
2.031000000000000000e+04
2.082800000000000000e+04
2.053300000000000000e+04
2.067200000000000000e+04
2.090300000000000000e+04
2.086500000000000000e+04
2.111700000000000000e+04
2.108900000000000000e+04
2.137400000000000000e+04
2.158500000000000000e+04
2.171600000000000000e+04
2.184900000000000000e+04
2.185800000000000000e+04
2.245100000000000000e+04
2.262100000000000000e+04
2.267500000000000000e+04
2.313900000000000000e+04
2.309500000000000000e+04
2.300600000000000000e+04
2.300400000000000000e+04
2.342000000000000000e+04
2.360100000000000000e+04
2.392300000000000000e+04
2.371400000000000000e+04
2.431200000000000000e+04
2.452500000000000000e+04
2.476400000000000000e+04
2.503900000000000000e+04
2.504600000000000000e+04
2.525300000000000000e+04
2.540800000000000000e+04
2.535300000000000000e+04
2.572300000000000000e+04
2.587200000000000000e+04
2.627900000000000000e+04
2.620200000000000000e+04
2.660000000000000000e+04
2.716200000000000000e+04
2.671800000000000000e+04
2.699500000000000000e+04
2.753300000000000000e+04
2.779400000000000000e+04
2.813500000000000000e+04
2.839700000000000000e+04
2.854400000000000000e+04
2.874000000000000000e+04
2.850600000000000000e+04
2.889000000000000000e+04
2.911100000000000000e+04
2.951700000000000000e+04
2.970300000000000000e+04
3.024500000000000000e+04
3.059700000000000000e+04
3.058500000000000000e+04
3.063600000000000000e+04
3.100700000000000000e+04
3.136700000000000000e+04
3.177600000000000000e+04
3.194700000000000000e+04
3.231200000000000000e+04
3.239100000000000000e+04
3.288600000000000000e+04
3.303100000000000000e+04
3.327500000000000000e+04
3.377000000000000000e+04
3.398500000000000000e+04
3.449300000000000000e+04
3.435300000000000000e+04
3.516300000000000000e+04
3.534600000000000000e+04
3.542100000000000000e+04
3.594800000000000000e+04
3.610100000000000000e+04
3.647200000000000000e+04
3.706300000000000000e+04
3.722200000000000000e+04
3.766500000000000000e+04
3.770100000000000000e+04
3.844800000000000000e+04
3.858900000000000000e+04
3.902500000000000000e+04
3.912100000000000000e+04
3.990300000000000000e+04
4.015800000000000000e+04
4.072200000000000000e+04
4.079100000000000000e+04
4.187200000000000000e+04
4.158000000000000000e+04
4.222500000000000000e+04
4.233700000000000000e+04
4.315400000000000000e+04
4.346700000000000000e+04
4.395700000000000000e+04
4.442400000000000000e+04
4.491100000000000000e+04
4.492200000000000000e+04
4.614700000000000000e+04
4.629200000000000000e+04
4.677600000000000000e+04
4.710800000000000000e+04
4.765000000000000000e+04
4.837900000000000000e+04
4.864100000000000000e+04
4.945500000000000000e+04
5.001100000000000000e+04
5.032800000000000000e+04
5.098800000000000000e+04
5.177200000000000000e+04
5.202100000000000000e+04
5.266200000000000000e+04
5.321600000000000000e+04
5.339700000000000000e+04
5.429500000000000000e+04
5.532800000000000000e+04
5.586700000000000000e+04
5.628600000000000000e+04
5.717200000000000000e+04
5.780300000000000000e+04
5.796800000000000000e+04
5.952600000000000000e+04
5.968600000000000000e+04
6.039700000000000000e+04
6.087100000000000000e+04
6.187900000000000000e+04
6.220400000000000000e+04
6.345200000000000000e+04
6.439500000000000000e+04
6.403900000000000000e+04
6.606200000000000000e+04
6.662000000000000000e+04
6.675500000000000000e+04
6.834700000000000000e+04
6.876500000000000000e+04
6.964800000000000000e+04
7.053600000000000000e+04
7.155800000000000000e+04
7.251700000000000000e+04
7.304400000000000000e+04
7.444300000000000000e+04
7.530400000000000000e+04
7.666800000000000000e+04
7.771200000000000000e+04
7.852900000000000000e+04
7.960000000000000000e+04
8.071100000000000000e+04
8.158600000000000000e+04
8.221100000000000000e+04
8.352500000000000000e+04
8.456800000000000000e+04
8.612300000000000000e+04
8.690100000000000000e+04
8.826200000000000000e+04
9.014000000000000000e+04
9.143000000000000000e+04
9.235900000000000000e+04
9.331400000000000000e+04
9.480500000000000000e+04
9.596500000000000000e+04
9.785900000000000000e+04
9.956300000000000000e+04
1.004110000000000000e+05
1.017480000000000000e+05
1.036370000000000000e+05
1.049480000000000000e+05
1.065340000000000000e+05
1.084930000000000000e+05
1.101110000000000000e+05
1.115750000000000000e+05
1.131190000000000000e+05
1.153320000000000000e+05
1.164800000000000000e+05
1.189670000000000000e+05
1.206010000000000000e+05
1.220790000000000000e+05
1.241190000000000000e+05
1.265550000000000000e+05
1.279820000000000000e+05
1.305690000000000000e+05
1.318900000000000000e+05
1.345890000000000000e+05
1.363530000000000000e+05
1.393500000000000000e+05
1.424790000000000000e+05
1.441830000000000000e+05
1.463040000000000000e+05
1.490820000000000000e+05
1.514850000000000000e+05
1.535130000000000000e+05
1.568020000000000000e+05
1.590880000000000000e+05
1.624030000000000000e+05
1.651370000000000000e+05
1.684090000000000000e+05
1.704610000000000000e+05
1.737450000000000000e+05
1.773820000000000000e+05
1.808990000000000000e+05
1.838620000000000000e+05
1.878080000000000000e+05
1.897150000000000000e+05
1.945860000000000000e+05
1.970830000000000000e+05
2.011930000000000000e+05
2.053280000000000000e+05
2.092080000000000000e+05
2.138160000000000000e+05
2.164760000000000000e+05
2.224360000000000000e+05
2.250230000000000000e+05
2.306070000000000000e+05
2.347110000000000000e+05
2.384150000000000000e+05
2.433570000000000000e+05
2.482630000000000000e+05
2.542520000000000000e+05
2.582520000000000000e+05
2.631370000000000000e+05
2.676010000000000000e+05
2.736350000000000000e+05
2.789460000000000000e+05
2.854980000000000000e+05
2.925830000000000000e+05
2.966660000000000000e+05
3.025950000000000000e+05
3.081280000000000000e+05
3.145510000000000000e+05
3.218910000000000000e+05
3.277380000000000000e+05
3.343870000000000000e+05
3.410830000000000000e+05
3.479760000000000000e+05
3.553880000000000000e+05
3.605060000000000000e+05
3.691250000000000000e+05
3.771320000000000000e+05
3.846550000000000000e+05
3.926900000000000000e+05
3.995660000000000000e+05
4.069800000000000000e+05
4.153220000000000000e+05
4.242820000000000000e+05
4.299760000000000000e+05
4.389120000000000000e+05
4.469690000000000000e+05
4.568140000000000000e+05
4.639010000000000000e+05
4.726700000000000000e+05
4.811880000000000000e+05
4.894690000000000000e+05
4.974070000000000000e+05
5.040230000000000000e+05
5.141580000000000000e+05
5.211310000000000000e+05
5.291950000000000000e+05
5.368980000000000000e+05
5.453250000000000000e+05
5.527200000000000000e+05
5.591770000000000000e+05
5.673820000000000000e+05
5.740500000000000000e+05
5.805290000000000000e+05
5.872940000000000000e+05
5.927170000000000000e+05
6.006380000000000000e+05
6.057550000000000000e+05
6.096280000000000000e+05
6.136440000000000000e+05
6.199170000000000000e+05
6.225710000000000000e+05
6.257920000000000000e+05
6.288570000000000000e+05
6.310840000000000000e+05
6.337820000000000000e+05
6.349420000000000000e+05
6.360060000000000000e+05
6.368020000000000000e+05
6.353310000000000000e+05
6.365520000000000000e+05
6.361240000000000000e+05
6.330420000000000000e+05
6.309270000000000000e+05
6.285770000000000000e+05
6.255330000000000000e+05
6.229930000000000000e+05
6.189300000000000000e+05
6.148190000000000000e+05
6.083970000000000000e+05
6.046550000000000000e+05
5.995550000000000000e+05
5.930560000000000000e+05
5.868740000000000000e+05
5.804000000000000000e+05
5.727730000000000000e+05
5.665130000000000000e+05
5.615480000000000000e+05
5.529800000000000000e+05
5.440300000000000000e+05
5.366980000000000000e+05
5.301760000000000000e+05
5.218240000000000000e+05
5.135910000000000000e+05
5.049790000000000000e+05
4.985440000000000000e+05
4.888570000000000000e+05
4.808270000000000000e+05
4.725560000000000000e+05
4.643150000000000000e+05
4.559690000000000000e+05
4.476170000000000000e+05
4.399010000000000000e+05
4.323400000000000000e+05
4.231980000000000000e+05
4.162720000000000000e+05
4.074230000000000000e+05
4.008290000000000000e+05
3.908240000000000000e+05
3.840380000000000000e+05
3.770660000000000000e+05
3.693070000000000000e+05
3.626430000000000000e+05
3.548300000000000000e+05
3.479360000000000000e+05
3.404590000000000000e+05
3.344760000000000000e+05
3.270320000000000000e+05
3.219290000000000000e+05
3.154260000000000000e+05
3.098690000000000000e+05
3.030530000000000000e+05
2.968100000000000000e+05
2.902850000000000000e+05
2.849650000000000000e+05
2.798170000000000000e+05
2.740100000000000000e+05
2.687860000000000000e+05
2.633150000000000000e+05
2.590660000000000000e+05
2.536450000000000000e+05
2.481970000000000000e+05
2.432600000000000000e+05
2.386740000000000000e+05
2.357680000000000000e+05
2.302310000000000000e+05
2.256510000000000000e+05
2.219910000000000000e+05
2.161160000000000000e+05
2.127370000000000000e+05
2.096660000000000000e+05
2.047490000000000000e+05
2.010380000000000000e+05
1.976370000000000000e+05
1.936150000000000000e+05
1.897010000000000000e+05
1.877700000000000000e+05
1.836700000000000000e+05
1.802180000000000000e+05
1.774710000000000000e+05
1.745220000000000000e+05
1.699580000000000000e+05
1.674940000000000000e+05
1.651510000000000000e+05
1.621850000000000000e+05
1.596790000000000000e+05
1.574940000000000000e+05
1.535670000000000000e+05
1.512430000000000000e+05
1.487040000000000000e+05
1.462660000000000000e+05
1.440150000000000000e+05
1.405900000000000000e+05
1.392940000000000000e+05
1.366550000000000000e+05
1.343680000000000000e+05
1.329130000000000000e+05
1.305060000000000000e+05
1.277550000000000000e+05
1.265410000000000000e+05
1.246660000000000000e+05
1.226180000000000000e+05
1.204220000000000000e+05
1.179830000000000000e+05
1.166830000000000000e+05
1.151100000000000000e+05
1.132310000000000000e+05
1.115070000000000000e+05
1.087850000000000000e+05
1.083310000000000000e+05
1.059270000000000000e+05
1.049090000000000000e+05
1.036550000000000000e+05
1.011520000000000000e+05
1.007380000000000000e+05
9.924200000000000000e+04
9.781900000000000000e+04
9.618500000000000000e+04
9.527600000000000000e+04
9.352900000000000000e+04
9.257000000000000000e+04
9.092900000000000000e+04
8.938500000000000000e+04
8.854300000000000000e+04
8.696600000000000000e+04
8.592200000000000000e+04
8.507200000000000000e+04
8.379600000000000000e+04
8.258100000000000000e+04
8.139900000000000000e+04
8.043800000000000000e+04
7.952900000000000000e+04
7.856100000000000000e+04
7.768100000000000000e+04
7.643600000000000000e+04
7.539500000000000000e+04
7.403000000000000000e+04
7.328000000000000000e+04
7.288600000000000000e+04
7.183400000000000000e+04
7.016700000000000000e+04
6.968200000000000000e+04
6.857900000000000000e+04
6.823500000000000000e+04
6.753000000000000000e+04
6.627700000000000000e+04
6.585600000000000000e+04
6.498600000000000000e+04
6.387000000000000000e+04
6.270800000000000000e+04
6.254100000000000000e+04
6.155400000000000000e+04
6.101600000000000000e+04
6.005300000000000000e+04
5.996500000000000000e+04
5.912000000000000000e+04
5.818100000000000000e+04
5.786100000000000000e+04
5.698900000000000000e+04
5.619600000000000000e+04
5.566800000000000000e+04
5.518900000000000000e+04
5.468600000000000000e+04
5.391700000000000000e+04
5.270700000000000000e+04
5.277400000000000000e+04
5.170800000000000000e+04
5.178500000000000000e+04
5.121600000000000000e+04
5.049800000000000000e+04
5.014200000000000000e+04
4.944200000000000000e+04
4.870900000000000000e+04
4.860600000000000000e+04
4.793600000000000000e+04
4.716700000000000000e+04
4.687100000000000000e+04
4.670100000000000000e+04
4.606100000000000000e+04
4.525300000000000000e+04
4.491500000000000000e+04
4.464200000000000000e+04
4.372500000000000000e+04
4.355900000000000000e+04
4.326000000000000000e+04
4.241900000000000000e+04
4.206000000000000000e+04
4.176600000000000000e+04
4.142800000000000000e+04
4.076900000000000000e+04
4.048600000000000000e+04
4.003800000000000000e+04
4.004000000000000000e+04
3.952900000000000000e+04
3.920700000000000000e+04
3.891600000000000000e+04
3.826300000000000000e+04
3.782600000000000000e+04
3.769500000000000000e+04
3.731200000000000000e+04
3.670700000000000000e+04
3.663000000000000000e+04
3.611500000000000000e+04
3.572500000000000000e+04
3.563100000000000000e+04
3.536600000000000000e+04
3.484400000000000000e+04
3.476600000000000000e+04
3.431800000000000000e+04
3.377900000000000000e+04
3.369900000000000000e+04
3.342600000000000000e+04
3.311300000000000000e+04
3.281900000000000000e+04
3.244300000000000000e+04
3.227100000000000000e+04
3.219300000000000000e+04
3.132200000000000000e+04
3.174800000000000000e+04
3.113700000000000000e+04
3.100400000000000000e+04
3.026600000000000000e+04
3.013400000000000000e+04
2.989500000000000000e+04
2.974100000000000000e+04
2.980300000000000000e+04
2.890700000000000000e+04
2.887000000000000000e+04
2.926600000000000000e+04
2.857000000000000000e+04
2.885500000000000000e+04
2.808400000000000000e+04
2.791600000000000000e+04
2.774200000000000000e+04
2.721600000000000000e+04
2.704800000000000000e+04
2.711700000000000000e+04
2.699500000000000000e+04
2.669800000000000000e+04
2.634000000000000000e+04
2.614500000000000000e+04
2.614000000000000000e+04
2.575000000000000000e+04
2.532500000000000000e+04
2.559300000000000000e+04
2.515700000000000000e+04
2.468900000000000000e+04
2.463400000000000000e+04
2.479400000000000000e+04
2.434500000000000000e+04
2.444600000000000000e+04
2.408600000000000000e+04
2.398000000000000000e+04
2.351700000000000000e+04
2.311600000000000000e+04
2.326800000000000000e+04
2.325100000000000000e+04
2.314300000000000000e+04
2.298300000000000000e+04
2.266000000000000000e+04
2.213800000000000000e+04
2.203300000000000000e+04
2.214500000000000000e+04
2.206400000000000000e+04
2.184000000000000000e+04
2.145000000000000000e+04
2.169700000000000000e+04
2.127000000000000000e+04
2.122900000000000000e+04
2.113400000000000000e+04
2.089000000000000000e+04
2.074700000000000000e+04
2.039500000000000000e+04
2.033300000000000000e+04
2.041600000000000000e+04
2.021600000000000000e+04
2.009600000000000000e+04
1.962100000000000000e+04
2.005300000000000000e+04
1.954400000000000000e+04
1.944900000000000000e+04
1.919600000000000000e+04
1.895400000000000000e+04
1.899800000000000000e+04
1.916300000000000000e+04
1.876600000000000000e+04
1.872300000000000000e+04
1.842100000000000000e+04
1.827300000000000000e+04
1.839500000000000000e+04
1.807400000000000000e+04
1.820200000000000000e+04
1.805300000000000000e+04
1.779500000000000000e+04
1.778100000000000000e+04
1.738400000000000000e+04
1.765900000000000000e+04
1.732100000000000000e+04
1.733400000000000000e+04
1.715500000000000000e+04
1.746900000000000000e+04
1.712100000000000000e+04
1.669500000000000000e+04
1.651200000000000000e+04
1.669200000000000000e+04
1.651600000000000000e+04
1.637800000000000000e+04
1.638600000000000000e+04
1.613500000000000000e+04
1.632300000000000000e+04
1.588800000000000000e+04
1.607300000000000000e+04
1.577500000000000000e+04
1.592500000000000000e+04
1.575700000000000000e+04
1.534900000000000000e+04
1.522600000000000000e+04
1.524000000000000000e+04
1.529400000000000000e+04
1.493100000000000000e+04
1.510700000000000000e+04
1.495600000000000000e+04
1.499400000000000000e+04
1.480200000000000000e+04
1.453500000000000000e+04
1.449200000000000000e+04
1.463000000000000000e+04
1.441400000000000000e+04
1.434100000000000000e+04
1.426600000000000000e+04
1.426800000000000000e+04
1.438800000000000000e+04
1.404300000000000000e+04
1.388300000000000000e+04
1.383500000000000000e+04
1.372000000000000000e+04
1.366900000000000000e+04
1.355100000000000000e+04
1.354400000000000000e+04
1.350400000000000000e+04
1.316500000000000000e+04
1.335100000000000000e+04
1.323600000000000000e+04
1.320700000000000000e+04
1.307100000000000000e+04
1.295300000000000000e+04
1.294400000000000000e+04
1.284800000000000000e+04
1.264900000000000000e+04
1.271900000000000000e+04
1.279500000000000000e+04
1.265800000000000000e+04
1.243800000000000000e+04
1.243400000000000000e+04
1.254400000000000000e+04
1.230000000000000000e+04
1.231800000000000000e+04
1.217500000000000000e+04
1.190900000000000000e+04
1.217400000000000000e+04
1.201300000000000000e+04
1.191400000000000000e+04
1.187100000000000000e+04
1.167400000000000000e+04
1.172200000000000000e+04
1.170900000000000000e+04
1.147800000000000000e+04
1.154500000000000000e+04
1.152400000000000000e+04
1.127200000000000000e+04
1.141100000000000000e+04
1.127000000000000000e+04
1.108300000000000000e+04
1.113600000000000000e+04
1.099700000000000000e+04
1.116300000000000000e+04
1.090500000000000000e+04
1.087300000000000000e+04
1.077000000000000000e+04
1.087600000000000000e+04
1.086300000000000000e+04
1.045500000000000000e+04
1.065500000000000000e+04
1.039500000000000000e+04
1.058300000000000000e+04
1.044400000000000000e+04
1.046000000000000000e+04
1.035200000000000000e+04
1.019900000000000000e+04
1.030200000000000000e+04
1.015500000000000000e+04
1.013200000000000000e+04
1.014000000000000000e+04
1.014800000000000000e+04
9.954000000000000000e+03
9.922000000000000000e+03
9.923000000000000000e+03
9.753000000000000000e+03
9.807000000000000000e+03
9.754000000000000000e+03
9.706000000000000000e+03
9.718000000000000000e+03
9.635000000000000000e+03
9.722000000000000000e+03
9.511000000000000000e+03
9.461000000000000000e+03
9.484000000000000000e+03
9.464000000000000000e+03
9.520000000000000000e+03
9.467000000000000000e+03
9.349000000000000000e+03
9.256000000000000000e+03
9.241000000000000000e+03
9.233000000000000000e+03
8.920000000000000000e+03
9.165000000000000000e+03
9.096000000000000000e+03
9.013000000000000000e+03
8.880000000000000000e+03
8.876000000000000000e+03
8.847000000000000000e+03
8.740000000000000000e+03
8.793000000000000000e+03
8.828000000000000000e+03
8.715000000000000000e+03
8.656000000000000000e+03
8.533000000000000000e+03
8.735000000000000000e+03
8.497000000000000000e+03
8.516000000000000000e+03
8.257000000000000000e+03
8.395000000000000000e+03
8.314000000000000000e+03
8.290000000000000000e+03
8.319000000000000000e+03
8.383000000000000000e+03
8.112000000000000000e+03
8.226000000000000000e+03
8.264000000000000000e+03
8.089000000000000000e+03
8.069000000000000000e+03
8.020000000000000000e+03
7.883000000000000000e+03
7.977000000000000000e+03
7.931000000000000000e+03
7.892000000000000000e+03
7.787000000000000000e+03
7.619000000000000000e+03
7.633000000000000000e+03
7.841000000000000000e+03
7.662000000000000000e+03
7.587000000000000000e+03
7.565000000000000000e+03
7.624000000000000000e+03
7.776000000000000000e+03
7.680000000000000000e+03
7.599000000000000000e+03
7.368000000000000000e+03
7.419000000000000000e+03
7.417000000000000000e+03
7.402000000000000000e+03
7.214000000000000000e+03
7.267000000000000000e+03
7.291000000000000000e+03
7.198000000000000000e+03
7.450000000000000000e+03
7.307000000000000000e+03
7.135000000000000000e+03
7.168000000000000000e+03
7.295000000000000000e+03
7.040000000000000000e+03
6.969000000000000000e+03
7.081000000000000000e+03
6.974000000000000000e+03
7.024000000000000000e+03
6.965000000000000000e+03
6.929000000000000000e+03
6.941000000000000000e+03
6.766000000000000000e+03
6.812000000000000000e+03
6.872000000000000000e+03
6.657000000000000000e+03
6.854000000000000000e+03
6.727000000000000000e+03
6.702000000000000000e+03
6.617000000000000000e+03
6.600000000000000000e+03
6.684000000000000000e+03
6.508000000000000000e+03
6.542000000000000000e+03
6.541000000000000000e+03
6.446000000000000000e+03
6.382000000000000000e+03
6.361000000000000000e+03
6.468000000000000000e+03
6.289000000000000000e+03
6.480000000000000000e+03
6.336000000000000000e+03
6.419000000000000000e+03
