6.458900000000000000e+04
6.700500000000000000e+04
6.967500000000000000e+04
7.238000000000000000e+04
7.621200000000000000e+04
7.933100000000000000e+04
8.270900000000000000e+04
8.696400000000000000e+04
9.079200000000000000e+04
9.618900000000000000e+04
1.002420000000000000e+05
1.064660000000000000e+05
1.108180000000000000e+05
1.170310000000000000e+05
1.235490000000000000e+05
1.313940000000000000e+05
1.389850000000000000e+05
1.474450000000000000e+05
1.562390000000000000e+05
1.671360000000000000e+05
1.775420000000000000e+05
1.902480000000000000e+05
2.040920000000000000e+05
2.189730000000000000e+05
2.358800000000000000e+05
2.545330000000000000e+05
2.748380000000000000e+05
3.004870000000000000e+05
3.263560000000000000e+05
3.590470000000000000e+05
3.926930000000000000e+05
4.328840000000000000e+05
4.804810000000000000e+05
5.359670000000000000e+05
6.006460000000000000e+05
6.779840000000000000e+05
7.688770000000000000e+05
8.789680000000000000e+05
1.012160000000000000e+06
1.179001000000000000e+06
1.384703000000000000e+06
1.638838000000000000e+06
1.961265000000000000e+06
2.370254000000000000e+06
2.883841000000000000e+06
3.520753000000000000e+06
4.273550000000000000e+06
5.093781000000000000e+06
5.829303000000000000e+06
6.282892000000000000e+06
6.287661000000000000e+06
5.826085000000000000e+06
5.089391000000000000e+06
4.274947000000000000e+06
3.525161000000000000e+06
2.888710000000000000e+06
2.367449000000000000e+06
1.959687000000000000e+06
1.639769000000000000e+06
1.380842000000000000e+06
1.178348000000000000e+06
1.013272000000000000e+06
8.783220000000000000e+05
7.683900000000000000e+05
6.778370000000000000e+05
6.006370000000000000e+05
5.360480000000000000e+05
4.807780000000000000e+05
4.334950000000000000e+05
3.928320000000000000e+05
3.580880000000000000e+05
3.267840000000000000e+05
2.999970000000000000e+05
2.753000000000000000e+05
2.553220000000000000e+05
2.358550000000000000e+05
2.191850000000000000e+05
2.045210000000000000e+05
1.894460000000000000e+05
1.788470000000000000e+05
1.660710000000000000e+05
1.562450000000000000e+05
1.473590000000000000e+05
1.386840000000000000e+05
1.310980000000000000e+05
1.239000000000000000e+05
1.176530000000000000e+05
1.111160000000000000e+05
1.056440000000000000e+05
1.000610000000000000e+05
9.568200000000000000e+04
9.110900000000000000e+04
8.703200000000000000e+04
8.345700000000000000e+04
7.934500000000000000e+04
7.615000000000000000e+04
7.285200000000000000e+04
6.933200000000000000e+04
6.680000000000000000e+04
6.380800000000000000e+04
