6.453800000000000000e+04
6.713200000000000000e+04
7.028600000000000000e+04
7.298400000000000000e+04
7.629600000000000000e+04
7.876000000000000000e+04
8.263400000000000000e+04
8.708600000000000000e+04
9.175000000000000000e+04
9.473600000000000000e+04
1.003980000000000000e+05
1.052260000000000000e+05
1.112500000000000000e+05
1.180760000000000000e+05
1.236960000000000000e+05
1.313040000000000000e+05
1.394060000000000000e+05
1.474780000000000000e+05
1.567660000000000000e+05
1.661780000000000000e+05
1.781720000000000000e+05
1.900820000000000000e+05
2.042760000000000000e+05
2.182980000000000000e+05
2.366560000000000000e+05
2.553160000000000000e+05
2.769200000000000000e+05
2.995860000000000000e+05
3.277640000000000000e+05
3.577520000000000000e+05
3.927200000000000000e+05
4.338060000000000000e+05
4.824840000000000000e+05
5.364760000000000000e+05
6.002540000000000000e+05
6.760220000000000000e+05
7.687820000000000000e+05
8.794680000000000000e+05
1.013964000000000000e+06
1.179280000000000000e+06
1.382894000000000000e+06
1.640844000000000000e+06
1.960816000000000000e+06
2.369426000000000000e+06
2.890288000000000000e+06
3.522748000000000000e+06
4.275276000000000000e+06
5.089822000000000000e+06
5.826736000000000000e+06
6.280774000000000000e+06
6.285306000000000000e+06
5.825518000000000000e+06
5.090864000000000000e+06
4.274206000000000000e+06
3.520068000000000000e+06
2.885718000000000000e+06
2.374482000000000000e+06
1.959156000000000000e+06
1.639114000000000000e+06
1.382904000000000000e+06
1.175996000000000000e+06
1.013038000000000000e+06
8.803840000000000000e+05
7.692000000000000000e+05
6.793560000000000000e+05
6.003820000000000000e+05
5.360300000000000000e+05
4.810360000000000000e+05
4.343360000000000000e+05
3.920800000000000000e+05
3.580260000000000000e+05
3.253900000000000000e+05
3.010060000000000000e+05
2.754680000000000000e+05
2.556560000000000000e+05
2.355380000000000000e+05
2.188420000000000000e+05
2.029240000000000000e+05
1.909360000000000000e+05
1.776840000000000000e+05
1.655640000000000000e+05
1.561060000000000000e+05
1.475240000000000000e+05
1.391380000000000000e+05
1.311100000000000000e+05
1.226740000000000000e+05
1.165520000000000000e+05
1.106620000000000000e+05
1.056680000000000000e+05
1.005680000000000000e+05
9.536000000000000000e+04
9.196200000000000000e+04
8.626200000000000000e+04
8.283000000000000000e+04
7.835800000000000000e+04
7.605800000000000000e+04
7.280400000000000000e+04
7.017000000000000000e+04
6.668000000000000000e+04
6.439400000000000000e+04
