6.457600000000000000e+04
6.714000000000000000e+04
7.040400000000000000e+04
7.318000000000000000e+04
7.555200000000000000e+04
7.825600000000000000e+04
8.331200000000000000e+04
8.732800000000000000e+04
9.117200000000000000e+04
9.605600000000000000e+04
1.011760000000000000e+05
1.072240000000000000e+05
1.114880000000000000e+05
1.171400000000000000e+05
1.238400000000000000e+05
1.311000000000000000e+05
1.377800000000000000e+05
1.462760000000000000e+05
1.559880000000000000e+05
1.667400000000000000e+05
1.774360000000000000e+05
1.904240000000000000e+05
2.045720000000000000e+05
2.174760000000000000e+05
2.346440000000000000e+05
2.546720000000000000e+05
2.782480000000000000e+05
2.981360000000000000e+05
3.262160000000000000e+05
3.577440000000000000e+05
3.936840000000000000e+05
4.357560000000000000e+05
4.808400000000000000e+05
5.355760000000000000e+05
6.004240000000000000e+05
6.756880000000000000e+05
7.679400000000000000e+05
8.775400000000000000e+05
1.012220000000000000e+06
1.178796000000000000e+06
1.382552000000000000e+06
1.642972000000000000e+06
1.963188000000000000e+06
2.368640000000000000e+06
2.895640000000000000e+06
3.523016000000000000e+06
4.271556000000000000e+06
5.087740000000000000e+06
5.816100000000000000e+06
6.287720000000000000e+06
6.279932000000000000e+06
5.826500000000000000e+06
5.096560000000000000e+06
4.280028000000000000e+06
3.521620000000000000e+06
2.883544000000000000e+06
2.372140000000000000e+06
1.964852000000000000e+06
1.640136000000000000e+06
1.384612000000000000e+06
1.173720000000000000e+06
1.012412000000000000e+06
8.758400000000000000e+05
7.669360000000000000e+05
6.770560000000000000e+05
6.020440000000000000e+05
5.361440000000000000e+05
4.801760000000000000e+05
4.332480000000000000e+05
3.923720000000000000e+05
3.554200000000000000e+05
3.250080000000000000e+05
3.007320000000000000e+05
2.755960000000000000e+05
2.536040000000000000e+05
2.360320000000000000e+05
2.193880000000000000e+05
2.042240000000000000e+05
1.906280000000000000e+05
1.783920000000000000e+05
1.675040000000000000e+05
1.564240000000000000e+05
1.478720000000000000e+05
1.386720000000000000e+05
1.304720000000000000e+05
1.235000000000000000e+05
1.177880000000000000e+05
1.106080000000000000e+05
1.057600000000000000e+05
1.015000000000000000e+05
9.644400000000000000e+04
9.115600000000000000e+04
8.738800000000000000e+04
8.260800000000000000e+04
7.943200000000000000e+04
7.618400000000000000e+04
7.336400000000000000e+04
6.958400000000000000e+04
6.644800000000000000e+04
6.449200000000000000e+04
