6.456700000000000000e+04
6.666900000000000000e+04
7.009500000000000000e+04
7.332300000000000000e+04
7.590200000000000000e+04
7.977600000000000000e+04
8.297400000000000000e+04
8.642600000000000000e+04
9.157700000000000000e+04
9.560100000000000000e+04
1.008950000000000000e+05
1.058790000000000000e+05
1.116150000000000000e+05
1.171740000000000000e+05
1.237060000000000000e+05
1.314490000000000000e+05
1.384440000000000000e+05
1.474410000000000000e+05
1.562920000000000000e+05
1.670040000000000000e+05
1.783870000000000000e+05
1.898790000000000000e+05
2.034730000000000000e+05
2.178960000000000000e+05
2.363130000000000000e+05
2.539790000000000000e+05
2.751920000000000000e+05
3.003100000000000000e+05
3.272400000000000000e+05
3.567270000000000000e+05
3.913720000000000000e+05
4.338500000000000000e+05
4.825250000000000000e+05
5.352270000000000000e+05
6.002260000000000000e+05
6.776130000000000000e+05
7.696670000000000000e+05
8.792070000000000000e+05
1.014006000000000000e+06
1.179559000000000000e+06
1.384443000000000000e+06
1.637448000000000000e+06
1.961924000000000000e+06
2.372497000000000000e+06
2.885619000000000000e+06
3.521514000000000000e+06
4.276208000000000000e+06
5.089347000000000000e+06
5.831441000000000000e+06
6.283085000000000000e+06
6.287878000000000000e+06
5.823544000000000000e+06
5.089815000000000000e+06
4.275500000000000000e+06
3.521292000000000000e+06
2.886221000000000000e+06
2.366297000000000000e+06
1.962398000000000000e+06
1.639775000000000000e+06
1.382616000000000000e+06
1.178707000000000000e+06
1.013602000000000000e+06
8.789400000000000000e+05
7.679590000000000000e+05
6.764960000000000000e+05
6.004900000000000000e+05
5.351560000000000000e+05
4.824230000000000000e+05
4.337000000000000000e+05
3.936860000000000000e+05
3.579830000000000000e+05
3.271350000000000000e+05
2.995750000000000000e+05
2.764330000000000000e+05
2.544420000000000000e+05
2.353140000000000000e+05
2.184060000000000000e+05
2.033960000000000000e+05
1.901910000000000000e+05
1.781020000000000000e+05
1.668960000000000000e+05
1.567670000000000000e+05
1.478840000000000000e+05
1.387700000000000000e+05
1.309130000000000000e+05
1.239630000000000000e+05
1.171550000000000000e+05
1.113970000000000000e+05
1.055670000000000000e+05
1.000950000000000000e+05
9.560700000000000000e+04
9.169900000000000000e+04
8.708500000000000000e+04
8.277900000000000000e+04
7.950200000000000000e+04
7.601400000000000000e+04
7.298700000000000000e+04
7.027600000000000000e+04
6.680700000000000000e+04
6.425200000000000000e+04
