6.560000000000000000e+03
6.632000000000000000e+03
6.768000000000000000e+03
6.592000000000000000e+03
6.504000000000000000e+03
6.312000000000000000e+03
6.560000000000000000e+03
6.152000000000000000e+03
6.600000000000000000e+03
6.352000000000000000e+03
6.568000000000000000e+03
6.576000000000000000e+03
6.688000000000000000e+03
6.616000000000000000e+03
6.752000000000000000e+03
6.920000000000000000e+03
6.920000000000000000e+03
6.944000000000000000e+03
6.904000000000000000e+03
7.072000000000000000e+03
6.712000000000000000e+03
6.936000000000000000e+03
6.928000000000000000e+03
7.024000000000000000e+03
6.456000000000000000e+03
7.264000000000000000e+03
7.080000000000000000e+03
7.472000000000000000e+03
6.672000000000000000e+03
7.168000000000000000e+03
7.080000000000000000e+03
7.144000000000000000e+03
7.328000000000000000e+03
6.968000000000000000e+03
7.440000000000000000e+03
7.192000000000000000e+03
7.112000000000000000e+03
7.112000000000000000e+03
7.560000000000000000e+03
7.160000000000000000e+03
7.480000000000000000e+03
7.248000000000000000e+03
7.168000000000000000e+03
7.816000000000000000e+03
7.536000000000000000e+03
7.896000000000000000e+03
7.544000000000000000e+03
7.568000000000000000e+03
7.968000000000000000e+03
7.704000000000000000e+03
7.576000000000000000e+03
8.408000000000000000e+03
8.488000000000000000e+03
7.544000000000000000e+03
7.712000000000000000e+03
7.720000000000000000e+03
7.856000000000000000e+03
8.008000000000000000e+03
8.032000000000000000e+03
8.400000000000000000e+03
8.096000000000000000e+03
7.984000000000000000e+03
7.888000000000000000e+03
8.344000000000000000e+03
8.184000000000000000e+03
8.296000000000000000e+03
8.232000000000000000e+03
8.696000000000000000e+03
8.424000000000000000e+03
8.032000000000000000e+03
8.784000000000000000e+03
8.200000000000000000e+03
8.480000000000000000e+03
8.288000000000000000e+03
8.104000000000000000e+03
8.696000000000000000e+03
8.608000000000000000e+03
8.856000000000000000e+03
8.696000000000000000e+03
8.936000000000000000e+03
8.552000000000000000e+03
8.848000000000000000e+03
9.176000000000000000e+03
9.136000000000000000e+03
8.776000000000000000e+03
9.000000000000000000e+03
8.816000000000000000e+03
9.280000000000000000e+03
9.104000000000000000e+03
9.608000000000000000e+03
8.920000000000000000e+03
9.576000000000000000e+03
9.328000000000000000e+03
9.832000000000000000e+03
1.024800000000000000e+04
9.880000000000000000e+03
9.416000000000000000e+03
9.216000000000000000e+03
9.848000000000000000e+03
9.520000000000000000e+03
1.011200000000000000e+04
1.032800000000000000e+04
9.728000000000000000e+03
9.848000000000000000e+03
9.992000000000000000e+03
1.012800000000000000e+04
9.904000000000000000e+03
1.024800000000000000e+04
1.070400000000000000e+04
9.832000000000000000e+03
1.028000000000000000e+04
1.001600000000000000e+04
1.116000000000000000e+04
1.024000000000000000e+04
1.007200000000000000e+04
1.072000000000000000e+04
1.045600000000000000e+04
1.123200000000000000e+04
1.090400000000000000e+04
1.092000000000000000e+04
1.124800000000000000e+04
1.135200000000000000e+04
1.100000000000000000e+04
1.140800000000000000e+04
1.080000000000000000e+04
1.111200000000000000e+04
1.089600000000000000e+04
1.150400000000000000e+04
1.125600000000000000e+04
1.126400000000000000e+04
1.129600000000000000e+04
1.184800000000000000e+04
1.176000000000000000e+04
1.150400000000000000e+04
1.216000000000000000e+04
1.150400000000000000e+04
1.194400000000000000e+04
1.153600000000000000e+04
1.176800000000000000e+04
1.203200000000000000e+04
1.207200000000000000e+04
1.183200000000000000e+04
1.235200000000000000e+04
1.179200000000000000e+04
1.235200000000000000e+04
1.264800000000000000e+04
1.179200000000000000e+04
1.212000000000000000e+04
1.263200000000000000e+04
1.248000000000000000e+04
1.317600000000000000e+04
1.272800000000000000e+04
1.291200000000000000e+04
1.265600000000000000e+04
1.324000000000000000e+04
1.337600000000000000e+04
1.282400000000000000e+04
1.339200000000000000e+04
1.335200000000000000e+04
1.346400000000000000e+04
1.367200000000000000e+04
1.378400000000000000e+04
1.364800000000000000e+04
1.384800000000000000e+04
1.397600000000000000e+04
1.389600000000000000e+04
1.390400000000000000e+04
1.474400000000000000e+04
1.484800000000000000e+04
1.475200000000000000e+04
1.432800000000000000e+04
1.497600000000000000e+04
1.439200000000000000e+04
1.510400000000000000e+04
1.464000000000000000e+04
1.441600000000000000e+04
1.477600000000000000e+04
1.483200000000000000e+04
1.529600000000000000e+04
1.541600000000000000e+04
1.482400000000000000e+04
1.486400000000000000e+04
1.568000000000000000e+04
1.591200000000000000e+04
1.546400000000000000e+04
1.597600000000000000e+04
1.545600000000000000e+04
1.594400000000000000e+04
1.597600000000000000e+04
1.616000000000000000e+04
1.632800000000000000e+04
1.560800000000000000e+04
1.632800000000000000e+04
1.573600000000000000e+04
1.656000000000000000e+04
1.643200000000000000e+04
1.692800000000000000e+04
1.673600000000000000e+04
1.688800000000000000e+04
1.696800000000000000e+04
1.765600000000000000e+04
1.742400000000000000e+04
1.737600000000000000e+04
1.728000000000000000e+04
1.764000000000000000e+04
1.803200000000000000e+04
1.792800000000000000e+04
1.828800000000000000e+04
1.796000000000000000e+04
1.819200000000000000e+04
1.875200000000000000e+04
1.903200000000000000e+04
1.865600000000000000e+04
1.879200000000000000e+04
1.931200000000000000e+04
1.911200000000000000e+04
1.877600000000000000e+04
1.866400000000000000e+04
1.932000000000000000e+04
1.996000000000000000e+04
2.031200000000000000e+04
1.939200000000000000e+04
1.980000000000000000e+04
1.943200000000000000e+04
2.005600000000000000e+04
2.057600000000000000e+04
2.047200000000000000e+04
2.080000000000000000e+04
2.106400000000000000e+04
2.051200000000000000e+04
2.118400000000000000e+04
2.058400000000000000e+04
2.134400000000000000e+04
2.172000000000000000e+04
2.179200000000000000e+04
2.160000000000000000e+04
2.135200000000000000e+04
2.220800000000000000e+04
2.250400000000000000e+04
2.302400000000000000e+04
2.341600000000000000e+04
2.337600000000000000e+04
2.362400000000000000e+04
2.314400000000000000e+04
2.370400000000000000e+04
2.461600000000000000e+04
2.438400000000000000e+04
2.432000000000000000e+04
2.408000000000000000e+04
2.490400000000000000e+04
2.449600000000000000e+04
2.510400000000000000e+04
2.480800000000000000e+04
2.583200000000000000e+04
2.579200000000000000e+04
2.536800000000000000e+04
2.588800000000000000e+04
2.664000000000000000e+04
2.624800000000000000e+04
2.700000000000000000e+04
2.607200000000000000e+04
2.706400000000000000e+04
2.735200000000000000e+04
2.682400000000000000e+04
2.709600000000000000e+04
2.794400000000000000e+04
2.764800000000000000e+04
2.773600000000000000e+04
2.788800000000000000e+04
2.878400000000000000e+04
2.923200000000000000e+04
2.865600000000000000e+04
2.873600000000000000e+04
2.927200000000000000e+04
2.991200000000000000e+04
3.020800000000000000e+04
3.099200000000000000e+04
3.032800000000000000e+04
3.175200000000000000e+04
3.217600000000000000e+04
3.123200000000000000e+04
3.203200000000000000e+04
3.201600000000000000e+04
3.180000000000000000e+04
3.423200000000000000e+04
3.269600000000000000e+04
3.307200000000000000e+04
3.369600000000000000e+04
3.403200000000000000e+04
3.351200000000000000e+04
3.472800000000000000e+04
3.367200000000000000e+04
3.523200000000000000e+04
3.618400000000000000e+04
3.654400000000000000e+04
3.649600000000000000e+04
3.706400000000000000e+04
3.683200000000000000e+04
3.668000000000000000e+04
3.637600000000000000e+04
3.819200000000000000e+04
3.740800000000000000e+04
3.830400000000000000e+04
3.900000000000000000e+04
3.940800000000000000e+04
3.956000000000000000e+04
4.049600000000000000e+04
3.947200000000000000e+04
4.043200000000000000e+04
4.090400000000000000e+04
4.141600000000000000e+04
4.083200000000000000e+04
4.236000000000000000e+04
4.198400000000000000e+04
4.316000000000000000e+04
4.358400000000000000e+04
4.293600000000000000e+04
4.406400000000000000e+04
4.494400000000000000e+04
4.583200000000000000e+04
4.543200000000000000e+04
4.745600000000000000e+04
4.639200000000000000e+04
4.684000000000000000e+04
4.804000000000000000e+04
4.878400000000000000e+04
4.926400000000000000e+04
4.944800000000000000e+04
4.999200000000000000e+04
5.104800000000000000e+04
5.159200000000000000e+04
5.264800000000000000e+04
5.125600000000000000e+04
5.268000000000000000e+04
5.304800000000000000e+04
5.436800000000000000e+04
5.394400000000000000e+04
5.523200000000000000e+04
5.548000000000000000e+04
5.646400000000000000e+04
5.714400000000000000e+04
5.744000000000000000e+04
5.897600000000000000e+04
5.988000000000000000e+04
5.961600000000000000e+04
5.888000000000000000e+04
6.139200000000000000e+04
6.194400000000000000e+04
6.336000000000000000e+04
6.429600000000000000e+04
6.395200000000000000e+04
6.565600000000000000e+04
6.576000000000000000e+04
6.632000000000000000e+04
6.680800000000000000e+04
6.799200000000000000e+04
6.844800000000000000e+04
7.071200000000000000e+04
6.989600000000000000e+04
7.180800000000000000e+04
7.380800000000000000e+04
7.272000000000000000e+04
7.643200000000000000e+04
7.381600000000000000e+04
7.754400000000000000e+04
7.616800000000000000e+04
7.816800000000000000e+04
8.000800000000000000e+04
8.024800000000000000e+04
8.072800000000000000e+04
8.188000000000000000e+04
8.432800000000000000e+04
8.380800000000000000e+04
8.556800000000000000e+04
8.612000000000000000e+04
8.864800000000000000e+04
8.984000000000000000e+04
9.109600000000000000e+04
9.064800000000000000e+04
9.360000000000000000e+04
9.421600000000000000e+04
9.608000000000000000e+04
9.844000000000000000e+04
9.964800000000000000e+04
9.996800000000000000e+04
1.030720000000000000e+05
1.026640000000000000e+05
1.066320000000000000e+05
1.052320000000000000e+05
1.101040000000000000e+05
1.106320000000000000e+05
1.124640000000000000e+05
1.142160000000000000e+05
1.149120000000000000e+05
1.166320000000000000e+05
1.188320000000000000e+05
1.187280000000000000e+05
1.233120000000000000e+05
1.230080000000000000e+05
1.267440000000000000e+05
1.297200000000000000e+05
1.299120000000000000e+05
1.331920000000000000e+05
1.356880000000000000e+05
1.365600000000000000e+05
1.387760000000000000e+05
1.406400000000000000e+05
1.446400000000000000e+05
1.470640000000000000e+05
1.496880000000000000e+05
1.510480000000000000e+05
1.539360000000000000e+05
1.570000000000000000e+05
1.574480000000000000e+05
1.623120000000000000e+05
1.652320000000000000e+05
1.658240000000000000e+05
1.698640000000000000e+05
1.725680000000000000e+05
1.784640000000000000e+05
1.792400000000000000e+05
1.828480000000000000e+05
1.858640000000000000e+05
1.902160000000000000e+05
1.949920000000000000e+05
1.966080000000000000e+05
2.032240000000000000e+05
2.045120000000000000e+05
2.093760000000000000e+05
2.137440000000000000e+05
2.193200000000000000e+05
2.202560000000000000e+05
2.272400000000000000e+05
2.316960000000000000e+05
2.351760000000000000e+05
2.383760000000000000e+05
2.440800000000000000e+05
2.488720000000000000e+05
2.528080000000000000e+05
2.590080000000000000e+05
2.644160000000000000e+05
2.688320000000000000e+05
2.740240000000000000e+05
2.795600000000000000e+05
2.855360000000000000e+05
2.937120000000000000e+05
2.981920000000000000e+05
3.044560000000000000e+05
3.070960000000000000e+05
3.142960000000000000e+05
3.180240000000000000e+05
3.270400000000000000e+05
3.363840000000000000e+05
3.437920000000000000e+05
3.436320000000000000e+05
3.589600000000000000e+05
3.645600000000000000e+05
3.653200000000000000e+05
3.794400000000000000e+05
3.838640000000000000e+05
3.910240000000000000e+05
4.006080000000000000e+05
4.068240000000000000e+05
4.149280000000000000e+05
4.207760000000000000e+05
4.316240000000000000e+05
4.403280000000000000e+05
4.471440000000000000e+05
4.544000000000000000e+05
4.646960000000000000e+05
4.716640000000000000e+05
4.807600000000000000e+05
4.864080000000000000e+05
4.917840000000000000e+05
5.045600000000000000e+05
5.112480000000000000e+05
5.196560000000000000e+05
5.301680000000000000e+05
5.373120000000000000e+05
5.440480000000000000e+05
5.519120000000000000e+05
5.623200000000000000e+05
5.688240000000000000e+05
5.776320000000000000e+05
5.844960000000000000e+05
5.921760000000000000e+05
5.925280000000000000e+05
5.982560000000000000e+05
6.018000000000000000e+05
6.046480000000000000e+05
6.128160000000000000e+05
6.178720000000000000e+05
6.206400000000000000e+05
6.256320000000000000e+05
6.250480000000000000e+05
6.323360000000000000e+05
6.314160000000000000e+05
6.339760000000000000e+05
6.382000000000000000e+05
6.408080000000000000e+05
6.428640000000000000e+05
6.358320000000000000e+05
6.329920000000000000e+05
6.347520000000000000e+05
6.315520000000000000e+05
6.273680000000000000e+05
6.241680000000000000e+05
6.205760000000000000e+05
6.172480000000000000e+05
6.119040000000000000e+05
6.095920000000000000e+05
6.045120000000000000e+05
5.997440000000000000e+05
5.968800000000000000e+05
5.885280000000000000e+05
5.795520000000000000e+05
5.732720000000000000e+05
5.651360000000000000e+05
5.610240000000000000e+05
5.491440000000000000e+05
5.464320000000000000e+05
5.332400000000000000e+05
5.300480000000000000e+05
5.230400000000000000e+05
5.142880000000000000e+05
5.035280000000000000e+05
4.965680000000000000e+05
4.886880000000000000e+05
4.818480000000000000e+05
4.718480000000000000e+05
4.654480000000000000e+05
4.571840000000000000e+05
4.440080000000000000e+05
4.411520000000000000e+05
4.309920000000000000e+05
4.220480000000000000e+05
4.125440000000000000e+05
4.084000000000000000e+05
3.987360000000000000e+05
3.910400000000000000e+05
3.855760000000000000e+05
3.796880000000000000e+05
3.720160000000000000e+05
3.613840000000000000e+05
3.538640000000000000e+05
3.492560000000000000e+05
3.416960000000000000e+05
3.320080000000000000e+05
3.258960000000000000e+05
3.222480000000000000e+05
3.169680000000000000e+05
3.087920000000000000e+05
3.045120000000000000e+05
2.967600000000000000e+05
2.924720000000000000e+05
2.865760000000000000e+05
2.829760000000000000e+05
2.742480000000000000e+05
2.695840000000000000e+05
2.653120000000000000e+05
2.558720000000000000e+05
2.557840000000000000e+05
2.466160000000000000e+05
2.424720000000000000e+05
2.376640000000000000e+05
2.352640000000000000e+05
2.281040000000000000e+05
2.253440000000000000e+05
2.213920000000000000e+05
2.166000000000000000e+05
2.125760000000000000e+05
2.098320000000000000e+05
2.046880000000000000e+05
2.020960000000000000e+05
1.966640000000000000e+05
1.937840000000000000e+05
1.897360000000000000e+05
1.867280000000000000e+05
1.838560000000000000e+05
1.799360000000000000e+05
1.788800000000000000e+05
1.742320000000000000e+05
1.711840000000000000e+05
1.687200000000000000e+05
1.652240000000000000e+05
1.640560000000000000e+05
1.585040000000000000e+05
1.559680000000000000e+05
1.532800000000000000e+05
1.508080000000000000e+05
1.481520000000000000e+05
1.464320000000000000e+05
1.444960000000000000e+05
1.416560000000000000e+05
1.395840000000000000e+05
1.372320000000000000e+05
1.358720000000000000e+05
1.325520000000000000e+05
1.323600000000000000e+05
1.287360000000000000e+05
1.260000000000000000e+05
1.244080000000000000e+05
1.219440000000000000e+05
1.193520000000000000e+05
1.178080000000000000e+05
1.170640000000000000e+05
1.159360000000000000e+05
1.140480000000000000e+05
1.122640000000000000e+05
1.095680000000000000e+05
1.077120000000000000e+05
1.071040000000000000e+05
1.049680000000000000e+05
1.021280000000000000e+05
1.030400000000000000e+05
1.009440000000000000e+05
9.827200000000000000e+04
9.787200000000000000e+04
9.635200000000000000e+04
9.521600000000000000e+04
9.500800000000000000e+04
9.131200000000000000e+04
9.001600000000000000e+04
8.849600000000000000e+04
8.894400000000000000e+04
8.664800000000000000e+04
8.461600000000000000e+04
8.424000000000000000e+04
8.420000000000000000e+04
8.152800000000000000e+04
7.992800000000000000e+04
8.008800000000000000e+04
7.933600000000000000e+04
7.813600000000000000e+04
7.784800000000000000e+04
7.689600000000000000e+04
7.496000000000000000e+04
7.393600000000000000e+04
7.423200000000000000e+04
7.312000000000000000e+04
7.141600000000000000e+04
7.208000000000000000e+04
6.892000000000000000e+04
6.972800000000000000e+04
6.760000000000000000e+04
6.772800000000000000e+04
6.596800000000000000e+04
6.582400000000000000e+04
6.484800000000000000e+04
6.594400000000000000e+04
6.302400000000000000e+04
6.281600000000000000e+04
6.156800000000000000e+04
6.149600000000000000e+04
5.980000000000000000e+04
6.030400000000000000e+04
5.840000000000000000e+04
5.783200000000000000e+04
5.760000000000000000e+04
5.716800000000000000e+04
5.640800000000000000e+04
5.577600000000000000e+04
5.482400000000000000e+04
5.438400000000000000e+04
5.229600000000000000e+04
5.326400000000000000e+04
5.210400000000000000e+04
5.297600000000000000e+04
5.115200000000000000e+04
5.145600000000000000e+04
4.991200000000000000e+04
4.924800000000000000e+04
5.015200000000000000e+04
4.927200000000000000e+04
4.877600000000000000e+04
4.855200000000000000e+04
4.763200000000000000e+04
4.685600000000000000e+04
4.559200000000000000e+04
4.580000000000000000e+04
4.535200000000000000e+04
4.514400000000000000e+04
4.404800000000000000e+04
4.368000000000000000e+04
4.270400000000000000e+04
4.376800000000000000e+04
4.302400000000000000e+04
4.296000000000000000e+04
4.243200000000000000e+04
4.149600000000000000e+04
4.020800000000000000e+04
3.986400000000000000e+04
4.085600000000000000e+04
3.964000000000000000e+04
3.934400000000000000e+04
3.932000000000000000e+04
3.842400000000000000e+04
3.799200000000000000e+04
3.816800000000000000e+04
3.830400000000000000e+04
3.676000000000000000e+04
3.680800000000000000e+04
3.712800000000000000e+04
3.668000000000000000e+04
3.546400000000000000e+04
3.584800000000000000e+04
3.476800000000000000e+04
3.603200000000000000e+04
3.607200000000000000e+04
3.373600000000000000e+04
3.368000000000000000e+04
3.404800000000000000e+04
3.248800000000000000e+04
3.292000000000000000e+04
3.311200000000000000e+04
3.136800000000000000e+04
3.289600000000000000e+04
3.190400000000000000e+04
3.052800000000000000e+04
3.148800000000000000e+04
3.122400000000000000e+04
3.224800000000000000e+04
3.049600000000000000e+04
3.054400000000000000e+04
2.996800000000000000e+04
2.915200000000000000e+04
3.003200000000000000e+04
2.943200000000000000e+04
2.877600000000000000e+04
2.862400000000000000e+04
2.793600000000000000e+04
2.839200000000000000e+04
2.872800000000000000e+04
2.760000000000000000e+04
2.748000000000000000e+04
2.739200000000000000e+04
2.705600000000000000e+04
2.637600000000000000e+04
2.748000000000000000e+04
2.592000000000000000e+04
2.604000000000000000e+04
2.552800000000000000e+04
2.646400000000000000e+04
2.523200000000000000e+04
2.532000000000000000e+04
2.520800000000000000e+04
2.509600000000000000e+04
2.501600000000000000e+04
2.542400000000000000e+04
2.457600000000000000e+04
2.459200000000000000e+04
2.422400000000000000e+04
2.377600000000000000e+04
2.296800000000000000e+04
2.326400000000000000e+04
2.340000000000000000e+04
2.310400000000000000e+04
2.324000000000000000e+04
2.303200000000000000e+04
2.350400000000000000e+04
2.226400000000000000e+04
2.084800000000000000e+04
2.228800000000000000e+04
2.161600000000000000e+04
2.216000000000000000e+04
2.168000000000000000e+04
2.120000000000000000e+04
2.156000000000000000e+04
2.024000000000000000e+04
2.076000000000000000e+04
2.102400000000000000e+04
2.096000000000000000e+04
2.096800000000000000e+04
2.109600000000000000e+04
2.085600000000000000e+04
2.016800000000000000e+04
1.908800000000000000e+04
1.953600000000000000e+04
1.947200000000000000e+04
1.975200000000000000e+04
1.991200000000000000e+04
1.920800000000000000e+04
2.008000000000000000e+04
1.958400000000000000e+04
1.968000000000000000e+04
1.951200000000000000e+04
1.892800000000000000e+04
1.872800000000000000e+04
1.908000000000000000e+04
1.856000000000000000e+04
1.820800000000000000e+04
1.860800000000000000e+04
1.780800000000000000e+04
1.820800000000000000e+04
1.775200000000000000e+04
1.804800000000000000e+04
1.793600000000000000e+04
1.728800000000000000e+04
1.734400000000000000e+04
1.713600000000000000e+04
1.715200000000000000e+04
1.698400000000000000e+04
1.724800000000000000e+04
1.723200000000000000e+04
1.624000000000000000e+04
1.642400000000000000e+04
1.607200000000000000e+04
1.598400000000000000e+04
1.595200000000000000e+04
1.642400000000000000e+04
1.639200000000000000e+04
1.570400000000000000e+04
1.691200000000000000e+04
1.595200000000000000e+04
1.588000000000000000e+04
1.571200000000000000e+04
1.524000000000000000e+04
1.549600000000000000e+04
1.594400000000000000e+04
1.566400000000000000e+04
1.531200000000000000e+04
1.556000000000000000e+04
1.460800000000000000e+04
1.448800000000000000e+04
1.454400000000000000e+04
1.471200000000000000e+04
1.476800000000000000e+04
1.425600000000000000e+04
1.429600000000000000e+04
1.446400000000000000e+04
1.385600000000000000e+04
1.372000000000000000e+04
1.398400000000000000e+04
1.356000000000000000e+04
1.400800000000000000e+04
1.414400000000000000e+04
1.438400000000000000e+04
1.341600000000000000e+04
1.400000000000000000e+04
1.300000000000000000e+04
1.333600000000000000e+04
1.347200000000000000e+04
1.306400000000000000e+04
1.349600000000000000e+04
1.319200000000000000e+04
1.309600000000000000e+04
1.282400000000000000e+04
1.234400000000000000e+04
1.296800000000000000e+04
1.284800000000000000e+04
1.235200000000000000e+04
1.212000000000000000e+04
1.280000000000000000e+04
1.285600000000000000e+04
1.221600000000000000e+04
1.220800000000000000e+04
1.240000000000000000e+04
1.166400000000000000e+04
1.224000000000000000e+04
1.248800000000000000e+04
1.228000000000000000e+04
1.193600000000000000e+04
1.225600000000000000e+04
1.211200000000000000e+04
1.131200000000000000e+04
1.161600000000000000e+04
1.181600000000000000e+04
1.110400000000000000e+04
1.126400000000000000e+04
1.129600000000000000e+04
1.144000000000000000e+04
1.125600000000000000e+04
1.159200000000000000e+04
1.124800000000000000e+04
1.187200000000000000e+04
1.134400000000000000e+04
1.108000000000000000e+04
1.124800000000000000e+04
1.095200000000000000e+04
1.084000000000000000e+04
1.050400000000000000e+04
1.066400000000000000e+04
1.074400000000000000e+04
1.012000000000000000e+04
1.002400000000000000e+04
1.066400000000000000e+04
1.070400000000000000e+04
9.736000000000000000e+03
1.049600000000000000e+04
1.049600000000000000e+04
1.040000000000000000e+04
9.776000000000000000e+03
1.017600000000000000e+04
9.808000000000000000e+03
9.784000000000000000e+03
1.016800000000000000e+04
1.052800000000000000e+04
1.020000000000000000e+04
9.928000000000000000e+03
1.060800000000000000e+04
9.800000000000000000e+03
1.004000000000000000e+04
9.840000000000000000e+03
9.704000000000000000e+03
9.408000000000000000e+03
9.632000000000000000e+03
9.912000000000000000e+03
9.248000000000000000e+03
9.312000000000000000e+03
9.176000000000000000e+03
9.528000000000000000e+03
9.560000000000000000e+03
9.080000000000000000e+03
9.520000000000000000e+03
9.264000000000000000e+03
8.976000000000000000e+03
9.280000000000000000e+03
8.960000000000000000e+03
9.136000000000000000e+03
8.704000000000000000e+03
9.416000000000000000e+03
8.440000000000000000e+03
8.880000000000000000e+03
9.120000000000000000e+03
8.480000000000000000e+03
8.592000000000000000e+03
8.240000000000000000e+03
8.216000000000000000e+03
8.784000000000000000e+03
8.768000000000000000e+03
8.592000000000000000e+03
8.456000000000000000e+03
7.984000000000000000e+03
8.240000000000000000e+03
8.656000000000000000e+03
8.200000000000000000e+03
8.688000000000000000e+03
7.992000000000000000e+03
8.240000000000000000e+03
8.160000000000000000e+03
8.760000000000000000e+03
7.808000000000000000e+03
7.832000000000000000e+03
8.208000000000000000e+03
8.080000000000000000e+03
7.632000000000000000e+03
7.952000000000000000e+03
7.912000000000000000e+03
7.928000000000000000e+03
7.800000000000000000e+03
7.360000000000000000e+03
7.608000000000000000e+03
7.840000000000000000e+03
7.568000000000000000e+03
8.128000000000000000e+03
7.664000000000000000e+03
7.424000000000000000e+03
7.520000000000000000e+03
7.480000000000000000e+03
7.720000000000000000e+03
7.304000000000000000e+03
7.464000000000000000e+03
7.096000000000000000e+03
7.552000000000000000e+03
7.328000000000000000e+03
7.240000000000000000e+03
7.392000000000000000e+03
6.976000000000000000e+03
7.520000000000000000e+03
6.744000000000000000e+03
7.256000000000000000e+03
7.288000000000000000e+03
7.200000000000000000e+03
7.032000000000000000e+03
7.160000000000000000e+03
7.072000000000000000e+03
7.024000000000000000e+03
6.808000000000000000e+03
6.840000000000000000e+03
6.632000000000000000e+03
6.832000000000000000e+03
6.552000000000000000e+03
6.496000000000000000e+03
6.528000000000000000e+03
6.856000000000000000e+03
6.680000000000000000e+03
6.480000000000000000e+03
6.800000000000000000e+03
6.912000000000000000e+03
6.648000000000000000e+03
6.456000000000000000e+03
6.160000000000000000e+03
6.592000000000000000e+03
6.216000000000000000e+03
6.672000000000000000e+03
6.272000000000000000e+03
6.224000000000000000e+03
6.528000000000000000e+03
5.984000000000000000e+03
6.200000000000000000e+03
