6.156600000000000000e+04
6.328600000000000000e+04
7.028400000000000000e+04
7.104000000000000000e+04
7.866400000000000000e+04
7.949000000000000000e+04
8.140400000000000000e+04
8.445600000000000000e+04
9.704600000000000000e+04
8.972400000000000000e+04
1.053120000000000000e+05
1.077660000000000000e+05
1.133920000000000000e+05
1.191200000000000000e+05
1.305140000000000000e+05
1.274000000000000000e+05
1.421480000000000000e+05
1.464820000000000000e+05
1.482360000000000000e+05
1.578620000000000000e+05
1.826900000000000000e+05
1.830900000000000000e+05
2.091460000000000000e+05
2.201600000000000000e+05
2.333740000000000000e+05
2.534300000000000000e+05
2.864980000000000000e+05
2.893160000000000000e+05
3.372740000000000000e+05
3.603480000000000000e+05
3.845300000000000000e+05
4.257360000000000000e+05
4.776740000000000000e+05
5.422740000000000000e+05
5.955460000000000000e+05
6.856100000000000000e+05
7.631200000000000000e+05
8.876740000000000000e+05
1.003110000000000000e+06
1.189310000000000000e+06
1.386116000000000000e+06
1.634788000000000000e+06
1.976244000000000000e+06
2.368238000000000000e+06
2.905026000000000000e+06
3.492062000000000000e+06
4.281966000000000000e+06
5.090784000000000000e+06
5.833642000000000000e+06
6.294822000000000000e+06
6.319336000000000000e+06
5.827010000000000000e+06
5.060550000000000000e+06
4.298694000000000000e+06
3.515472000000000000e+06
2.871734000000000000e+06
2.361900000000000000e+06
1.940578000000000000e+06
1.655546000000000000e+06
1.388034000000000000e+06
1.186662000000000000e+06
1.003378000000000000e+06
8.710160000000000000e+05
7.719580000000000000e+05
6.718320000000000000e+05
5.959840000000000000e+05
5.432900000000000000e+05
4.796080000000000000e+05
4.220580000000000000e+05
3.902540000000000000e+05
3.673540000000000000e+05
3.233820000000000000e+05
2.918760000000000000e+05
2.834760000000000000e+05
2.646240000000000000e+05
2.373880000000000000e+05
2.131180000000000000e+05
1.963960000000000000e+05
1.906860000000000000e+05
1.756880000000000000e+05
1.742500000000000000e+05
1.497620000000000000e+05
1.496820000000000000e+05
1.442180000000000000e+05
1.245560000000000000e+05
1.282060000000000000e+05
1.165960000000000000e+05
1.084320000000000000e+05
1.058700000000000000e+05
1.092800000000000000e+05
9.156400000000000000e+04
8.776600000000000000e+04
8.767000000000000000e+04
7.776400000000000000e+04
8.434600000000000000e+04
7.203200000000000000e+04
7.085600000000000000e+04
6.655600000000000000e+04
6.973800000000000000e+04
5.944800000000000000e+04
