6.535000000000000000e+03
6.116000000000000000e+03
8.755000000000000000e+03
6.777000000000000000e+03
6.470000000000000000e+03
5.083000000000000000e+03
5.993000000000000000e+03
7.310000000000000000e+03
8.248000000000000000e+03
7.168000000000000000e+03
8.008000000000000000e+03
6.016000000000000000e+03
6.051000000000000000e+03
6.528000000000000000e+03
6.863000000000000000e+03
8.778000000000000000e+03
5.446000000000000000e+03
6.342000000000000000e+03
8.006000000000000000e+03
5.141000000000000000e+03
5.269000000000000000e+03
8.578000000000000000e+03
6.414000000000000000e+03
6.563000000000000000e+03
6.921000000000000000e+03
7.226000000000000000e+03
9.453000000000000000e+03
6.712000000000000000e+03
6.114000000000000000e+03
6.784000000000000000e+03
6.563000000000000000e+03
6.612000000000000000e+03
6.586000000000000000e+03
8.427000000000000000e+03
7.347000000000000000e+03
8.264000000000000000e+03
7.038000000000000000e+03
6.079000000000000000e+03
7.985000000000000000e+03
6.065000000000000000e+03
6.975000000000000000e+03
7.168000000000000000e+03
8.229000000000000000e+03
6.912000000000000000e+03
8.176000000000000000e+03
7.510000000000000000e+03
6.435000000000000000e+03
7.045000000000000000e+03
7.124000000000000000e+03
6.535000000000000000e+03
8.839000000000000000e+03
8.571000000000000000e+03
6.717000000000000000e+03
7.217000000000000000e+03
8.911000000000000000e+03
8.050000000000000000e+03
7.296000000000000000e+03
7.408000000000000000e+03
6.763000000000000000e+03
7.317000000000000000e+03
8.413000000000000000e+03
1.000000000000000000e+04
8.341000000000000000e+03
7.452000000000000000e+03
8.541000000000000000e+03
7.168000000000000000e+03
9.267000000000000000e+03
7.743000000000000000e+03
8.804000000000000000e+03
6.528000000000000000e+03
7.971000000000000000e+03
8.199000000000000000e+03
6.740000000000000000e+03
8.741000000000000000e+03
9.155000000000000000e+03
9.393000000000000000e+03
8.725000000000000000e+03
8.676000000000000000e+03
9.193000000000000000e+03
8.490000000000000000e+03
1.029600000000000000e+04
7.459000000000000000e+03
7.671000000000000000e+03
8.541000000000000000e+03
9.023000000000000000e+03
7.966000000000000000e+03
9.893000000000000000e+03
6.966000000000000000e+03
9.928000000000000000e+03
1.090500000000000000e+04
8.972000000000000000e+03
9.807000000000000000e+03
9.251000000000000000e+03
9.186000000000000000e+03
9.835000000000000000e+03
8.858000000000000000e+03
8.835000000000000000e+03
8.660000000000000000e+03
9.644000000000000000e+03
9.367000000000000000e+03
9.379000000000000000e+03
9.009000000000000000e+03
8.436000000000000000e+03
1.029100000000000000e+04
1.113800000000000000e+04
1.028200000000000000e+04
8.390000000000000000e+03
8.132000000000000000e+03
1.009800000000000000e+04
1.169900000000000000e+04
1.176900000000000000e+04
1.020500000000000000e+04
9.847000000000000000e+03
9.002000000000000000e+03
1.169200000000000000e+04
1.205500000000000000e+04
1.088700000000000000e+04
9.398000000000000000e+03
1.091500000000000000e+04
1.112200000000000000e+04
1.035200000000000000e+04
1.128500000000000000e+04
1.005400000000000000e+04
1.060300000000000000e+04
1.364200000000000000e+04
1.066600000000000000e+04
1.082400000000000000e+04
1.208300000000000000e+04
9.826000000000000000e+03
9.535000000000000000e+03
1.152000000000000000e+04
1.073100000000000000e+04
1.221100000000000000e+04
1.111300000000000000e+04
9.670000000000000000e+03
1.317900000000000000e+04
1.410300000000000000e+04
9.754000000000000000e+03
1.368200000000000000e+04
9.966000000000000000e+03
1.130600000000000000e+04
1.224600000000000000e+04
1.176200000000000000e+04
1.180900000000000000e+04
1.267200000000000000e+04
1.290700000000000000e+04
1.334000000000000000e+04
1.328400000000000000e+04
1.196700000000000000e+04
1.136900000000000000e+04
1.391000000000000000e+04
1.201800000000000000e+04
1.192500000000000000e+04
1.589700000000000000e+04
1.255100000000000000e+04
1.437800000000000000e+04
1.635100000000000000e+04
1.248600000000000000e+04
1.366100000000000000e+04
1.461000000000000000e+04
1.339100000000000000e+04
1.355400000000000000e+04
1.280500000000000000e+04
1.830800000000000000e+04
1.508300000000000000e+04
1.432900000000000000e+04
1.485500000000000000e+04
1.348200000000000000e+04
1.395900000000000000e+04
1.453400000000000000e+04
1.379600000000000000e+04
1.440100000000000000e+04
1.607900000000000000e+04
1.577400000000000000e+04
1.296100000000000000e+04
1.572500000000000000e+04
1.904600000000000000e+04
1.345400000000000000e+04
1.553200000000000000e+04
1.494800000000000000e+04
1.622100000000000000e+04
1.457600000000000000e+04
1.358000000000000000e+04
1.692600000000000000e+04
1.582500000000000000e+04
1.670500000000000000e+04
1.445500000000000000e+04
1.682600000000000000e+04
1.340100000000000000e+04
1.645800000000000000e+04
1.653500000000000000e+04
1.660300000000000000e+04
1.619300000000000000e+04
1.565300000000000000e+04
1.777100000000000000e+04
1.756600000000000000e+04
1.665400000000000000e+04
1.701000000000000000e+04
1.568400000000000000e+04
1.910400000000000000e+04
1.711000000000000000e+04
1.615400000000000000e+04
1.703800000000000000e+04
1.775500000000000000e+04
1.605800000000000000e+04
1.802000000000000000e+04
1.943700000000000000e+04
1.822000000000000000e+04
1.985600000000000000e+04
1.684500000000000000e+04
2.108000000000000000e+04
1.724800000000000000e+04
1.648200000000000000e+04
2.141000000000000000e+04
1.948200000000000000e+04
1.982400000000000000e+04
1.688000000000000000e+04
1.843000000000000000e+04
2.306000000000000000e+04
1.945400000000000000e+04
2.122700000000000000e+04
1.945100000000000000e+04
1.835100000000000000e+04
2.352400000000000000e+04
2.119000000000000000e+04
2.244900000000000000e+04
2.133400000000000000e+04
2.176200000000000000e+04
2.117800000000000000e+04
1.809000000000000000e+04
2.199700000000000000e+04
1.864400000000000000e+04
2.063800000000000000e+04
1.825800000000000000e+04
1.912400000000000000e+04
1.999600000000000000e+04
2.243000000000000000e+04
2.296100000000000000e+04
2.161600000000000000e+04
2.062000000000000000e+04
2.048700000000000000e+04
2.195100000000000000e+04
2.269300000000000000e+04
2.343300000000000000e+04
2.563400000000000000e+04
2.463400000000000000e+04
2.332400000000000000e+04
2.243500000000000000e+04
2.738900000000000000e+04
2.381300000000000000e+04
2.559100000000000000e+04
2.414600000000000000e+04
2.582800000000000000e+04
2.432700000000000000e+04
2.350100000000000000e+04
2.645200000000000000e+04
2.783400000000000000e+04
2.672200000000000000e+04
2.749400000000000000e+04
2.194900000000000000e+04
2.507000000000000000e+04
2.901400000000000000e+04
2.610500000000000000e+04
2.814600000000000000e+04
2.442800000000000000e+04
2.845300000000000000e+04
2.833700000000000000e+04
2.683600000000000000e+04
3.092000000000000000e+04
2.912600000000000000e+04
3.157800000000000000e+04
3.066400000000000000e+04
3.125700000000000000e+04
2.803700000000000000e+04
3.141600000000000000e+04
3.247900000000000000e+04
3.047300000000000000e+04
3.253000000000000000e+04
2.939800000000000000e+04
3.193200000000000000e+04
3.276500000000000000e+04
3.251000000000000000e+04
3.176000000000000000e+04
3.356800000000000000e+04
3.241200000000000000e+04
3.278000000000000000e+04
3.205100000000000000e+04
3.400100000000000000e+04
3.390900000000000000e+04
3.465800000000000000e+04
3.011100000000000000e+04
3.320600000000000000e+04
3.762700000000000000e+04
3.622400000000000000e+04
3.411800000000000000e+04
3.534000000000000000e+04
3.442300000000000000e+04
3.813400000000000000e+04
3.435800000000000000e+04
3.929300000000000000e+04
3.829500000000000000e+04
3.903300000000000000e+04
3.954000000000000000e+04
3.945200000000000000e+04
4.021000000000000000e+04
4.221600000000000000e+04
3.927600000000000000e+04
4.046400000000000000e+04
3.960800000000000000e+04
4.167200000000000000e+04
4.004400000000000000e+04
4.126900000000000000e+04
3.966400000000000000e+04
4.544900000000000000e+04
4.576800000000000000e+04
4.440700000000000000e+04
4.510300000000000000e+04
4.110700000000000000e+04
4.662200000000000000e+04
4.705000000000000000e+04
4.553800000000000000e+04
4.680600000000000000e+04
4.626400000000000000e+04
5.131800000000000000e+04
5.328200000000000000e+04
5.015000000000000000e+04
5.534200000000000000e+04
5.220900000000000000e+04
5.152300000000000000e+04
4.547800000000000000e+04
5.461100000000000000e+04
5.301500000000000000e+04
5.287100000000000000e+04
5.648000000000000000e+04
5.582600000000000000e+04
5.520600000000000000e+04
5.446500000000000000e+04
5.326500000000000000e+04
5.850300000000000000e+04
5.478000000000000000e+04
5.921300000000000000e+04
5.431200000000000000e+04
6.039400000000000000e+04
6.042300000000000000e+04
5.842700000000000000e+04
6.229600000000000000e+04
5.922800000000000000e+04
6.352700000000000000e+04
5.694000000000000000e+04
6.550500000000000000e+04
6.647400000000000000e+04
6.497600000000000000e+04
6.428200000000000000e+04
6.095700000000000000e+04
6.694600000000000000e+04
6.750900000000000000e+04
6.610200000000000000e+04
6.753800000000000000e+04
7.093000000000000000e+04
7.207800000000000000e+04
7.337000000000000000e+04
7.258700000000000000e+04
7.660500000000000000e+04
7.765400000000000000e+04
7.548700000000000000e+04
7.583900000000000000e+04
7.860100000000000000e+04
7.562300000000000000e+04
8.484000000000000000e+04
7.628400000000000000e+04
7.957000000000000000e+04
8.647900000000000000e+04
8.057100000000000000e+04
8.983500000000000000e+04
8.802900000000000000e+04
8.888100000000000000e+04
8.848800000000000000e+04
8.985200000000000000e+04
9.334700000000000000e+04
8.860200000000000000e+04
9.486100000000000000e+04
9.694900000000000000e+04
9.558600000000000000e+04
9.332000000000000000e+04
9.882300000000000000e+04
1.023620000000000000e+05
1.088070000000000000e+05
1.044960000000000000e+05
1.033080000000000000e+05
1.101940000000000000e+05
1.082180000000000000e+05
1.139290000000000000e+05
1.055690000000000000e+05
1.141990000000000000e+05
1.203590000000000000e+05
1.223340000000000000e+05
1.229080000000000000e+05
1.179620000000000000e+05
1.222100000000000000e+05
1.295350000000000000e+05
1.308580000000000000e+05
1.339290000000000000e+05
1.281840000000000000e+05
1.365550000000000000e+05
1.320130000000000000e+05
1.359650000000000000e+05
1.401040000000000000e+05
1.433990000000000000e+05
1.486440000000000000e+05
1.448900000000000000e+05
1.494920000000000000e+05
1.497300000000000000e+05
1.513990000000000000e+05
1.635300000000000000e+05
1.692010000000000000e+05
1.676650000000000000e+05
1.719170000000000000e+05
1.694910000000000000e+05
1.761640000000000000e+05
1.747840000000000000e+05
1.834960000000000000e+05
1.913170000000000000e+05
1.883470000000000000e+05
1.860850000000000000e+05
1.930430000000000000e+05
1.939900000000000000e+05
1.958830000000000000e+05
2.009180000000000000e+05
2.146110000000000000e+05
2.228460000000000000e+05
2.119500000000000000e+05
2.190350000000000000e+05
2.224890000000000000e+05
2.371870000000000000e+05
2.442470000000000000e+05
2.339580000000000000e+05
2.385150000000000000e+05
2.478150000000000000e+05
2.529110000000000000e+05
2.493610000000000000e+05
2.640590000000000000e+05
2.650840000000000000e+05
2.769440000000000000e+05
2.819890000000000000e+05
2.875590000000000000e+05
2.929920000000000000e+05
3.035920000000000000e+05
3.064960000000000000e+05
3.133900000000000000e+05
3.276820000000000000e+05
3.185870000000000000e+05
3.287680000000000000e+05
3.256160000000000000e+05
3.392230000000000000e+05
3.488540000000000000e+05
3.497390000000000000e+05
3.592030000000000000e+05
3.694740000000000000e+05
3.689740000000000000e+05
3.937400000000000000e+05
3.963300000000000000e+05
3.966260000000000000e+05
4.094600000000000000e+05
4.169950000000000000e+05
4.180990000000000000e+05
4.379430000000000000e+05
4.479300000000000000e+05
4.485130000000000000e+05
4.727080000000000000e+05
4.774350000000000000e+05
4.811430000000000000e+05
4.764410000000000000e+05
4.914410000000000000e+05
4.902510000000000000e+05
5.150190000000000000e+05
5.067970000000000000e+05
5.325300000000000000e+05
5.388250000000000000e+05
5.454150000000000000e+05
5.521340000000000000e+05
5.510440000000000000e+05
5.704480000000000000e+05
5.591780000000000000e+05
5.712450000000000000e+05
5.834040000000000000e+05
5.851820000000000000e+05
6.016160000000000000e+05
6.091690000000000000e+05
6.035260000000000000e+05
6.209130000000000000e+05
6.136080000000000000e+05
5.979280000000000000e+05
6.158580000000000000e+05
6.178680000000000000e+05
6.161020000000000000e+05
6.325690000000000000e+05
6.181550000000000000e+05
6.289360000000000000e+05
6.350650000000000000e+05
6.340690000000000000e+05
6.271030000000000000e+05
6.529590000000000000e+05
6.390530000000000000e+05
6.345990000000000000e+05
6.213400000000000000e+05
6.334260000000000000e+05
6.151070000000000000e+05
6.123600000000000000e+05
6.155990000000000000e+05
6.084730000000000000e+05
6.128380000000000000e+05
5.964750000000000000e+05
6.102140000000000000e+05
6.035230000000000000e+05
5.789880000000000000e+05
5.709300000000000000e+05
5.690430000000000000e+05
5.618230000000000000e+05
5.601110000000000000e+05
5.468700000000000000e+05
5.453790000000000000e+05
5.375410000000000000e+05
5.295990000000000000e+05
5.278100000000000000e+05
5.151580000000000000e+05
5.181060000000000000e+05
4.932430000000000000e+05
4.822230000000000000e+05
4.784970000000000000e+05
4.667910000000000000e+05
4.654690000000000000e+05
4.517510000000000000e+05
4.480140000000000000e+05
4.445340000000000000e+05
4.222240000000000000e+05
4.170930000000000000e+05
4.210640000000000000e+05
4.004300000000000000e+05
3.977870000000000000e+05
3.851740000000000000e+05
3.938280000000000000e+05
3.764040000000000000e+05
3.709620000000000000e+05
3.499120000000000000e+05
3.513370000000000000e+05
3.443210000000000000e+05
3.438850000000000000e+05
3.384130000000000000e+05
3.278910000000000000e+05
3.195820000000000000e+05
3.149440000000000000e+05
3.099620000000000000e+05
3.134990000000000000e+05
3.034460000000000000e+05
2.978180000000000000e+05
2.920690000000000000e+05
2.828410000000000000e+05
2.734360000000000000e+05
2.649800000000000000e+05
2.578860000000000000e+05
2.559720000000000000e+05
2.541100000000000000e+05
2.459730000000000000e+05
2.404200000000000000e+05
2.417880000000000000e+05
2.329830000000000000e+05
2.290070000000000000e+05
2.287360000000000000e+05
2.229220000000000000e+05
2.174620000000000000e+05
2.086390000000000000e+05
2.049110000000000000e+05
2.047050000000000000e+05
1.995680000000000000e+05
1.887300000000000000e+05
1.960070000000000000e+05
1.925000000000000000e+05
1.874840000000000000e+05
1.862060000000000000e+05
1.775700000000000000e+05
1.711530000000000000e+05
1.774720000000000000e+05
1.658890000000000000e+05
1.742170000000000000e+05
1.628810000000000000e+05
1.723680000000000000e+05
1.629990000000000000e+05
1.516670000000000000e+05
1.583770000000000000e+05
1.556530000000000000e+05
1.523330000000000000e+05
1.449540000000000000e+05
1.420570000000000000e+05
1.322950000000000000e+05
1.426120000000000000e+05
1.374860000000000000e+05
1.386150000000000000e+05
1.334340000000000000e+05
1.302890000000000000e+05
1.267070000000000000e+05
1.287630000000000000e+05
1.254000000000000000e+05
1.212740000000000000e+05
1.186760000000000000e+05
1.194860000000000000e+05
1.158360000000000000e+05
1.124480000000000000e+05
1.144840000000000000e+05
1.151000000000000000e+05
1.161810000000000000e+05
1.047500000000000000e+05
1.111070000000000000e+05
1.107120000000000000e+05
9.954000000000000000e+04
1.003340000000000000e+05
1.093070000000000000e+05
9.544500000000000000e+04
9.530700000000000000e+04
9.553500000000000000e+04
9.524900000000000000e+04
9.052600000000000000e+04
8.924200000000000000e+04
9.761900000000000000e+04
9.351200000000000000e+04
9.104200000000000000e+04
8.613100000000000000e+04
8.131100000000000000e+04
8.372100000000000000e+04
8.016800000000000000e+04
8.544800000000000000e+04
8.348200000000000000e+04
8.461900000000000000e+04
7.898800000000000000e+04
8.292900000000000000e+04
7.491500000000000000e+04
7.697900000000000000e+04
7.186900000000000000e+04
7.504500000000000000e+04
7.522900000000000000e+04
7.422600000000000000e+04
7.179900000000000000e+04
6.821100000000000000e+04
7.179600000000000000e+04
6.757700000000000000e+04
6.775800000000000000e+04
6.653900000000000000e+04
6.866300000000000000e+04
6.723000000000000000e+04
6.057700000000000000e+04
6.611200000000000000e+04
6.152400000000000000e+04
6.014600000000000000e+04
6.424600000000000000e+04
6.250600000000000000e+04
5.961800000000000000e+04
5.903600000000000000e+04
6.424600000000000000e+04
5.875400000000000000e+04
5.448000000000000000e+04
6.097900000000000000e+04
5.433300000000000000e+04
5.936500000000000000e+04
5.227300000000000000e+04
5.588700000000000000e+04
5.110000000000000000e+04
5.256100000000000000e+04
4.645500000000000000e+04
5.204700000000000000e+04
4.983400000000000000e+04
5.181900000000000000e+04
4.654800000000000000e+04
5.147000000000000000e+04
4.988300000000000000e+04
4.895200000000000000e+04
5.194000000000000000e+04
4.283200000000000000e+04
5.127900000000000000e+04
4.884200000000000000e+04
4.441400000000000000e+04
4.756000000000000000e+04
4.757600000000000000e+04
4.505900000000000000e+04
4.450900000000000000e+04
4.077700000000000000e+04
4.316400000000000000e+04
4.265700000000000000e+04
4.327300000000000000e+04
4.156100000000000000e+04
4.141800000000000000e+04
4.040400000000000000e+04
3.962200000000000000e+04
4.043900000000000000e+04
3.865200000000000000e+04
3.785100000000000000e+04
4.123400000000000000e+04
3.872600000000000000e+04
3.761600000000000000e+04
3.618200000000000000e+04
3.627800000000000000e+04
3.878900000000000000e+04
4.054300000000000000e+04
3.576200000000000000e+04
3.456300000000000000e+04
3.555400000000000000e+04
3.567500000000000000e+04
3.640800000000000000e+04
3.533500000000000000e+04
3.406200000000000000e+04
3.267300000000000000e+04
3.392700000000000000e+04
3.041600000000000000e+04
3.644900000000000000e+04
3.130000000000000000e+04
3.139500000000000000e+04
3.114400000000000000e+04
3.272600000000000000e+04
3.109900000000000000e+04
3.304700000000000000e+04
2.988000000000000000e+04
3.151600000000000000e+04
3.239800000000000000e+04
3.252100000000000000e+04
3.038700000000000000e+04
2.991000000000000000e+04
2.797200000000000000e+04
2.797900000000000000e+04
3.136200000000000000e+04
3.030600000000000000e+04
2.904900000000000000e+04
2.761300000000000000e+04
2.699400000000000000e+04
2.910000000000000000e+04
2.954200000000000000e+04
2.796700000000000000e+04
2.480700000000000000e+04
2.684800000000000000e+04
2.762000000000000000e+04
2.979300000000000000e+04
2.596100000000000000e+04
2.479300000000000000e+04
2.621400000000000000e+04
2.823400000000000000e+04
2.888800000000000000e+04
2.786000000000000000e+04
2.151800000000000000e+04
2.969500000000000000e+04
2.227900000000000000e+04
2.468800000000000000e+04
2.571400000000000000e+04
2.073400000000000000e+04
2.435700000000000000e+04
2.561600000000000000e+04
2.521800000000000000e+04
2.440600000000000000e+04
2.227200000000000000e+04
2.112700000000000000e+04
2.398200000000000000e+04
2.276800000000000000e+04
2.165100000000000000e+04
2.310500000000000000e+04
2.329800000000000000e+04
2.452200000000000000e+04
2.076200000000000000e+04
2.090600000000000000e+04
2.062000000000000000e+04
2.304400000000000000e+04
2.253700000000000000e+04
1.926100000000000000e+04
1.978400000000000000e+04
2.065000000000000000e+04
1.914700000000000000e+04
1.782300000000000000e+04
1.626100000000000000e+04
1.947000000000000000e+04
1.905800000000000000e+04
2.102900000000000000e+04
2.102900000000000000e+04
2.129900000000000000e+04
1.928400000000000000e+04
1.959100000000000000e+04
1.846000000000000000e+04
2.031900000000000000e+04
2.088200000000000000e+04
1.816900000000000000e+04
1.996400000000000000e+04
2.001200000000000000e+04
1.590500000000000000e+04
1.632600000000000000e+04
1.857600000000000000e+04
2.167500000000000000e+04
1.728000000000000000e+04
1.985400000000000000e+04
1.758500000000000000e+04
1.839200000000000000e+04
1.941400000000000000e+04
1.880700000000000000e+04
1.856000000000000000e+04
1.760800000000000000e+04
1.583000000000000000e+04
1.776400000000000000e+04
1.604400000000000000e+04
1.644000000000000000e+04
1.642800000000000000e+04
1.716800000000000000e+04
1.985600000000000000e+04
1.832000000000000000e+04
1.470400000000000000e+04
1.801500000000000000e+04
1.640500000000000000e+04
1.434100000000000000e+04
1.830800000000000000e+04
1.753800000000000000e+04
1.466900000000000000e+04
1.421100000000000000e+04
1.388500000000000000e+04
1.509700000000000000e+04
1.524600000000000000e+04
1.448300000000000000e+04
1.525300000000000000e+04
1.521600000000000000e+04
1.625600000000000000e+04
1.519000000000000000e+04
1.314200000000000000e+04
1.378000000000000000e+04
1.363300000000000000e+04
1.326800000000000000e+04
1.333300000000000000e+04
1.548100000000000000e+04
1.457600000000000000e+04
1.163900000000000000e+04
1.461300000000000000e+04
1.364500000000000000e+04
1.234200000000000000e+04
1.418000000000000000e+04
1.412000000000000000e+04
1.616700000000000000e+04
1.524100000000000000e+04
1.218600000000000000e+04
1.285600000000000000e+04
1.156900000000000000e+04
1.379600000000000000e+04
1.572300000000000000e+04
1.341200000000000000e+04
1.268600000000000000e+04
1.475900000000000000e+04
1.096400000000000000e+04
1.516900000000000000e+04
1.391200000000000000e+04
1.328400000000000000e+04
1.376600000000000000e+04
1.161800000000000000e+04
1.193900000000000000e+04
1.066400000000000000e+04
1.213700000000000000e+04
1.316300000000000000e+04
1.409600000000000000e+04
1.161300000000000000e+04
1.254400000000000000e+04
1.298600000000000000e+04
1.246700000000000000e+04
9.291000000000000000e+03
1.319800000000000000e+04
1.335600000000000000e+04
1.277200000000000000e+04
1.058000000000000000e+04
8.288000000000000000e+03
1.115700000000000000e+04
1.109600000000000000e+04
1.220200000000000000e+04
1.044500000000000000e+04
1.196200000000000000e+04
1.242500000000000000e+04
1.161300000000000000e+04
1.117300000000000000e+04
1.171300000000000000e+04
1.092200000000000000e+04
9.663000000000000000e+03
1.161300000000000000e+04
1.062400000000000000e+04
1.104300000000000000e+04
1.105900000000000000e+04
1.071500000000000000e+04
9.293000000000000000e+03
1.038900000000000000e+04
1.138000000000000000e+04
1.206700000000000000e+04
1.044000000000000000e+04
1.063800000000000000e+04
1.144300000000000000e+04
9.144000000000000000e+03
1.056800000000000000e+04
1.055200000000000000e+04
9.984000000000000000e+03
1.214800000000000000e+04
1.045400000000000000e+04
1.021900000000000000e+04
8.867000000000000000e+03
9.826000000000000000e+03
1.100100000000000000e+04
1.003300000000000000e+04
9.756000000000000000e+03
1.169900000000000000e+04
8.916000000000000000e+03
1.047700000000000000e+04
8.560000000000000000e+03
7.948000000000000000e+03
8.839000000000000000e+03
8.655000000000000000e+03
1.021900000000000000e+04
8.406000000000000000e+03
9.693000000000000000e+03
7.776000000000000000e+03
8.918000000000000000e+03
9.039000000000000000e+03
1.009100000000000000e+04
8.599000000000000000e+03
1.124500000000000000e+04
8.469000000000000000e+03
9.009000000000000000e+03
9.716000000000000000e+03
9.730000000000000000e+03
9.956000000000000000e+03
9.046000000000000000e+03
8.155000000000000000e+03
8.348000000000000000e+03
8.783000000000000000e+03
1.048200000000000000e+04
8.534000000000000000e+03
7.948000000000000000e+03
9.174000000000000000e+03
6.733000000000000000e+03
7.587000000000000000e+03
7.210000000000000000e+03
7.985000000000000000e+03
9.695000000000000000e+03
8.946000000000000000e+03
8.313000000000000000e+03
8.257000000000000000e+03
9.700000000000000000e+03
8.632000000000000000e+03
9.088000000000000000e+03
7.040000000000000000e+03
7.126000000000000000e+03
8.015000000000000000e+03
8.941000000000000000e+03
7.610000000000000000e+03
8.981000000000000000e+03
7.843000000000000000e+03
7.552000000000000000e+03
6.898000000000000000e+03
6.954000000000000000e+03
7.226000000000000000e+03
8.101000000000000000e+03
5.814000000000000000e+03
8.311000000000000000e+03
6.321000000000000000e+03
7.603000000000000000e+03
6.740000000000000000e+03
6.905000000000000000e+03
7.843000000000000000e+03
7.361000000000000000e+03
7.929000000000000000e+03
7.475000000000000000e+03
7.424000000000000000e+03
7.454000000000000000e+03
6.819000000000000000e+03
7.117000000000000000e+03
7.673000000000000000e+03
7.154000000000000000e+03
7.389000000000000000e+03
6.258000000000000000e+03
7.361000000000000000e+03
8.599000000000000000e+03
8.050000000000000000e+03
6.833000000000000000e+03
5.837000000000000000e+03
6.698000000000000000e+03
7.859000000000000000e+03
5.374000000000000000e+03
7.617000000000000000e+03
7.282000000000000000e+03
7.603000000000000000e+03
5.148000000000000000e+03
7.587000000000000000e+03
7.510000000000000000e+03
5.411000000000000000e+03
5.311000000000000000e+03
6.237000000000000000e+03
5.816000000000000000e+03
7.026000000000000000e+03
6.151000000000000000e+03
7.326000000000000000e+03
6.856000000000000000e+03
7.482000000000000000e+03
7.717000000000000000e+03
6.968000000000000000e+03
7.524000000000000000e+03
6.202000000000000000e+03
7.189000000000000000e+03
8.222000000000000000e+03
