6.194000000000000000e+03
6.188000000000000000e+03
6.566000000000000000e+03
6.360000000000000000e+03
6.470000000000000000e+03
6.422000000000000000e+03
6.572000000000000000e+03
6.446000000000000000e+03
6.482000000000000000e+03
6.586000000000000000e+03
6.446000000000000000e+03
6.518000000000000000e+03
6.580000000000000000e+03
6.558000000000000000e+03
6.712000000000000000e+03
6.880000000000000000e+03
6.868000000000000000e+03
6.966000000000000000e+03
6.622000000000000000e+03
6.626000000000000000e+03
6.970000000000000000e+03
6.820000000000000000e+03
6.938000000000000000e+03
6.982000000000000000e+03
7.006000000000000000e+03
7.148000000000000000e+03
7.084000000000000000e+03
6.914000000000000000e+03
7.212000000000000000e+03
7.384000000000000000e+03
7.258000000000000000e+03
7.392000000000000000e+03
7.328000000000000000e+03
7.222000000000000000e+03
7.100000000000000000e+03
7.458000000000000000e+03
7.356000000000000000e+03
7.140000000000000000e+03
7.502000000000000000e+03
7.224000000000000000e+03
7.490000000000000000e+03
7.348000000000000000e+03
7.746000000000000000e+03
7.454000000000000000e+03
7.450000000000000000e+03
7.688000000000000000e+03
7.316000000000000000e+03
7.452000000000000000e+03
7.734000000000000000e+03
7.594000000000000000e+03
7.784000000000000000e+03
7.546000000000000000e+03
7.882000000000000000e+03
7.758000000000000000e+03
8.098000000000000000e+03
7.924000000000000000e+03
8.140000000000000000e+03
7.982000000000000000e+03
7.988000000000000000e+03
8.080000000000000000e+03
8.136000000000000000e+03
8.160000000000000000e+03
8.506000000000000000e+03
8.422000000000000000e+03
8.258000000000000000e+03
8.168000000000000000e+03
8.510000000000000000e+03
8.364000000000000000e+03
8.518000000000000000e+03
8.584000000000000000e+03
8.406000000000000000e+03
8.452000000000000000e+03
8.830000000000000000e+03
8.904000000000000000e+03
8.866000000000000000e+03
8.512000000000000000e+03
8.820000000000000000e+03
8.714000000000000000e+03
8.936000000000000000e+03
8.966000000000000000e+03
8.902000000000000000e+03
8.874000000000000000e+03
8.924000000000000000e+03
9.040000000000000000e+03
9.074000000000000000e+03
9.234000000000000000e+03
9.164000000000000000e+03
9.268000000000000000e+03
9.220000000000000000e+03
9.228000000000000000e+03
9.226000000000000000e+03
9.448000000000000000e+03
9.562000000000000000e+03
9.206000000000000000e+03
9.760000000000000000e+03
9.316000000000000000e+03
9.648000000000000000e+03
9.732000000000000000e+03
9.816000000000000000e+03
9.894000000000000000e+03
9.754000000000000000e+03
1.004600000000000000e+04
1.025400000000000000e+04
1.016600000000000000e+04
1.000200000000000000e+04
1.001200000000000000e+04
9.952000000000000000e+03
9.900000000000000000e+03
1.008200000000000000e+04
1.019800000000000000e+04
1.025200000000000000e+04
1.032800000000000000e+04
1.047600000000000000e+04
1.026200000000000000e+04
1.063800000000000000e+04
1.084400000000000000e+04
1.068400000000000000e+04
1.075600000000000000e+04
1.054600000000000000e+04
1.085800000000000000e+04
1.074000000000000000e+04
1.120800000000000000e+04
1.110000000000000000e+04
1.060800000000000000e+04
1.116200000000000000e+04
1.129400000000000000e+04
1.127000000000000000e+04
1.127400000000000000e+04
1.112400000000000000e+04
1.147600000000000000e+04
1.154600000000000000e+04
1.140400000000000000e+04
1.161800000000000000e+04
1.167800000000000000e+04
1.171800000000000000e+04
1.170600000000000000e+04
1.141400000000000000e+04
1.225200000000000000e+04
1.200600000000000000e+04
1.182800000000000000e+04
1.201200000000000000e+04
1.201600000000000000e+04
1.208800000000000000e+04
1.243200000000000000e+04
1.239800000000000000e+04
1.242600000000000000e+04
1.245200000000000000e+04
1.232600000000000000e+04
1.287400000000000000e+04
1.294800000000000000e+04
1.268800000000000000e+04
1.280200000000000000e+04
1.298800000000000000e+04
1.304400000000000000e+04
1.300400000000000000e+04
1.330400000000000000e+04
1.325600000000000000e+04
1.331600000000000000e+04
1.323600000000000000e+04
1.345600000000000000e+04
1.349800000000000000e+04
1.353600000000000000e+04
1.346200000000000000e+04
1.399200000000000000e+04
1.412400000000000000e+04
1.369600000000000000e+04
1.387000000000000000e+04
1.444000000000000000e+04
1.422400000000000000e+04
1.413400000000000000e+04
1.431600000000000000e+04
1.470600000000000000e+04
1.439600000000000000e+04
1.481400000000000000e+04
1.459200000000000000e+04
1.468800000000000000e+04
1.472800000000000000e+04
1.487600000000000000e+04
1.495400000000000000e+04
1.524000000000000000e+04
1.506800000000000000e+04
1.497200000000000000e+04
1.521600000000000000e+04
1.570200000000000000e+04
1.542200000000000000e+04
1.534600000000000000e+04
1.601600000000000000e+04
1.600800000000000000e+04
1.569800000000000000e+04
1.595400000000000000e+04
1.578200000000000000e+04
1.626200000000000000e+04
1.662000000000000000e+04
1.675800000000000000e+04
1.663000000000000000e+04
1.673600000000000000e+04
1.649400000000000000e+04
1.696800000000000000e+04
1.679400000000000000e+04
1.697600000000000000e+04
1.751000000000000000e+04
1.731400000000000000e+04
1.775400000000000000e+04
1.734400000000000000e+04
1.769400000000000000e+04
1.787600000000000000e+04
1.811000000000000000e+04
1.813800000000000000e+04
1.816600000000000000e+04
1.819800000000000000e+04
1.852800000000000000e+04
1.840000000000000000e+04
1.862200000000000000e+04
1.904800000000000000e+04
1.902000000000000000e+04
1.885400000000000000e+04
1.941600000000000000e+04
1.919400000000000000e+04
1.942200000000000000e+04
1.930400000000000000e+04
2.014600000000000000e+04
1.952600000000000000e+04
1.978800000000000000e+04
1.999000000000000000e+04
2.041400000000000000e+04
2.043600000000000000e+04
2.097000000000000000e+04
2.066600000000000000e+04
2.073800000000000000e+04
2.131800000000000000e+04
2.118200000000000000e+04
2.152800000000000000e+04
2.143200000000000000e+04
2.161000000000000000e+04
2.185000000000000000e+04
2.211400000000000000e+04
2.199400000000000000e+04
2.209200000000000000e+04
2.230800000000000000e+04
2.248400000000000000e+04
2.267400000000000000e+04
2.317000000000000000e+04
2.296400000000000000e+04
2.358600000000000000e+04
2.356600000000000000e+04
2.362400000000000000e+04
2.409000000000000000e+04
2.391400000000000000e+04
2.433400000000000000e+04
2.480800000000000000e+04
2.489200000000000000e+04
2.473600000000000000e+04
2.520000000000000000e+04
2.547000000000000000e+04
2.511000000000000000e+04
2.520200000000000000e+04
2.610200000000000000e+04
2.615800000000000000e+04
2.616800000000000000e+04
2.677400000000000000e+04
2.654000000000000000e+04
2.704800000000000000e+04
2.697800000000000000e+04
2.716000000000000000e+04
2.710600000000000000e+04
2.793200000000000000e+04
2.773800000000000000e+04
2.812000000000000000e+04
2.884400000000000000e+04
2.884200000000000000e+04
2.859000000000000000e+04
2.901000000000000000e+04
2.930800000000000000e+04
2.997600000000000000e+04
3.006800000000000000e+04
3.043800000000000000e+04
3.052600000000000000e+04
3.043600000000000000e+04
3.105200000000000000e+04
3.134200000000000000e+04
3.151000000000000000e+04
3.141800000000000000e+04
3.187600000000000000e+04
3.245400000000000000e+04
3.297800000000000000e+04
3.302200000000000000e+04
3.352000000000000000e+04
3.341600000000000000e+04
3.393600000000000000e+04
3.403200000000000000e+04
3.415400000000000000e+04
3.455800000000000000e+04
3.509800000000000000e+04
3.555800000000000000e+04
3.510200000000000000e+04
3.571400000000000000e+04
3.594800000000000000e+04
3.680000000000000000e+04
3.708800000000000000e+04
3.713200000000000000e+04
3.738800000000000000e+04
3.774000000000000000e+04
3.851800000000000000e+04
3.867800000000000000e+04
3.911600000000000000e+04
3.936200000000000000e+04
3.964400000000000000e+04
3.989600000000000000e+04
4.081400000000000000e+04
4.102800000000000000e+04
4.181600000000000000e+04
4.203400000000000000e+04
4.249600000000000000e+04
4.303400000000000000e+04
4.309400000000000000e+04
4.329000000000000000e+04
4.373200000000000000e+04
4.414200000000000000e+04
4.546600000000000000e+04
4.519000000000000000e+04
4.568200000000000000e+04
4.695400000000000000e+04
4.706800000000000000e+04
4.736800000000000000e+04
4.809200000000000000e+04
4.812000000000000000e+04
4.892800000000000000e+04
4.923400000000000000e+04
4.987400000000000000e+04
5.016800000000000000e+04
5.076800000000000000e+04
5.118800000000000000e+04
5.175800000000000000e+04
5.238000000000000000e+04
5.358000000000000000e+04
5.364600000000000000e+04
5.470800000000000000e+04
5.536200000000000000e+04
5.568400000000000000e+04
5.659600000000000000e+04
5.635200000000000000e+04
5.776000000000000000e+04
5.798000000000000000e+04
5.861800000000000000e+04
5.990600000000000000e+04
6.078400000000000000e+04
6.191800000000000000e+04
6.175800000000000000e+04
6.272400000000000000e+04
6.336200000000000000e+04
6.369000000000000000e+04
6.451200000000000000e+04
6.604000000000000000e+04
6.582600000000000000e+04
6.782800000000000000e+04
6.778400000000000000e+04
6.883000000000000000e+04
6.977600000000000000e+04
7.032200000000000000e+04
7.162800000000000000e+04
7.278600000000000000e+04
7.389000000000000000e+04
7.499400000000000000e+04
7.511800000000000000e+04
7.683600000000000000e+04
7.668600000000000000e+04
7.859800000000000000e+04
7.975400000000000000e+04
8.021400000000000000e+04
8.178600000000000000e+04
8.283400000000000000e+04
8.401600000000000000e+04
8.412000000000000000e+04
8.655800000000000000e+04
8.758600000000000000e+04
8.880000000000000000e+04
8.951400000000000000e+04
9.060200000000000000e+04
9.148000000000000000e+04
9.351800000000000000e+04
9.391400000000000000e+04
9.649000000000000000e+04
9.713600000000000000e+04
9.856400000000000000e+04
1.002140000000000000e+05
1.009540000000000000e+05
1.038480000000000000e+05
1.059300000000000000e+05
1.063980000000000000e+05
1.075660000000000000e+05
1.105380000000000000e+05
1.116260000000000000e+05
1.137600000000000000e+05
1.141660000000000000e+05
1.168220000000000000e+05
1.185000000000000000e+05
1.205180000000000000e+05
1.227820000000000000e+05
1.238340000000000000e+05
1.268340000000000000e+05
1.290660000000000000e+05
1.317040000000000000e+05
1.321860000000000000e+05
1.345620000000000000e+05
1.372240000000000000e+05
1.389460000000000000e+05
1.411440000000000000e+05
1.447000000000000000e+05
1.465820000000000000e+05
1.482280000000000000e+05
1.516940000000000000e+05
1.544880000000000000e+05
1.574140000000000000e+05
1.588580000000000000e+05
1.620640000000000000e+05
1.659940000000000000e+05
1.679740000000000000e+05
1.717060000000000000e+05
1.745200000000000000e+05
1.770280000000000000e+05
1.798700000000000000e+05
1.840600000000000000e+05
1.877640000000000000e+05
1.903220000000000000e+05
1.933200000000000000e+05
1.962640000000000000e+05
2.015840000000000000e+05
2.053520000000000000e+05
2.087040000000000000e+05
2.121580000000000000e+05
2.178380000000000000e+05
2.216440000000000000e+05
2.260620000000000000e+05
2.313160000000000000e+05
2.345100000000000000e+05
2.389400000000000000e+05
2.443360000000000000e+05
2.497060000000000000e+05
2.525500000000000000e+05
2.578520000000000000e+05
2.632520000000000000e+05
2.689860000000000000e+05
2.744680000000000000e+05
2.821800000000000000e+05
2.867980000000000000e+05
2.902160000000000000e+05
2.968340000000000000e+05
3.037480000000000000e+05
3.094340000000000000e+05
3.146420000000000000e+05
3.221140000000000000e+05
3.277920000000000000e+05
3.341440000000000000e+05
3.417860000000000000e+05
3.479360000000000000e+05
3.555120000000000000e+05
3.628640000000000000e+05
3.688700000000000000e+05
3.765840000000000000e+05
3.841640000000000000e+05
3.910980000000000000e+05
3.989560000000000000e+05
4.081760000000000000e+05
4.163940000000000000e+05
4.234920000000000000e+05
4.308720000000000000e+05
4.398520000000000000e+05
4.476320000000000000e+05
4.551940000000000000e+05
4.625360000000000000e+05
4.727420000000000000e+05
4.796580000000000000e+05
4.895920000000000000e+05
4.964380000000000000e+05
5.038960000000000000e+05
5.143160000000000000e+05
5.227400000000000000e+05
5.297300000000000000e+05
5.366400000000000000e+05
5.462220000000000000e+05
5.535260000000000000e+05
5.603060000000000000e+05
5.662400000000000000e+05
5.750440000000000000e+05
5.802840000000000000e+05
5.882380000000000000e+05
5.935020000000000000e+05
5.997580000000000000e+05
6.035640000000000000e+05
6.099760000000000000e+05
6.144580000000000000e+05
6.180640000000000000e+05
6.232840000000000000e+05
6.258580000000000000e+05
6.288240000000000000e+05
6.313140000000000000e+05
6.323920000000000000e+05
6.344020000000000000e+05
6.346580000000000000e+05
6.376880000000000000e+05
6.362340000000000000e+05
6.362800000000000000e+05
6.351720000000000000e+05
6.322580000000000000e+05
6.325700000000000000e+05
6.267140000000000000e+05
6.250640000000000000e+05
6.212880000000000000e+05
6.203260000000000000e+05
6.122720000000000000e+05
6.102060000000000000e+05
6.056300000000000000e+05
5.985440000000000000e+05
5.947800000000000000e+05
5.858960000000000000e+05
5.801820000000000000e+05
5.739500000000000000e+05
5.666000000000000000e+05
5.586600000000000000e+05
5.534260000000000000e+05
5.462300000000000000e+05
5.365160000000000000e+05
5.304180000000000000e+05
5.211040000000000000e+05
5.144220000000000000e+05
5.037400000000000000e+05
4.973140000000000000e+05
4.921400000000000000e+05
4.801100000000000000e+05
4.728120000000000000e+05
4.634860000000000000e+05
4.548560000000000000e+05
4.478020000000000000e+05
4.405620000000000000e+05
4.320200000000000000e+05
4.228380000000000000e+05
4.136580000000000000e+05
4.070800000000000000e+05
4.009260000000000000e+05
3.902260000000000000e+05
3.854440000000000000e+05
3.769020000000000000e+05
3.700740000000000000e+05
3.621920000000000000e+05
3.550220000000000000e+05
3.474360000000000000e+05
3.424180000000000000e+05
3.338340000000000000e+05
3.276060000000000000e+05
3.217040000000000000e+05
3.151440000000000000e+05
3.091880000000000000e+05
3.035660000000000000e+05
2.966760000000000000e+05
2.902060000000000000e+05
2.863180000000000000e+05
2.800240000000000000e+05
2.736300000000000000e+05
2.707700000000000000e+05
2.638640000000000000e+05
2.583020000000000000e+05
2.531700000000000000e+05
2.482960000000000000e+05
2.434940000000000000e+05
2.386480000000000000e+05
2.341640000000000000e+05
2.290100000000000000e+05
2.249320000000000000e+05
2.201180000000000000e+05
2.176880000000000000e+05
2.132500000000000000e+05
2.088700000000000000e+05
2.042200000000000000e+05
2.013480000000000000e+05
1.985920000000000000e+05
1.939000000000000000e+05
1.903380000000000000e+05
1.871660000000000000e+05
1.828980000000000000e+05
1.803680000000000000e+05
1.760400000000000000e+05
1.726360000000000000e+05
1.707980000000000000e+05
1.675760000000000000e+05
1.649420000000000000e+05
1.615400000000000000e+05
1.596740000000000000e+05
1.572620000000000000e+05
1.530340000000000000e+05
1.511620000000000000e+05
1.484320000000000000e+05
1.463020000000000000e+05
1.443360000000000000e+05
1.417480000000000000e+05
1.391340000000000000e+05
1.363700000000000000e+05
1.340260000000000000e+05
1.325440000000000000e+05
1.312920000000000000e+05
1.274920000000000000e+05
1.271740000000000000e+05
1.245380000000000000e+05
1.218080000000000000e+05
1.211000000000000000e+05
1.188580000000000000e+05
1.166100000000000000e+05
1.145280000000000000e+05
1.131040000000000000e+05
1.110480000000000000e+05
1.097120000000000000e+05
1.080460000000000000e+05
1.066680000000000000e+05
1.050240000000000000e+05
1.033000000000000000e+05
1.018300000000000000e+05
1.009160000000000000e+05
9.915600000000000000e+04
9.710000000000000000e+04
9.619000000000000000e+04
9.477000000000000000e+04
9.333000000000000000e+04
9.252000000000000000e+04
9.156000000000000000e+04
9.002000000000000000e+04
8.853400000000000000e+04
8.733600000000000000e+04
8.582800000000000000e+04
8.460000000000000000e+04
8.408600000000000000e+04
8.346800000000000000e+04
8.145200000000000000e+04
8.006600000000000000e+04
7.900200000000000000e+04
7.824800000000000000e+04
7.766400000000000000e+04
7.628600000000000000e+04
7.515600000000000000e+04
7.400000000000000000e+04
7.385400000000000000e+04
7.247600000000000000e+04
7.112600000000000000e+04
7.043000000000000000e+04
6.913000000000000000e+04
6.906000000000000000e+04
6.827200000000000000e+04
6.726000000000000000e+04
6.653000000000000000e+04
6.564000000000000000e+04
6.488000000000000000e+04
6.426600000000000000e+04
6.283800000000000000e+04
6.217600000000000000e+04
6.185400000000000000e+04
6.175400000000000000e+04
6.069400000000000000e+04
5.962800000000000000e+04
5.876600000000000000e+04
5.811000000000000000e+04
5.748000000000000000e+04
5.723400000000000000e+04
5.718000000000000000e+04
5.586800000000000000e+04
5.506400000000000000e+04
5.418600000000000000e+04
5.387200000000000000e+04
5.376800000000000000e+04
5.221800000000000000e+04
5.172200000000000000e+04
5.118600000000000000e+04
5.056200000000000000e+04
5.099600000000000000e+04
4.965400000000000000e+04
4.897600000000000000e+04
4.891400000000000000e+04
4.764800000000000000e+04
4.747000000000000000e+04
4.771200000000000000e+04
4.645400000000000000e+04
4.593600000000000000e+04
4.603200000000000000e+04
4.558800000000000000e+04
4.519000000000000000e+04
4.425800000000000000e+04
4.384200000000000000e+04
4.335200000000000000e+04
4.333800000000000000e+04
4.181400000000000000e+04
4.221400000000000000e+04
4.175000000000000000e+04
4.122000000000000000e+04
4.115600000000000000e+04
4.075400000000000000e+04
3.982400000000000000e+04
4.022000000000000000e+04
3.940200000000000000e+04
3.892200000000000000e+04
3.860200000000000000e+04
3.860800000000000000e+04
3.767600000000000000e+04
3.775800000000000000e+04
3.729800000000000000e+04
3.707600000000000000e+04
3.665400000000000000e+04
3.645800000000000000e+04
3.623200000000000000e+04
3.591600000000000000e+04
3.569800000000000000e+04
3.505000000000000000e+04
3.441800000000000000e+04
3.430600000000000000e+04
3.389600000000000000e+04
3.387200000000000000e+04
3.303400000000000000e+04
3.263800000000000000e+04
3.279400000000000000e+04
3.241800000000000000e+04
3.159600000000000000e+04
3.194200000000000000e+04
3.173400000000000000e+04
3.134600000000000000e+04
3.069000000000000000e+04
3.089600000000000000e+04
3.015600000000000000e+04
3.035800000000000000e+04
3.033000000000000000e+04
2.973200000000000000e+04
2.947400000000000000e+04
2.945200000000000000e+04
2.906400000000000000e+04
2.854200000000000000e+04
2.842200000000000000e+04
2.801800000000000000e+04
2.835000000000000000e+04
2.804600000000000000e+04
2.776800000000000000e+04
2.753200000000000000e+04
2.724600000000000000e+04
2.706800000000000000e+04
2.628000000000000000e+04
2.699000000000000000e+04
2.635400000000000000e+04
2.616600000000000000e+04
2.558000000000000000e+04
2.570600000000000000e+04
2.554000000000000000e+04
2.563400000000000000e+04
2.524400000000000000e+04
2.481600000000000000e+04
2.474200000000000000e+04
2.434800000000000000e+04
2.470600000000000000e+04
2.381400000000000000e+04
2.430800000000000000e+04
2.387200000000000000e+04
2.362000000000000000e+04
2.321200000000000000e+04
2.323000000000000000e+04
2.352800000000000000e+04
2.299200000000000000e+04
2.277600000000000000e+04
2.274600000000000000e+04
2.230600000000000000e+04
2.208200000000000000e+04
2.226800000000000000e+04
2.160600000000000000e+04
2.166000000000000000e+04
2.123600000000000000e+04
2.164200000000000000e+04
2.157200000000000000e+04
2.106400000000000000e+04
2.104600000000000000e+04
2.090200000000000000e+04
2.080600000000000000e+04
2.080400000000000000e+04
2.040200000000000000e+04
2.030200000000000000e+04
2.008800000000000000e+04
2.014600000000000000e+04
1.962600000000000000e+04
1.998400000000000000e+04
1.966200000000000000e+04
1.975600000000000000e+04
1.892800000000000000e+04
1.888800000000000000e+04
1.921600000000000000e+04
1.871600000000000000e+04
1.909600000000000000e+04
1.876400000000000000e+04
1.917200000000000000e+04
1.870200000000000000e+04
1.823800000000000000e+04
1.848400000000000000e+04
1.817400000000000000e+04
1.748400000000000000e+04
1.742800000000000000e+04
1.806200000000000000e+04
1.780000000000000000e+04
1.729200000000000000e+04
1.721400000000000000e+04
1.731000000000000000e+04
1.706000000000000000e+04
1.683800000000000000e+04
1.704400000000000000e+04
1.670200000000000000e+04
1.637800000000000000e+04
1.636800000000000000e+04
1.631800000000000000e+04
1.633200000000000000e+04
1.632600000000000000e+04
1.608400000000000000e+04
1.586000000000000000e+04
1.585600000000000000e+04
1.583800000000000000e+04
1.567800000000000000e+04
1.569400000000000000e+04
1.544400000000000000e+04
1.549200000000000000e+04
1.535200000000000000e+04
1.551800000000000000e+04
1.520600000000000000e+04
1.530000000000000000e+04
1.491400000000000000e+04
1.489400000000000000e+04
1.506000000000000000e+04
1.513800000000000000e+04
1.456200000000000000e+04
1.452200000000000000e+04
1.455600000000000000e+04
1.465000000000000000e+04
1.455000000000000000e+04
1.429400000000000000e+04
1.423200000000000000e+04
1.427400000000000000e+04
1.410000000000000000e+04
1.411600000000000000e+04
1.399400000000000000e+04
1.396200000000000000e+04
1.376600000000000000e+04
1.335400000000000000e+04
1.354200000000000000e+04
1.358800000000000000e+04
1.338000000000000000e+04
1.332000000000000000e+04
1.327400000000000000e+04
1.285000000000000000e+04
1.284400000000000000e+04
1.296800000000000000e+04
1.279200000000000000e+04
1.293000000000000000e+04
1.286200000000000000e+04
1.267200000000000000e+04
1.262600000000000000e+04
1.233000000000000000e+04
1.255800000000000000e+04
1.231000000000000000e+04
1.233000000000000000e+04
1.262200000000000000e+04
1.233400000000000000e+04
1.197200000000000000e+04
1.207200000000000000e+04
1.187000000000000000e+04
1.219400000000000000e+04
1.181200000000000000e+04
1.192000000000000000e+04
1.156800000000000000e+04
1.158000000000000000e+04
1.143400000000000000e+04
1.155400000000000000e+04
1.161000000000000000e+04
1.134600000000000000e+04
1.130800000000000000e+04
1.124000000000000000e+04
1.152000000000000000e+04
1.098800000000000000e+04
1.104800000000000000e+04
1.126600000000000000e+04
1.100800000000000000e+04
1.111800000000000000e+04
1.096000000000000000e+04
1.098000000000000000e+04
1.115400000000000000e+04
1.073800000000000000e+04
1.070200000000000000e+04
1.063200000000000000e+04
1.046600000000000000e+04
1.067000000000000000e+04
1.050200000000000000e+04
1.035800000000000000e+04
1.019600000000000000e+04
1.031200000000000000e+04
1.018400000000000000e+04
1.012400000000000000e+04
1.019800000000000000e+04
1.006200000000000000e+04
9.990000000000000000e+03
9.726000000000000000e+03
1.009800000000000000e+04
9.632000000000000000e+03
1.003000000000000000e+04
9.934000000000000000e+03
1.003200000000000000e+04
9.854000000000000000e+03
9.690000000000000000e+03
9.528000000000000000e+03
9.498000000000000000e+03
9.526000000000000000e+03
9.420000000000000000e+03
9.574000000000000000e+03
9.472000000000000000e+03
9.464000000000000000e+03
9.130000000000000000e+03
9.186000000000000000e+03
9.286000000000000000e+03
9.026000000000000000e+03
9.202000000000000000e+03
8.974000000000000000e+03
9.020000000000000000e+03
9.208000000000000000e+03
8.960000000000000000e+03
8.778000000000000000e+03
8.784000000000000000e+03
8.946000000000000000e+03
8.856000000000000000e+03
8.626000000000000000e+03
8.816000000000000000e+03
8.614000000000000000e+03
8.534000000000000000e+03
8.618000000000000000e+03
8.620000000000000000e+03
8.394000000000000000e+03
8.478000000000000000e+03
8.218000000000000000e+03
8.458000000000000000e+03
8.608000000000000000e+03
8.156000000000000000e+03
8.414000000000000000e+03
8.296000000000000000e+03
8.036000000000000000e+03
7.962000000000000000e+03
8.518000000000000000e+03
7.950000000000000000e+03
7.832000000000000000e+03
7.930000000000000000e+03
7.898000000000000000e+03
7.994000000000000000e+03
8.042000000000000000e+03
7.874000000000000000e+03
7.438000000000000000e+03
8.112000000000000000e+03
7.834000000000000000e+03
7.878000000000000000e+03
7.636000000000000000e+03
7.364000000000000000e+03
7.598000000000000000e+03
7.532000000000000000e+03
7.750000000000000000e+03
7.518000000000000000e+03
7.648000000000000000e+03
7.592000000000000000e+03
7.498000000000000000e+03
7.474000000000000000e+03
7.310000000000000000e+03
7.542000000000000000e+03
7.502000000000000000e+03
7.256000000000000000e+03
7.402000000000000000e+03
7.316000000000000000e+03
7.088000000000000000e+03
7.072000000000000000e+03
7.330000000000000000e+03
7.188000000000000000e+03
7.048000000000000000e+03
7.294000000000000000e+03
7.110000000000000000e+03
7.056000000000000000e+03
6.962000000000000000e+03
6.754000000000000000e+03
6.994000000000000000e+03
6.936000000000000000e+03
6.870000000000000000e+03
6.896000000000000000e+03
6.684000000000000000e+03
6.802000000000000000e+03
6.836000000000000000e+03
6.828000000000000000e+03
6.766000000000000000e+03
6.894000000000000000e+03
6.666000000000000000e+03
6.484000000000000000e+03
6.454000000000000000e+03
6.502000000000000000e+03
6.550000000000000000e+03
6.572000000000000000e+03
6.682000000000000000e+03
6.214000000000000000e+03
6.270000000000000000e+03
6.384000000000000000e+03
6.432000000000000000e+03
6.140000000000000000e+03
6.304000000000000000e+03
