6.420800000000000000e+04
6.672000000000000000e+04
6.974400000000000000e+04
7.185600000000000000e+04
7.585600000000000000e+04
7.932800000000000000e+04
8.177600000000000000e+04
8.793600000000000000e+04
9.003200000000000000e+04
9.590400000000000000e+04
1.004480000000000000e+05
1.086400000000000000e+05
1.076800000000000000e+05
1.177760000000000000e+05
1.246400000000000000e+05
1.319680000000000000e+05
1.389600000000000000e+05
1.486080000000000000e+05
1.548320000000000000e+05
1.674080000000000000e+05
1.739520000000000000e+05
1.879680000000000000e+05
2.031840000000000000e+05
2.193920000000000000e+05
2.385440000000000000e+05
2.552160000000000000e+05
2.761760000000000000e+05
2.986560000000000000e+05
3.263520000000000000e+05
3.563680000000000000e+05
3.982400000000000000e+05
4.287040000000000000e+05
4.809120000000000000e+05
5.386080000000000000e+05
5.976960000000000000e+05
6.730080000000000000e+05
7.664960000000000000e+05
8.782080000000000000e+05
1.012384000000000000e+06
1.184560000000000000e+06
1.383424000000000000e+06
1.633424000000000000e+06
1.970720000000000000e+06
2.375632000000000000e+06
2.883360000000000000e+06
3.525008000000000000e+06
4.268576000000000000e+06
5.084544000000000000e+06
5.828176000000000000e+06
6.292960000000000000e+06
6.267072000000000000e+06
5.825488000000000000e+06
5.099248000000000000e+06
4.288160000000000000e+06
3.535280000000000000e+06
2.887872000000000000e+06
2.370432000000000000e+06
1.958144000000000000e+06
1.639440000000000000e+06
1.382208000000000000e+06
1.172752000000000000e+06
1.017856000000000000e+06
8.792160000000000000e+05
7.669280000000000000e+05
6.740160000000000000e+05
6.019680000000000000e+05
5.414240000000000000e+05
4.818720000000000000e+05
4.288480000000000000e+05
3.887200000000000000e+05
3.592640000000000000e+05
3.244320000000000000e+05
2.997280000000000000e+05
2.742720000000000000e+05
2.554560000000000000e+05
2.369120000000000000e+05
2.175520000000000000e+05
2.029760000000000000e+05
1.889280000000000000e+05
1.798080000000000000e+05
1.652960000000000000e+05
1.547200000000000000e+05
1.453760000000000000e+05
1.392640000000000000e+05
1.293600000000000000e+05
1.230240000000000000e+05
1.168640000000000000e+05
1.093920000000000000e+05
1.063840000000000000e+05
1.006080000000000000e+05
9.355200000000000000e+04
9.024000000000000000e+04
8.561600000000000000e+04
8.260800000000000000e+04
8.048000000000000000e+04
7.563200000000000000e+04
7.480000000000000000e+04
6.960000000000000000e+04
6.873600000000000000e+04
6.713600000000000000e+04
