6.112000000000000000e+03
5.920000000000000000e+03
5.536000000000000000e+03
5.952000000000000000e+03
7.168000000000000000e+03
6.432000000000000000e+03
6.240000000000000000e+03
6.304000000000000000e+03
6.624000000000000000e+03
6.560000000000000000e+03
6.944000000000000000e+03
6.976000000000000000e+03
5.920000000000000000e+03
5.792000000000000000e+03
6.720000000000000000e+03
6.688000000000000000e+03
6.816000000000000000e+03
5.856000000000000000e+03
6.624000000000000000e+03
7.200000000000000000e+03
7.488000000000000000e+03
7.104000000000000000e+03
6.624000000000000000e+03
6.816000000000000000e+03
7.072000000000000000e+03
6.240000000000000000e+03
7.648000000000000000e+03
7.200000000000000000e+03
6.304000000000000000e+03
6.720000000000000000e+03
7.008000000000000000e+03
7.552000000000000000e+03
7.040000000000000000e+03
7.392000000000000000e+03
7.488000000000000000e+03
6.560000000000000000e+03
6.848000000000000000e+03
7.616000000000000000e+03
7.520000000000000000e+03
7.552000000000000000e+03
6.752000000000000000e+03
7.840000000000000000e+03
7.712000000000000000e+03
7.648000000000000000e+03
6.944000000000000000e+03
8.384000000000000000e+03
7.904000000000000000e+03
7.584000000000000000e+03
7.584000000000000000e+03
7.296000000000000000e+03
7.328000000000000000e+03
7.584000000000000000e+03
7.712000000000000000e+03
8.192000000000000000e+03
8.064000000000000000e+03
7.232000000000000000e+03
7.936000000000000000e+03
8.320000000000000000e+03
7.648000000000000000e+03
8.256000000000000000e+03
8.320000000000000000e+03
7.424000000000000000e+03
8.448000000000000000e+03
9.056000000000000000e+03
8.096000000000000000e+03
8.352000000000000000e+03
7.904000000000000000e+03
8.800000000000000000e+03
8.032000000000000000e+03
9.312000000000000000e+03
8.512000000000000000e+03
8.384000000000000000e+03
8.800000000000000000e+03
8.288000000000000000e+03
7.744000000000000000e+03
7.968000000000000000e+03
8.448000000000000000e+03
8.960000000000000000e+03
8.224000000000000000e+03
9.824000000000000000e+03
8.256000000000000000e+03
8.960000000000000000e+03
9.024000000000000000e+03
9.344000000000000000e+03
9.920000000000000000e+03
8.288000000000000000e+03
9.088000000000000000e+03
9.088000000000000000e+03
9.408000000000000000e+03
9.472000000000000000e+03
9.280000000000000000e+03
9.248000000000000000e+03
9.536000000000000000e+03
1.001600000000000000e+04
9.568000000000000000e+03
9.472000000000000000e+03
1.036800000000000000e+04
9.184000000000000000e+03
8.960000000000000000e+03
8.960000000000000000e+03
1.056000000000000000e+04
9.248000000000000000e+03
1.056000000000000000e+04
1.027200000000000000e+04
1.056000000000000000e+04
1.014400000000000000e+04
9.216000000000000000e+03
9.216000000000000000e+03
1.001600000000000000e+04
9.440000000000000000e+03
1.040000000000000000e+04
9.856000000000000000e+03
1.100800000000000000e+04
9.888000000000000000e+03
1.062400000000000000e+04
1.033600000000000000e+04
1.110400000000000000e+04
1.027200000000000000e+04
9.920000000000000000e+03
1.017600000000000000e+04
1.142400000000000000e+04
1.091200000000000000e+04
1.052800000000000000e+04
9.856000000000000000e+03
1.139200000000000000e+04
1.036800000000000000e+04
1.027200000000000000e+04
1.209600000000000000e+04
1.027200000000000000e+04
1.075200000000000000e+04
1.180800000000000000e+04
1.155200000000000000e+04
1.244800000000000000e+04
1.100800000000000000e+04
1.072000000000000000e+04
1.331200000000000000e+04
1.180800000000000000e+04
1.206400000000000000e+04
1.216000000000000000e+04
1.174400000000000000e+04
1.091200000000000000e+04
1.254400000000000000e+04
1.222400000000000000e+04
1.168000000000000000e+04
1.267200000000000000e+04
1.276800000000000000e+04
1.299200000000000000e+04
1.235200000000000000e+04
1.216000000000000000e+04
1.318400000000000000e+04
1.254400000000000000e+04
1.216000000000000000e+04
1.321600000000000000e+04
1.267200000000000000e+04
1.270400000000000000e+04
1.427200000000000000e+04
1.456000000000000000e+04
1.411200000000000000e+04
1.356800000000000000e+04
1.328000000000000000e+04
1.462400000000000000e+04
1.353600000000000000e+04
1.296000000000000000e+04
1.248000000000000000e+04
1.324800000000000000e+04
1.344000000000000000e+04
1.436800000000000000e+04
1.340800000000000000e+04
1.382400000000000000e+04
1.372800000000000000e+04
1.507200000000000000e+04
1.494400000000000000e+04
1.574400000000000000e+04
1.616000000000000000e+04
1.395200000000000000e+04
1.424000000000000000e+04
1.481600000000000000e+04
1.536000000000000000e+04
1.472000000000000000e+04
1.504000000000000000e+04
1.494400000000000000e+04
1.427200000000000000e+04
1.596800000000000000e+04
1.475200000000000000e+04
1.580800000000000000e+04
1.577600000000000000e+04
1.606400000000000000e+04
1.539200000000000000e+04
1.612800000000000000e+04
1.756800000000000000e+04
1.760000000000000000e+04
1.763200000000000000e+04
1.840000000000000000e+04
1.638400000000000000e+04
1.667200000000000000e+04
1.632000000000000000e+04
1.715200000000000000e+04
1.731200000000000000e+04
1.686400000000000000e+04
1.881600000000000000e+04
1.638400000000000000e+04
1.721600000000000000e+04
1.872000000000000000e+04
1.798400000000000000e+04
1.676800000000000000e+04
1.923200000000000000e+04
1.830400000000000000e+04
1.766400000000000000e+04
1.875200000000000000e+04
1.961600000000000000e+04
1.769600000000000000e+04
1.945600000000000000e+04
1.769600000000000000e+04
1.958400000000000000e+04
1.715200000000000000e+04
1.971200000000000000e+04
2.003200000000000000e+04
1.974400000000000000e+04
1.849600000000000000e+04
1.779200000000000000e+04
1.990400000000000000e+04
1.852800000000000000e+04
2.105600000000000000e+04
1.916800000000000000e+04
2.086400000000000000e+04
2.041600000000000000e+04
2.041600000000000000e+04
2.128000000000000000e+04
2.096000000000000000e+04
2.057600000000000000e+04
2.012800000000000000e+04
2.089600000000000000e+04
2.006400000000000000e+04
2.150400000000000000e+04
2.182400000000000000e+04
2.080000000000000000e+04
2.265600000000000000e+04
2.195200000000000000e+04
2.124800000000000000e+04
2.172800000000000000e+04
2.336000000000000000e+04
2.224000000000000000e+04
2.262400000000000000e+04
2.249600000000000000e+04
2.393600000000000000e+04
2.313600000000000000e+04
2.416000000000000000e+04
2.464000000000000000e+04
2.483200000000000000e+04
2.345600000000000000e+04
2.355200000000000000e+04
2.502400000000000000e+04
2.480000000000000000e+04
2.396800000000000000e+04
2.473600000000000000e+04
2.521600000000000000e+04
2.761600000000000000e+04
2.640000000000000000e+04
2.553600000000000000e+04
2.547200000000000000e+04
2.796800000000000000e+04
2.816000000000000000e+04
2.700800000000000000e+04
2.681600000000000000e+04
2.710400000000000000e+04
2.889600000000000000e+04
2.739200000000000000e+04
2.844800000000000000e+04
2.841600000000000000e+04
2.857600000000000000e+04
2.899200000000000000e+04
2.998400000000000000e+04
2.809600000000000000e+04
3.020800000000000000e+04
3.148800000000000000e+04
3.084800000000000000e+04
3.040000000000000000e+04
3.164800000000000000e+04
3.232000000000000000e+04
3.065600000000000000e+04
3.356800000000000000e+04
3.254400000000000000e+04
3.110400000000000000e+04
3.222400000000000000e+04
3.094400000000000000e+04
3.206400000000000000e+04
3.315200000000000000e+04
3.244800000000000000e+04
3.494400000000000000e+04
3.603200000000000000e+04
3.433600000000000000e+04
3.353600000000000000e+04
3.500800000000000000e+04
3.523200000000000000e+04
3.513600000000000000e+04
3.558400000000000000e+04
3.472000000000000000e+04
3.619200000000000000e+04
3.708800000000000000e+04
3.734400000000000000e+04
3.625600000000000000e+04
3.836800000000000000e+04
3.772800000000000000e+04
3.971200000000000000e+04
3.868800000000000000e+04
3.891200000000000000e+04
4.118400000000000000e+04
4.102400000000000000e+04
3.644800000000000000e+04
4.144000000000000000e+04
4.016000000000000000e+04
4.345600000000000000e+04
4.169600000000000000e+04
4.179200000000000000e+04
4.438400000000000000e+04
4.451200000000000000e+04
4.448000000000000000e+04
4.457600000000000000e+04
4.396800000000000000e+04
4.528000000000000000e+04
4.630400000000000000e+04
4.585600000000000000e+04
4.652800000000000000e+04
4.659200000000000000e+04
4.736000000000000000e+04
4.800000000000000000e+04
4.691200000000000000e+04
5.068800000000000000e+04
5.059200000000000000e+04
4.944000000000000000e+04
5.059200000000000000e+04
5.126400000000000000e+04
5.212800000000000000e+04
5.395200000000000000e+04
5.382400000000000000e+04
5.468800000000000000e+04
5.299200000000000000e+04
5.523200000000000000e+04
5.600000000000000000e+04
5.638400000000000000e+04
5.603200000000000000e+04
5.846400000000000000e+04
5.900800000000000000e+04
5.603200000000000000e+04
5.811200000000000000e+04
5.888000000000000000e+04
6.076800000000000000e+04
6.419200000000000000e+04
5.955200000000000000e+04
6.310400000000000000e+04
6.320000000000000000e+04
6.342400000000000000e+04
6.611200000000000000e+04
6.377600000000000000e+04
6.716800000000000000e+04
6.809600000000000000e+04
6.848000000000000000e+04
7.040000000000000000e+04
7.046400000000000000e+04
7.129600000000000000e+04
7.318400000000000000e+04
7.187200000000000000e+04
7.811200000000000000e+04
7.660800000000000000e+04
7.500800000000000000e+04
7.964800000000000000e+04
7.881600000000000000e+04
7.747200000000000000e+04
7.740800000000000000e+04
8.227200000000000000e+04
8.512000000000000000e+04
8.134400000000000000e+04
8.204800000000000000e+04
8.348800000000000000e+04
8.592000000000000000e+04
8.819200000000000000e+04
8.854400000000000000e+04
9.136000000000000000e+04
9.212800000000000000e+04
9.123200000000000000e+04
9.696000000000000000e+04
9.340800000000000000e+04
9.689600000000000000e+04
9.920000000000000000e+04
9.651200000000000000e+04
1.005760000000000000e+05
1.028480000000000000e+05
1.056320000000000000e+05
1.027520000000000000e+05
1.063360000000000000e+05
1.077760000000000000e+05
1.122880000000000000e+05
1.125760000000000000e+05
1.128640000000000000e+05
1.119680000000000000e+05
1.194880000000000000e+05
1.162880000000000000e+05
1.218880000000000000e+05
1.227200000000000000e+05
1.256000000000000000e+05
1.267840000000000000e+05
1.279040000000000000e+05
1.288640000000000000e+05
1.300800000000000000e+05
1.395840000000000000e+05
1.420160000000000000e+05
1.420480000000000000e+05
1.398080000000000000e+05
1.447040000000000000e+05
1.478400000000000000e+05
1.529920000000000000e+05
1.547520000000000000e+05
1.561920000000000000e+05
1.570560000000000000e+05
1.609920000000000000e+05
1.683520000000000000e+05
1.689600000000000000e+05
1.704000000000000000e+05
1.718400000000000000e+05
1.758400000000000000e+05
1.800320000000000000e+05
1.820160000000000000e+05
1.820800000000000000e+05
1.936960000000000000e+05
1.975360000000000000e+05
1.959360000000000000e+05
2.055360000000000000e+05
2.056960000000000000e+05
2.072960000000000000e+05
2.149440000000000000e+05
2.154240000000000000e+05
2.209600000000000000e+05
2.267200000000000000e+05
2.294080000000000000e+05
2.388480000000000000e+05
2.365440000000000000e+05
2.428480000000000000e+05
2.505280000000000000e+05
2.579520000000000000e+05
2.587520000000000000e+05
2.643520000000000000e+05
2.698560000000000000e+05
2.786880000000000000e+05
2.768640000000000000e+05
2.850560000000000000e+05
2.927680000000000000e+05
3.008640000000000000e+05
3.020480000000000000e+05
3.090240000000000000e+05
3.136320000000000000e+05
3.182720000000000000e+05
3.356160000000000000e+05
3.345920000000000000e+05
3.321920000000000000e+05
3.447360000000000000e+05
3.558080000000000000e+05
3.605760000000000000e+05
3.691520000000000000e+05
3.812160000000000000e+05
3.865600000000000000e+05
3.951360000000000000e+05
3.919040000000000000e+05
4.150080000000000000e+05
4.167360000000000000e+05
4.241920000000000000e+05
4.260160000000000000e+05
4.399360000000000000e+05
4.431360000000000000e+05
4.601920000000000000e+05
4.634560000000000000e+05
4.732480000000000000e+05
4.885120000000000000e+05
4.842880000000000000e+05
4.988800000000000000e+05
5.053440000000000000e+05
5.124800000000000000e+05
5.200320000000000000e+05
5.353280000000000000e+05
5.469440000000000000e+05
5.491840000000000000e+05
5.491840000000000000e+05
5.591360000000000000e+05
5.666240000000000000e+05
5.706880000000000000e+05
5.754560000000000000e+05
5.823360000000000000e+05
6.043200000000000000e+05
6.040960000000000000e+05
6.059200000000000000e+05
6.057920000000000000e+05
6.147840000000000000e+05
6.165440000000000000e+05
6.161600000000000000e+05
6.186240000000000000e+05
6.341120000000000000e+05
6.278080000000000000e+05
6.347520000000000000e+05
6.271040000000000000e+05
6.312960000000000000e+05
6.364800000000000000e+05
6.340160000000000000e+05
6.382400000000000000e+05
6.312320000000000000e+05
6.364800000000000000e+05
6.365760000000000000e+05
6.278080000000000000e+05
6.233920000000000000e+05
6.236160000000000000e+05
6.240960000000000000e+05
6.081600000000000000e+05
6.160000000000000000e+05
6.094400000000000000e+05
6.022080000000000000e+05
5.944640000000000000e+05
5.913600000000000000e+05
5.844800000000000000e+05
5.734720000000000000e+05
5.732800000000000000e+05
5.655040000000000000e+05
5.492480000000000000e+05
5.474880000000000000e+05
5.368000000000000000e+05
5.276800000000000000e+05
5.221120000000000000e+05
5.199360000000000000e+05
5.009920000000000000e+05
4.978560000000000000e+05
4.920960000000000000e+05
4.824640000000000000e+05
4.758080000000000000e+05
4.628160000000000000e+05
4.570880000000000000e+05
4.530560000000000000e+05
4.355840000000000000e+05
4.260480000000000000e+05
4.288640000000000000e+05
4.197760000000000000e+05
4.065280000000000000e+05
4.028800000000000000e+05
3.927040000000000000e+05
3.840960000000000000e+05
3.789120000000000000e+05
3.733760000000000000e+05
3.547840000000000000e+05
3.609600000000000000e+05
3.481920000000000000e+05
3.404800000000000000e+05
3.338560000000000000e+05
3.321280000000000000e+05
3.244800000000000000e+05
3.202560000000000000e+05
3.074560000000000000e+05
2.980800000000000000e+05
2.984320000000000000e+05
2.933760000000000000e+05
2.854720000000000000e+05
2.768960000000000000e+05
2.714240000000000000e+05
2.709120000000000000e+05
2.640320000000000000e+05
2.578880000000000000e+05
2.581440000000000000e+05
2.518400000000000000e+05
2.426880000000000000e+05
2.429120000000000000e+05
2.357440000000000000e+05
2.345600000000000000e+05
2.262720000000000000e+05
2.219840000000000000e+05
2.139200000000000000e+05
2.134400000000000000e+05
2.106240000000000000e+05
2.006080000000000000e+05
2.008320000000000000e+05
2.022400000000000000e+05
1.958400000000000000e+05
1.880000000000000000e+05
1.843200000000000000e+05
1.836800000000000000e+05
1.806400000000000000e+05
1.778560000000000000e+05
1.749440000000000000e+05
1.709120000000000000e+05
1.656960000000000000e+05
1.682560000000000000e+05
1.586560000000000000e+05
1.642880000000000000e+05
1.557760000000000000e+05
1.531200000000000000e+05
1.509440000000000000e+05
1.417600000000000000e+05
1.475520000000000000e+05
1.453120000000000000e+05
1.405440000000000000e+05
1.399680000000000000e+05
1.384960000000000000e+05
1.318720000000000000e+05
1.315200000000000000e+05
1.299200000000000000e+05
1.279680000000000000e+05
1.282880000000000000e+05
1.228800000000000000e+05
1.252480000000000000e+05
1.223360000000000000e+05
1.180800000000000000e+05
1.172480000000000000e+05
1.161600000000000000e+05
1.120320000000000000e+05
1.147200000000000000e+05
1.075520000000000000e+05
1.093760000000000000e+05
1.048640000000000000e+05
1.066880000000000000e+05
1.045760000000000000e+05
1.000000000000000000e+05
9.753600000000000000e+04
9.516800000000000000e+04
9.795200000000000000e+04
9.676800000000000000e+04
9.187200000000000000e+04
9.200000000000000000e+04
9.276800000000000000e+04
9.139200000000000000e+04
8.745600000000000000e+04
9.004800000000000000e+04
8.547200000000000000e+04
9.011200000000000000e+04
8.422400000000000000e+04
8.678400000000000000e+04
8.137600000000000000e+04
8.412800000000000000e+04
8.009600000000000000e+04
8.003200000000000000e+04
7.814400000000000000e+04
7.590400000000000000e+04
7.756800000000000000e+04
7.481600000000000000e+04
7.289600000000000000e+04
7.212800000000000000e+04
7.203200000000000000e+04
6.880000000000000000e+04
6.649600000000000000e+04
7.065600000000000000e+04
6.883200000000000000e+04
6.793600000000000000e+04
6.588800000000000000e+04
6.464000000000000000e+04
6.646400000000000000e+04
6.656000000000000000e+04
6.620800000000000000e+04
6.073600000000000000e+04
6.294400000000000000e+04
6.096000000000000000e+04
6.089600000000000000e+04
6.076800000000000000e+04
6.201600000000000000e+04
5.968000000000000000e+04
5.884800000000000000e+04
5.792000000000000000e+04
6.006400000000000000e+04
5.436800000000000000e+04
5.558400000000000000e+04
5.452800000000000000e+04
5.286400000000000000e+04
5.254400000000000000e+04
5.145600000000000000e+04
5.350400000000000000e+04
5.171200000000000000e+04
5.107200000000000000e+04
5.171200000000000000e+04
5.072000000000000000e+04
5.062400000000000000e+04
4.867200000000000000e+04
4.668800000000000000e+04
4.819200000000000000e+04
4.870400000000000000e+04
4.716800000000000000e+04
4.755200000000000000e+04
4.675200000000000000e+04
4.624000000000000000e+04
4.448000000000000000e+04
4.371200000000000000e+04
4.694400000000000000e+04
4.512000000000000000e+04
4.156800000000000000e+04
4.425600000000000000e+04
4.342400000000000000e+04
4.419200000000000000e+04
4.236800000000000000e+04
4.124800000000000000e+04
4.278400000000000000e+04
4.121600000000000000e+04
3.939200000000000000e+04
3.721600000000000000e+04
4.089600000000000000e+04
3.881600000000000000e+04
3.705600000000000000e+04
3.894400000000000000e+04
3.865600000000000000e+04
3.811200000000000000e+04
3.600000000000000000e+04
3.622400000000000000e+04
3.686400000000000000e+04
3.539200000000000000e+04
3.571200000000000000e+04
3.705600000000000000e+04
3.545600000000000000e+04
3.635200000000000000e+04
3.475200000000000000e+04
3.507200000000000000e+04
3.379200000000000000e+04
3.667200000000000000e+04
3.440000000000000000e+04
3.302400000000000000e+04
3.337600000000000000e+04
3.216000000000000000e+04
3.244800000000000000e+04
3.260800000000000000e+04
3.171200000000000000e+04
3.123200000000000000e+04
3.116800000000000000e+04
3.091200000000000000e+04
2.950400000000000000e+04
3.110400000000000000e+04
2.912000000000000000e+04
3.104000000000000000e+04
2.790400000000000000e+04
3.113600000000000000e+04
2.812800000000000000e+04
2.915200000000000000e+04
2.889600000000000000e+04
2.876800000000000000e+04
2.860800000000000000e+04
2.880000000000000000e+04
2.800000000000000000e+04
2.700800000000000000e+04
2.723200000000000000e+04
2.774400000000000000e+04
2.688000000000000000e+04
2.652800000000000000e+04
2.764800000000000000e+04
2.736000000000000000e+04
2.601600000000000000e+04
2.710400000000000000e+04
2.604800000000000000e+04
2.528000000000000000e+04
2.476800000000000000e+04
2.700800000000000000e+04
2.489600000000000000e+04
2.387200000000000000e+04
2.310400000000000000e+04
2.416000000000000000e+04
2.371200000000000000e+04
2.288000000000000000e+04
2.316800000000000000e+04
2.240000000000000000e+04
2.428800000000000000e+04
2.246400000000000000e+04
2.284800000000000000e+04
2.336000000000000000e+04
2.182400000000000000e+04
2.313600000000000000e+04
2.195200000000000000e+04
2.217600000000000000e+04
2.217600000000000000e+04
2.144000000000000000e+04
2.176000000000000000e+04
2.217600000000000000e+04
2.009600000000000000e+04
2.099200000000000000e+04
2.217600000000000000e+04
2.172800000000000000e+04
2.083200000000000000e+04
2.019200000000000000e+04
2.102400000000000000e+04
1.936000000000000000e+04
2.044800000000000000e+04
1.875200000000000000e+04
1.856000000000000000e+04
1.955200000000000000e+04
2.070400000000000000e+04
2.022400000000000000e+04
1.900800000000000000e+04
1.897600000000000000e+04
1.894400000000000000e+04
1.792000000000000000e+04
1.856000000000000000e+04
1.958400000000000000e+04
1.792000000000000000e+04
1.852800000000000000e+04
1.798400000000000000e+04
1.827200000000000000e+04
1.766400000000000000e+04
1.830400000000000000e+04
1.808000000000000000e+04
1.833600000000000000e+04
1.715200000000000000e+04
1.731200000000000000e+04
1.804800000000000000e+04
1.721600000000000000e+04
1.721600000000000000e+04
1.558400000000000000e+04
1.619200000000000000e+04
1.753600000000000000e+04
1.564800000000000000e+04
1.712000000000000000e+04
1.667200000000000000e+04
1.622400000000000000e+04
1.788800000000000000e+04
1.468800000000000000e+04
1.606400000000000000e+04
1.779200000000000000e+04
1.568000000000000000e+04
1.526400000000000000e+04
1.590400000000000000e+04
1.427200000000000000e+04
1.622400000000000000e+04
1.571200000000000000e+04
1.500800000000000000e+04
1.545600000000000000e+04
1.363200000000000000e+04
1.488000000000000000e+04
1.465600000000000000e+04
1.478400000000000000e+04
1.612800000000000000e+04
1.328000000000000000e+04
1.420800000000000000e+04
1.561600000000000000e+04
1.286400000000000000e+04
1.456000000000000000e+04
1.555200000000000000e+04
1.411200000000000000e+04
1.494400000000000000e+04
1.299200000000000000e+04
1.440000000000000000e+04
1.443200000000000000e+04
1.411200000000000000e+04
1.337600000000000000e+04
1.446400000000000000e+04
1.344000000000000000e+04
1.353600000000000000e+04
1.328000000000000000e+04
1.238400000000000000e+04
1.347200000000000000e+04
1.235200000000000000e+04
1.443200000000000000e+04
1.267200000000000000e+04
1.212800000000000000e+04
1.404800000000000000e+04
1.184000000000000000e+04
1.168000000000000000e+04
1.241600000000000000e+04
1.244800000000000000e+04
1.238400000000000000e+04
1.244800000000000000e+04
1.257600000000000000e+04
1.228800000000000000e+04
1.193600000000000000e+04
1.203200000000000000e+04
1.110400000000000000e+04
1.158400000000000000e+04
1.177600000000000000e+04
1.174400000000000000e+04
1.056000000000000000e+04
1.206400000000000000e+04
1.056000000000000000e+04
1.184000000000000000e+04
1.158400000000000000e+04
1.152000000000000000e+04
1.139200000000000000e+04
1.062400000000000000e+04
1.174400000000000000e+04
1.152000000000000000e+04
1.139200000000000000e+04
1.177600000000000000e+04
1.011200000000000000e+04
1.148800000000000000e+04
1.145600000000000000e+04
1.145600000000000000e+04
1.062400000000000000e+04
9.792000000000000000e+03
1.187200000000000000e+04
1.110400000000000000e+04
1.132800000000000000e+04
1.046400000000000000e+04
9.920000000000000000e+03
9.856000000000000000e+03
1.014400000000000000e+04
9.568000000000000000e+03
1.091200000000000000e+04
1.056000000000000000e+04
1.017600000000000000e+04
1.091200000000000000e+04
9.984000000000000000e+03
9.856000000000000000e+03
9.792000000000000000e+03
9.408000000000000000e+03
1.017600000000000000e+04
1.059200000000000000e+04
9.760000000000000000e+03
9.472000000000000000e+03
1.001600000000000000e+04
9.024000000000000000e+03
9.600000000000000000e+03
9.920000000000000000e+03
9.184000000000000000e+03
7.872000000000000000e+03
9.280000000000000000e+03
9.408000000000000000e+03
8.992000000000000000e+03
8.704000000000000000e+03
9.824000000000000000e+03
8.992000000000000000e+03
8.864000000000000000e+03
8.448000000000000000e+03
9.856000000000000000e+03
8.992000000000000000e+03
8.640000000000000000e+03
8.992000000000000000e+03
8.608000000000000000e+03
8.288000000000000000e+03
8.128000000000000000e+03
8.768000000000000000e+03
7.296000000000000000e+03
9.024000000000000000e+03
7.840000000000000000e+03
8.896000000000000000e+03
9.216000000000000000e+03
8.416000000000000000e+03
8.224000000000000000e+03
8.672000000000000000e+03
7.936000000000000000e+03
8.352000000000000000e+03
8.736000000000000000e+03
8.320000000000000000e+03
9.536000000000000000e+03
8.352000000000000000e+03
8.448000000000000000e+03
7.744000000000000000e+03
8.032000000000000000e+03
8.160000000000000000e+03
7.296000000000000000e+03
7.488000000000000000e+03
7.552000000000000000e+03
7.776000000000000000e+03
7.264000000000000000e+03
7.712000000000000000e+03
7.424000000000000000e+03
8.256000000000000000e+03
7.872000000000000000e+03
8.288000000000000000e+03
7.808000000000000000e+03
7.616000000000000000e+03
7.712000000000000000e+03
8.448000000000000000e+03
8.544000000000000000e+03
8.192000000000000000e+03
7.168000000000000000e+03
6.784000000000000000e+03
6.432000000000000000e+03
6.304000000000000000e+03
7.776000000000000000e+03
7.552000000000000000e+03
7.008000000000000000e+03
7.680000000000000000e+03
7.168000000000000000e+03
7.360000000000000000e+03
7.328000000000000000e+03
7.360000000000000000e+03
6.848000000000000000e+03
6.656000000000000000e+03
7.040000000000000000e+03
6.880000000000000000e+03
6.912000000000000000e+03
6.880000000000000000e+03
6.624000000000000000e+03
6.720000000000000000e+03
6.720000000000000000e+03
7.712000000000000000e+03
7.040000000000000000e+03
6.880000000000000000e+03
6.720000000000000000e+03
6.016000000000000000e+03
6.880000000000000000e+03
5.952000000000000000e+03
7.168000000000000000e+03
7.040000000000000000e+03
7.072000000000000000e+03
6.304000000000000000e+03
6.240000000000000000e+03
6.144000000000000000e+03
6.784000000000000000e+03
6.432000000000000000e+03
6.560000000000000000e+03
6.560000000000000000e+03
6.880000000000000000e+03
6.400000000000000000e+03
5.952000000000000000e+03
6.368000000000000000e+03
6.016000000000000000e+03
