6.192000000000000000e+03
6.472000000000000000e+03
6.412000000000000000e+03
6.456000000000000000e+03
6.488000000000000000e+03
6.420000000000000000e+03
6.668000000000000000e+03
6.308000000000000000e+03
6.576000000000000000e+03
6.996000000000000000e+03
6.508000000000000000e+03
6.492000000000000000e+03
6.548000000000000000e+03
6.696000000000000000e+03
6.776000000000000000e+03
6.752000000000000000e+03
6.784000000000000000e+03
6.592000000000000000e+03
6.672000000000000000e+03
6.756000000000000000e+03
6.856000000000000000e+03
6.896000000000000000e+03
6.856000000000000000e+03
6.864000000000000000e+03
6.988000000000000000e+03
7.220000000000000000e+03
6.948000000000000000e+03
7.220000000000000000e+03
6.948000000000000000e+03
7.036000000000000000e+03
6.888000000000000000e+03
7.072000000000000000e+03
7.256000000000000000e+03
7.144000000000000000e+03
7.684000000000000000e+03
7.296000000000000000e+03
7.668000000000000000e+03
7.412000000000000000e+03
7.048000000000000000e+03
7.484000000000000000e+03
7.360000000000000000e+03
7.348000000000000000e+03
7.376000000000000000e+03
7.464000000000000000e+03
7.644000000000000000e+03
7.516000000000000000e+03
7.732000000000000000e+03
7.444000000000000000e+03
7.700000000000000000e+03
7.344000000000000000e+03
7.992000000000000000e+03
7.964000000000000000e+03
7.772000000000000000e+03
7.896000000000000000e+03
7.872000000000000000e+03
7.868000000000000000e+03
8.224000000000000000e+03
8.480000000000000000e+03
8.144000000000000000e+03
8.348000000000000000e+03
8.208000000000000000e+03
8.404000000000000000e+03
8.076000000000000000e+03
8.080000000000000000e+03
8.504000000000000000e+03
8.012000000000000000e+03
8.252000000000000000e+03
8.308000000000000000e+03
8.420000000000000000e+03
8.588000000000000000e+03
8.532000000000000000e+03
8.412000000000000000e+03
8.688000000000000000e+03
8.348000000000000000e+03
8.596000000000000000e+03
8.580000000000000000e+03
8.636000000000000000e+03
8.460000000000000000e+03
8.740000000000000000e+03
9.104000000000000000e+03
9.104000000000000000e+03
9.048000000000000000e+03
8.788000000000000000e+03
8.980000000000000000e+03
9.000000000000000000e+03
9.200000000000000000e+03
9.148000000000000000e+03
9.252000000000000000e+03
9.492000000000000000e+03
8.996000000000000000e+03
9.488000000000000000e+03
9.440000000000000000e+03
9.360000000000000000e+03
9.480000000000000000e+03
9.616000000000000000e+03
9.444000000000000000e+03
9.856000000000000000e+03
9.848000000000000000e+03
9.584000000000000000e+03
1.009600000000000000e+04
9.904000000000000000e+03
1.002400000000000000e+04
9.648000000000000000e+03
9.840000000000000000e+03
1.022400000000000000e+04
9.460000000000000000e+03
1.026800000000000000e+04
1.016000000000000000e+04
1.013600000000000000e+04
1.034000000000000000e+04
1.013200000000000000e+04
1.057200000000000000e+04
1.028800000000000000e+04
1.036800000000000000e+04
1.034400000000000000e+04
1.060800000000000000e+04
1.059600000000000000e+04
1.064400000000000000e+04
1.094800000000000000e+04
1.101200000000000000e+04
1.075200000000000000e+04
1.107200000000000000e+04
1.066800000000000000e+04
1.083600000000000000e+04
1.094800000000000000e+04
1.092800000000000000e+04
1.123200000000000000e+04
1.098000000000000000e+04
1.155200000000000000e+04
1.100800000000000000e+04
1.130800000000000000e+04
1.161200000000000000e+04
1.143200000000000000e+04
1.146400000000000000e+04
1.147200000000000000e+04
1.170000000000000000e+04
1.186800000000000000e+04
1.226000000000000000e+04
1.227600000000000000e+04
1.239200000000000000e+04
1.255200000000000000e+04
1.225200000000000000e+04
1.234000000000000000e+04
1.228800000000000000e+04
1.256800000000000000e+04
1.274000000000000000e+04
1.250400000000000000e+04
1.282800000000000000e+04
1.268000000000000000e+04
1.285200000000000000e+04
1.266400000000000000e+04
1.243600000000000000e+04
1.284400000000000000e+04
1.316400000000000000e+04
1.328000000000000000e+04
1.368800000000000000e+04
1.327200000000000000e+04
1.344000000000000000e+04
1.312400000000000000e+04
1.358800000000000000e+04
1.352000000000000000e+04
1.399200000000000000e+04
1.365200000000000000e+04
1.378400000000000000e+04
1.368800000000000000e+04
1.396400000000000000e+04
1.409600000000000000e+04
1.414800000000000000e+04
1.384800000000000000e+04
1.391600000000000000e+04
1.396000000000000000e+04
1.459200000000000000e+04
1.466000000000000000e+04
1.456400000000000000e+04
1.480400000000000000e+04
1.436800000000000000e+04
1.487600000000000000e+04
1.524800000000000000e+04
1.504000000000000000e+04
1.501200000000000000e+04
1.503600000000000000e+04
1.534000000000000000e+04
1.523600000000000000e+04
1.572000000000000000e+04
1.506800000000000000e+04
1.567600000000000000e+04
1.582800000000000000e+04
1.576000000000000000e+04
1.583200000000000000e+04
1.650800000000000000e+04
1.654000000000000000e+04
1.640400000000000000e+04
1.668800000000000000e+04
1.691600000000000000e+04
1.619600000000000000e+04
1.660800000000000000e+04
1.720400000000000000e+04
1.715200000000000000e+04
1.710400000000000000e+04
1.770400000000000000e+04
1.732400000000000000e+04
1.752400000000000000e+04
1.730800000000000000e+04
1.738800000000000000e+04
1.702000000000000000e+04
1.823200000000000000e+04
1.828000000000000000e+04
1.834000000000000000e+04
1.908000000000000000e+04
1.801600000000000000e+04
1.879600000000000000e+04
1.814800000000000000e+04
1.832000000000000000e+04
1.865600000000000000e+04
1.904400000000000000e+04
1.892000000000000000e+04
1.938000000000000000e+04
1.878400000000000000e+04
1.944400000000000000e+04
2.017600000000000000e+04
1.992800000000000000e+04
1.988000000000000000e+04
1.983600000000000000e+04
2.030000000000000000e+04
2.041600000000000000e+04
2.066400000000000000e+04
2.033200000000000000e+04
2.096000000000000000e+04
2.052800000000000000e+04
2.102400000000000000e+04
2.089600000000000000e+04
2.150400000000000000e+04
2.217200000000000000e+04
2.111200000000000000e+04
2.190400000000000000e+04
2.157200000000000000e+04
2.237600000000000000e+04
2.233200000000000000e+04
2.191200000000000000e+04
2.194800000000000000e+04
2.293200000000000000e+04
2.265600000000000000e+04
2.293600000000000000e+04
2.294400000000000000e+04
2.295200000000000000e+04
2.318000000000000000e+04
2.398800000000000000e+04
2.371600000000000000e+04
2.422000000000000000e+04
2.453600000000000000e+04
2.399600000000000000e+04
2.464400000000000000e+04
2.481600000000000000e+04
2.476800000000000000e+04
2.530800000000000000e+04
2.565200000000000000e+04
2.546000000000000000e+04
2.555200000000000000e+04
2.548000000000000000e+04
2.675600000000000000e+04
2.686400000000000000e+04
2.710800000000000000e+04
2.665600000000000000e+04
2.776400000000000000e+04
2.746000000000000000e+04
2.808400000000000000e+04
2.812000000000000000e+04
2.830000000000000000e+04
2.771600000000000000e+04
2.849600000000000000e+04
2.846800000000000000e+04
2.899600000000000000e+04
2.896800000000000000e+04
2.975200000000000000e+04
3.011600000000000000e+04
3.010800000000000000e+04
3.001600000000000000e+04
3.010400000000000000e+04
3.084400000000000000e+04
3.201600000000000000e+04
3.144400000000000000e+04
3.142400000000000000e+04
3.155600000000000000e+04
3.178400000000000000e+04
3.282000000000000000e+04
3.324800000000000000e+04
3.305600000000000000e+04
3.352800000000000000e+04
3.368400000000000000e+04
3.380000000000000000e+04
3.407200000000000000e+04
3.438800000000000000e+04
3.508000000000000000e+04
3.442400000000000000e+04
3.539600000000000000e+04
3.561600000000000000e+04
3.612400000000000000e+04
3.708000000000000000e+04
3.666400000000000000e+04
3.773600000000000000e+04
3.795200000000000000e+04
3.790000000000000000e+04
3.726400000000000000e+04
3.831600000000000000e+04
3.880400000000000000e+04
3.943600000000000000e+04
4.030000000000000000e+04
4.068800000000000000e+04
4.094000000000000000e+04
4.072400000000000000e+04
4.086000000000000000e+04
4.225200000000000000e+04
4.260000000000000000e+04
4.291200000000000000e+04
4.301200000000000000e+04
4.339200000000000000e+04
4.442400000000000000e+04
4.414800000000000000e+04
4.550000000000000000e+04
4.557200000000000000e+04
4.535600000000000000e+04
4.603200000000000000e+04
4.679200000000000000e+04
4.687200000000000000e+04
4.730000000000000000e+04
4.913600000000000000e+04
4.868800000000000000e+04
4.961200000000000000e+04
5.006400000000000000e+04
5.030000000000000000e+04
5.059200000000000000e+04
5.106800000000000000e+04
5.244400000000000000e+04
5.226800000000000000e+04
5.306400000000000000e+04
5.414000000000000000e+04
5.441600000000000000e+04
5.558400000000000000e+04
5.579600000000000000e+04
5.560000000000000000e+04
5.677200000000000000e+04
5.798400000000000000e+04
5.844000000000000000e+04
5.858800000000000000e+04
5.910000000000000000e+04
6.050800000000000000e+04
6.158400000000000000e+04
6.232000000000000000e+04
6.200800000000000000e+04
6.388400000000000000e+04
6.359600000000000000e+04
6.422400000000000000e+04
6.555200000000000000e+04
6.627200000000000000e+04
6.684000000000000000e+04
6.763200000000000000e+04
6.850400000000000000e+04
6.949200000000000000e+04
7.034400000000000000e+04
7.230800000000000000e+04
7.270000000000000000e+04
7.388800000000000000e+04
7.530000000000000000e+04
7.516800000000000000e+04
7.585600000000000000e+04
7.734400000000000000e+04
7.851600000000000000e+04
7.927600000000000000e+04
8.091200000000000000e+04
8.192400000000000000e+04
8.265200000000000000e+04
8.272400000000000000e+04
8.511200000000000000e+04
8.637600000000000000e+04
8.826400000000000000e+04
8.821200000000000000e+04
8.877600000000000000e+04
9.134800000000000000e+04
9.292800000000000000e+04
9.322800000000000000e+04
9.432000000000000000e+04
9.648000000000000000e+04
9.794400000000000000e+04
9.822400000000000000e+04
1.009840000000000000e+05
1.022200000000000000e+05
1.045000000000000000e+05
1.054880000000000000e+05
1.077440000000000000e+05
1.077200000000000000e+05
1.105480000000000000e+05
1.107680000000000000e+05
1.136400000000000000e+05
1.153360000000000000e+05
1.162720000000000000e+05
1.184880000000000000e+05
1.199040000000000000e+05
1.225000000000000000e+05
1.236560000000000000e+05
1.277000000000000000e+05
1.289480000000000000e+05
1.319280000000000000e+05
1.325640000000000000e+05
1.349360000000000000e+05
1.377880000000000000e+05
1.400960000000000000e+05
1.408440000000000000e+05
1.435200000000000000e+05
1.465320000000000000e+05
1.482200000000000000e+05
1.509640000000000000e+05
1.535000000000000000e+05
1.571760000000000000e+05
1.590920000000000000e+05
1.622520000000000000e+05
1.651440000000000000e+05
1.681600000000000000e+05
1.714920000000000000e+05
1.748920000000000000e+05
1.755920000000000000e+05
1.800120000000000000e+05
1.855920000000000000e+05
1.869320000000000000e+05
1.905760000000000000e+05
1.927680000000000000e+05
1.971560000000000000e+05
2.003120000000000000e+05
2.045280000000000000e+05
2.075400000000000000e+05
2.125200000000000000e+05
2.168600000000000000e+05
2.214600000000000000e+05
2.241960000000000000e+05
2.294360000000000000e+05
2.352880000000000000e+05
2.374760000000000000e+05
2.450120000000000000e+05
2.493600000000000000e+05
2.525120000000000000e+05
2.575600000000000000e+05
2.649560000000000000e+05
2.673600000000000000e+05
2.733040000000000000e+05
2.792040000000000000e+05
2.871920000000000000e+05
2.922200000000000000e+05
2.971160000000000000e+05
3.026200000000000000e+05
3.089720000000000000e+05
3.172640000000000000e+05
3.210480000000000000e+05
3.284480000000000000e+05
3.329480000000000000e+05
3.401280000000000000e+05
3.486120000000000000e+05
3.536240000000000000e+05
3.643680000000000000e+05
3.671320000000000000e+05
3.806240000000000000e+05
3.837120000000000000e+05
3.889480000000000000e+05
4.015240000000000000e+05
4.058720000000000000e+05
4.158040000000000000e+05
4.227840000000000000e+05
4.328840000000000000e+05
4.397480000000000000e+05
4.501160000000000000e+05
4.578240000000000000e+05
4.634920000000000000e+05
4.751520000000000000e+05
4.808000000000000000e+05
4.880600000000000000e+05
4.992720000000000000e+05
5.054160000000000000e+05
5.101320000000000000e+05
5.207640000000000000e+05
5.311320000000000000e+05
5.386480000000000000e+05
5.452200000000000000e+05
5.506320000000000000e+05
5.587080000000000000e+05
5.675760000000000000e+05
5.707840000000000000e+05
5.786880000000000000e+05
5.882360000000000000e+05
5.927480000000000000e+05
5.991160000000000000e+05
6.069080000000000000e+05
6.120320000000000000e+05
6.148400000000000000e+05
6.182920000000000000e+05
6.202920000000000000e+05
6.268680000000000000e+05
6.268480000000000000e+05
6.351560000000000000e+05
6.321000000000000000e+05
6.324160000000000000e+05
6.345840000000000000e+05
6.382920000000000000e+05
6.363960000000000000e+05
6.360800000000000000e+05
6.339160000000000000e+05
6.352840000000000000e+05
6.306520000000000000e+05
6.303320000000000000e+05
6.272000000000000000e+05
6.217520000000000000e+05
6.178320000000000000e+05
6.139200000000000000e+05
6.112920000000000000e+05
6.078400000000000000e+05
5.992080000000000000e+05
5.913520000000000000e+05
5.867320000000000000e+05
5.814880000000000000e+05
5.752480000000000000e+05
5.667600000000000000e+05
5.592160000000000000e+05
5.538200000000000000e+05
5.439360000000000000e+05
5.371560000000000000e+05
5.304680000000000000e+05
5.230120000000000000e+05
5.167080000000000000e+05
5.070800000000000000e+05
4.971440000000000000e+05
4.889720000000000000e+05
4.794920000000000000e+05
4.739360000000000000e+05
4.613280000000000000e+05
4.564720000000000000e+05
4.460760000000000000e+05
4.409680000000000000e+05
4.311480000000000000e+05
4.240280000000000000e+05
4.149080000000000000e+05
4.094920000000000000e+05
3.988360000000000000e+05
3.911920000000000000e+05
3.864920000000000000e+05
3.765160000000000000e+05
3.689720000000000000e+05
3.620320000000000000e+05
3.552960000000000000e+05
3.468560000000000000e+05
3.406440000000000000e+05
3.359320000000000000e+05
3.297320000000000000e+05
3.205120000000000000e+05
3.161520000000000000e+05
3.078040000000000000e+05
3.022680000000000000e+05
2.970640000000000000e+05
2.909760000000000000e+05
2.851080000000000000e+05
2.813760000000000000e+05
2.737840000000000000e+05
2.679640000000000000e+05
2.638560000000000000e+05
2.560240000000000000e+05
2.510720000000000000e+05
2.486640000000000000e+05
2.441000000000000000e+05
2.386520000000000000e+05
2.334960000000000000e+05
2.314440000000000000e+05
2.268200000000000000e+05
2.211160000000000000e+05
2.171480000000000000e+05
2.127160000000000000e+05
2.098040000000000000e+05
2.058560000000000000e+05
2.015560000000000000e+05
1.960600000000000000e+05
1.944640000000000000e+05
1.896880000000000000e+05
1.881840000000000000e+05
1.835120000000000000e+05
1.809360000000000000e+05
1.766720000000000000e+05
1.748400000000000000e+05
1.716120000000000000e+05
1.671280000000000000e+05
1.641120000000000000e+05
1.619920000000000000e+05
1.579800000000000000e+05
1.575960000000000000e+05
1.548360000000000000e+05
1.517960000000000000e+05
1.502800000000000000e+05
1.458600000000000000e+05
1.437600000000000000e+05
1.412840000000000000e+05
1.401080000000000000e+05
1.372880000000000000e+05
1.360160000000000000e+05
1.317240000000000000e+05
1.309880000000000000e+05
1.269880000000000000e+05
1.262320000000000000e+05
1.228000000000000000e+05
1.218080000000000000e+05
1.201440000000000000e+05
1.191520000000000000e+05
1.162680000000000000e+05
1.147800000000000000e+05
1.122080000000000000e+05
1.118640000000000000e+05
1.099720000000000000e+05
1.081720000000000000e+05
1.061720000000000000e+05
1.044040000000000000e+05
1.042760000000000000e+05
1.022280000000000000e+05
1.003000000000000000e+05
9.879200000000000000e+04
9.915600000000000000e+04
9.671200000000000000e+04
9.552800000000000000e+04
9.326400000000000000e+04
9.082400000000000000e+04
9.189600000000000000e+04
8.833200000000000000e+04
8.844800000000000000e+04
8.716000000000000000e+04
8.592000000000000000e+04
8.480000000000000000e+04
8.376000000000000000e+04
8.242800000000000000e+04
8.148000000000000000e+04
8.048000000000000000e+04
7.941600000000000000e+04
7.866800000000000000e+04
7.786000000000000000e+04
7.631200000000000000e+04
7.455600000000000000e+04
7.459200000000000000e+04
7.363600000000000000e+04
7.155200000000000000e+04
7.217200000000000000e+04
7.034000000000000000e+04
6.974400000000000000e+04
6.896000000000000000e+04
6.841600000000000000e+04
6.760000000000000000e+04
6.665200000000000000e+04
6.622800000000000000e+04
6.503600000000000000e+04
6.352000000000000000e+04
6.251200000000000000e+04
6.254800000000000000e+04
6.178800000000000000e+04
6.148000000000000000e+04
6.038000000000000000e+04
5.883600000000000000e+04
5.830400000000000000e+04
5.723200000000000000e+04
5.750400000000000000e+04
5.722800000000000000e+04
5.629200000000000000e+04
5.622000000000000000e+04
5.552800000000000000e+04
5.422000000000000000e+04
5.306000000000000000e+04
5.319200000000000000e+04
5.226000000000000000e+04
5.239200000000000000e+04
5.074400000000000000e+04
5.045600000000000000e+04
5.103200000000000000e+04
4.895200000000000000e+04
4.973200000000000000e+04
4.920000000000000000e+04
4.912000000000000000e+04
4.766800000000000000e+04
4.722000000000000000e+04
4.665600000000000000e+04
4.674400000000000000e+04
4.598000000000000000e+04
4.493600000000000000e+04
4.418400000000000000e+04
4.434000000000000000e+04
4.380800000000000000e+04
4.382000000000000000e+04
4.347600000000000000e+04
4.206400000000000000e+04
4.230000000000000000e+04
4.189200000000000000e+04
4.116000000000000000e+04
4.123200000000000000e+04
4.126000000000000000e+04
4.039200000000000000e+04
4.003600000000000000e+04
3.943200000000000000e+04
3.892800000000000000e+04
3.859600000000000000e+04
3.850400000000000000e+04
3.873200000000000000e+04
3.832000000000000000e+04
3.732400000000000000e+04
3.663200000000000000e+04
3.687600000000000000e+04
3.695200000000000000e+04
3.606000000000000000e+04
3.523200000000000000e+04
3.530800000000000000e+04
3.471600000000000000e+04
3.472800000000000000e+04
3.417600000000000000e+04
3.397200000000000000e+04
3.435200000000000000e+04
3.412000000000000000e+04
3.308400000000000000e+04
3.282000000000000000e+04
3.255600000000000000e+04
3.221200000000000000e+04
3.208000000000000000e+04
3.154800000000000000e+04
3.162000000000000000e+04
3.133600000000000000e+04
3.067600000000000000e+04
3.101200000000000000e+04
2.997200000000000000e+04
3.022400000000000000e+04
2.992000000000000000e+04
2.913600000000000000e+04
2.961600000000000000e+04
2.912400000000000000e+04
2.884800000000000000e+04
2.805200000000000000e+04
2.860000000000000000e+04
2.804800000000000000e+04
2.768000000000000000e+04
2.736400000000000000e+04
2.679200000000000000e+04
2.739200000000000000e+04
2.642400000000000000e+04
2.664000000000000000e+04
2.602800000000000000e+04
2.574800000000000000e+04
2.553200000000000000e+04
2.604400000000000000e+04
2.544800000000000000e+04
2.584400000000000000e+04
2.576000000000000000e+04
2.536000000000000000e+04
2.494000000000000000e+04
2.470400000000000000e+04
2.438800000000000000e+04
2.436000000000000000e+04
2.435600000000000000e+04
2.410000000000000000e+04
2.419200000000000000e+04
2.365600000000000000e+04
2.373600000000000000e+04
2.290400000000000000e+04
2.282000000000000000e+04
2.356000000000000000e+04
2.216000000000000000e+04
2.228400000000000000e+04
2.201600000000000000e+04
2.183200000000000000e+04
2.234000000000000000e+04
2.180000000000000000e+04
2.133600000000000000e+04
2.180400000000000000e+04
2.138400000000000000e+04
2.150400000000000000e+04
2.136000000000000000e+04
2.047600000000000000e+04
2.052000000000000000e+04
2.093200000000000000e+04
2.057600000000000000e+04
2.042400000000000000e+04
2.031600000000000000e+04
1.953200000000000000e+04
2.028400000000000000e+04
1.967600000000000000e+04
2.010800000000000000e+04
1.952800000000000000e+04
1.942000000000000000e+04
1.910800000000000000e+04
1.937600000000000000e+04
1.952800000000000000e+04
1.867200000000000000e+04
1.890800000000000000e+04
1.848800000000000000e+04
1.821600000000000000e+04
1.859200000000000000e+04
1.829600000000000000e+04
1.825200000000000000e+04
1.833600000000000000e+04
1.803200000000000000e+04
1.803200000000000000e+04
1.740400000000000000e+04
1.771200000000000000e+04
1.789200000000000000e+04
1.724000000000000000e+04
1.750400000000000000e+04
1.750400000000000000e+04
1.706400000000000000e+04
1.673200000000000000e+04
1.708000000000000000e+04
1.711600000000000000e+04
1.663200000000000000e+04
1.653600000000000000e+04
1.588400000000000000e+04
1.658000000000000000e+04
1.609600000000000000e+04
1.585200000000000000e+04
1.632000000000000000e+04
1.534000000000000000e+04
1.582800000000000000e+04
1.565600000000000000e+04
1.536400000000000000e+04
1.570000000000000000e+04
1.537200000000000000e+04
1.560800000000000000e+04
1.485200000000000000e+04
1.494400000000000000e+04
1.540000000000000000e+04
1.528800000000000000e+04
1.497600000000000000e+04
1.458000000000000000e+04
1.449200000000000000e+04
1.454400000000000000e+04
1.463600000000000000e+04
1.403200000000000000e+04
1.432800000000000000e+04
1.408000000000000000e+04
1.400800000000000000e+04
1.392000000000000000e+04
1.419600000000000000e+04
1.399200000000000000e+04
1.340400000000000000e+04
1.372000000000000000e+04
1.383200000000000000e+04
1.339600000000000000e+04
1.342800000000000000e+04
1.370800000000000000e+04
1.325200000000000000e+04
1.359600000000000000e+04
1.323600000000000000e+04
1.336000000000000000e+04
1.278000000000000000e+04
1.326400000000000000e+04
1.302400000000000000e+04
1.291600000000000000e+04
1.251200000000000000e+04
1.292800000000000000e+04
1.287200000000000000e+04
1.264800000000000000e+04
1.231600000000000000e+04
1.235600000000000000e+04
1.224000000000000000e+04
1.215200000000000000e+04
1.250400000000000000e+04
1.216400000000000000e+04
1.224000000000000000e+04
1.204800000000000000e+04
1.180800000000000000e+04
1.198000000000000000e+04
1.168400000000000000e+04
1.208800000000000000e+04
1.121200000000000000e+04
1.152800000000000000e+04
1.169600000000000000e+04
1.142400000000000000e+04
1.114400000000000000e+04
1.120800000000000000e+04
1.115600000000000000e+04
1.112800000000000000e+04
1.111600000000000000e+04
1.111600000000000000e+04
1.102000000000000000e+04
1.077600000000000000e+04
1.110800000000000000e+04
1.091600000000000000e+04
1.053200000000000000e+04
1.086400000000000000e+04
1.068400000000000000e+04
1.098000000000000000e+04
1.077600000000000000e+04
1.028000000000000000e+04
1.028400000000000000e+04
1.084400000000000000e+04
1.042400000000000000e+04
1.025600000000000000e+04
1.009600000000000000e+04
1.016000000000000000e+04
1.043600000000000000e+04
1.008000000000000000e+04
9.924000000000000000e+03
1.020400000000000000e+04
9.632000000000000000e+03
1.006400000000000000e+04
9.728000000000000000e+03
9.836000000000000000e+03
9.740000000000000000e+03
9.860000000000000000e+03
9.612000000000000000e+03
9.508000000000000000e+03
9.596000000000000000e+03
9.748000000000000000e+03
9.768000000000000000e+03
9.660000000000000000e+03
9.648000000000000000e+03
9.604000000000000000e+03
9.512000000000000000e+03
9.248000000000000000e+03
9.144000000000000000e+03
9.112000000000000000e+03
9.376000000000000000e+03
9.232000000000000000e+03
9.100000000000000000e+03
9.092000000000000000e+03
9.076000000000000000e+03
9.072000000000000000e+03
8.952000000000000000e+03
9.080000000000000000e+03
8.720000000000000000e+03
8.456000000000000000e+03
8.560000000000000000e+03
8.784000000000000000e+03
8.688000000000000000e+03
8.740000000000000000e+03
8.624000000000000000e+03
8.684000000000000000e+03
8.556000000000000000e+03
8.652000000000000000e+03
8.600000000000000000e+03
8.328000000000000000e+03
8.620000000000000000e+03
8.212000000000000000e+03
8.484000000000000000e+03
8.096000000000000000e+03
8.024000000000000000e+03
8.152000000000000000e+03
8.316000000000000000e+03
7.972000000000000000e+03
8.316000000000000000e+03
7.896000000000000000e+03
7.844000000000000000e+03
8.016000000000000000e+03
8.156000000000000000e+03
7.768000000000000000e+03
7.940000000000000000e+03
7.964000000000000000e+03
7.780000000000000000e+03
7.816000000000000000e+03
7.564000000000000000e+03
7.616000000000000000e+03
7.824000000000000000e+03
7.544000000000000000e+03
7.648000000000000000e+03
7.848000000000000000e+03
7.528000000000000000e+03
7.540000000000000000e+03
7.496000000000000000e+03
7.660000000000000000e+03
7.292000000000000000e+03
7.312000000000000000e+03
7.304000000000000000e+03
7.424000000000000000e+03
7.560000000000000000e+03
7.316000000000000000e+03
7.068000000000000000e+03
7.004000000000000000e+03
7.176000000000000000e+03
7.060000000000000000e+03
7.264000000000000000e+03
7.536000000000000000e+03
6.884000000000000000e+03
6.976000000000000000e+03
7.040000000000000000e+03
6.716000000000000000e+03
6.812000000000000000e+03
6.920000000000000000e+03
6.976000000000000000e+03
7.020000000000000000e+03
6.560000000000000000e+03
6.984000000000000000e+03
6.728000000000000000e+03
6.580000000000000000e+03
6.772000000000000000e+03
6.288000000000000000e+03
7.076000000000000000e+03
6.780000000000000000e+03
6.480000000000000000e+03
6.600000000000000000e+03
6.480000000000000000e+03
6.596000000000000000e+03
6.280000000000000000e+03
6.276000000000000000e+03
6.524000000000000000e+03
6.592000000000000000e+03
6.400000000000000000e+03
6.576000000000000000e+03
6.336000000000000000e+03
