7.232000000000000000e+03
6.336000000000000000e+03
6.592000000000000000e+03
7.616000000000000000e+03
6.144000000000000000e+03
6.400000000000000000e+03
6.912000000000000000e+03
6.336000000000000000e+03
7.552000000000000000e+03
6.144000000000000000e+03
6.976000000000000000e+03
6.208000000000000000e+03
6.528000000000000000e+03
6.592000000000000000e+03
6.464000000000000000e+03
6.016000000000000000e+03
5.568000000000000000e+03
6.208000000000000000e+03
7.680000000000000000e+03
5.952000000000000000e+03
7.040000000000000000e+03
8.576000000000000000e+03
6.912000000000000000e+03
6.784000000000000000e+03
6.144000000000000000e+03
6.656000000000000000e+03
6.272000000000000000e+03
6.208000000000000000e+03
7.488000000000000000e+03
7.040000000000000000e+03
7.232000000000000000e+03
5.632000000000000000e+03
7.424000000000000000e+03
8.192000000000000000e+03
7.552000000000000000e+03
7.744000000000000000e+03
6.848000000000000000e+03
6.592000000000000000e+03
7.296000000000000000e+03
6.912000000000000000e+03
6.976000000000000000e+03
8.896000000000000000e+03
8.384000000000000000e+03
8.384000000000000000e+03
8.384000000000000000e+03
6.784000000000000000e+03
7.104000000000000000e+03
7.168000000000000000e+03
6.080000000000000000e+03
8.576000000000000000e+03
8.640000000000000000e+03
6.784000000000000000e+03
7.616000000000000000e+03
7.808000000000000000e+03
9.024000000000000000e+03
7.936000000000000000e+03
8.896000000000000000e+03
7.104000000000000000e+03
9.024000000000000000e+03
8.832000000000000000e+03
8.704000000000000000e+03
8.192000000000000000e+03
8.128000000000000000e+03
7.040000000000000000e+03
8.320000000000000000e+03
7.936000000000000000e+03
8.896000000000000000e+03
8.128000000000000000e+03
9.344000000000000000e+03
8.128000000000000000e+03
7.744000000000000000e+03
8.128000000000000000e+03
8.832000000000000000e+03
9.024000000000000000e+03
7.424000000000000000e+03
8.896000000000000000e+03
1.068800000000000000e+04
8.320000000000000000e+03
8.512000000000000000e+03
8.448000000000000000e+03
8.320000000000000000e+03
8.384000000000000000e+03
8.384000000000000000e+03
9.920000000000000000e+03
8.576000000000000000e+03
8.896000000000000000e+03
9.536000000000000000e+03
9.792000000000000000e+03
9.856000000000000000e+03
1.011200000000000000e+04
1.030400000000000000e+04
9.344000000000000000e+03
1.004800000000000000e+04
9.280000000000000000e+03
8.960000000000000000e+03
9.216000000000000000e+03
9.984000000000000000e+03
9.344000000000000000e+03
9.664000000000000000e+03
1.075200000000000000e+04
9.984000000000000000e+03
9.216000000000000000e+03
1.017600000000000000e+04
9.984000000000000000e+03
1.190400000000000000e+04
8.960000000000000000e+03
1.024000000000000000e+04
1.120000000000000000e+04
1.120000000000000000e+04
9.088000000000000000e+03
1.088000000000000000e+04
9.792000000000000000e+03
1.216000000000000000e+04
1.036800000000000000e+04
1.056000000000000000e+04
1.088000000000000000e+04
9.728000000000000000e+03
1.113600000000000000e+04
1.152000000000000000e+04
1.075200000000000000e+04
1.171200000000000000e+04
1.164800000000000000e+04
1.004800000000000000e+04
1.049600000000000000e+04
1.228800000000000000e+04
1.209600000000000000e+04
1.062400000000000000e+04
1.222400000000000000e+04
1.280000000000000000e+04
1.120000000000000000e+04
1.068800000000000000e+04
1.145600000000000000e+04
1.132800000000000000e+04
1.011200000000000000e+04
1.164800000000000000e+04
1.107200000000000000e+04
1.171200000000000000e+04
1.260800000000000000e+04
1.107200000000000000e+04
1.254400000000000000e+04
1.318400000000000000e+04
1.324800000000000000e+04
1.318400000000000000e+04
1.299200000000000000e+04
1.068800000000000000e+04
1.184000000000000000e+04
1.222400000000000000e+04
1.222400000000000000e+04
1.228800000000000000e+04
1.254400000000000000e+04
1.260800000000000000e+04
1.209600000000000000e+04
1.260800000000000000e+04
1.177600000000000000e+04
1.248000000000000000e+04
1.382400000000000000e+04
1.286400000000000000e+04
1.427200000000000000e+04
1.388800000000000000e+04
1.344000000000000000e+04
1.376000000000000000e+04
1.376000000000000000e+04
1.427200000000000000e+04
1.408000000000000000e+04
1.324800000000000000e+04
1.420800000000000000e+04
1.369600000000000000e+04
1.350400000000000000e+04
1.337600000000000000e+04
1.472000000000000000e+04
1.510400000000000000e+04
1.356800000000000000e+04
1.516800000000000000e+04
1.529600000000000000e+04
1.299200000000000000e+04
1.484800000000000000e+04
1.440000000000000000e+04
1.574400000000000000e+04
1.561600000000000000e+04
1.516800000000000000e+04
1.440000000000000000e+04
1.568000000000000000e+04
1.676800000000000000e+04
1.536000000000000000e+04
1.625600000000000000e+04
1.638400000000000000e+04
1.555200000000000000e+04
1.484800000000000000e+04
1.696000000000000000e+04
1.587200000000000000e+04
1.587200000000000000e+04
1.715200000000000000e+04
1.715200000000000000e+04
1.593600000000000000e+04
1.619200000000000000e+04
1.708800000000000000e+04
1.798400000000000000e+04
1.561600000000000000e+04
1.708800000000000000e+04
1.670400000000000000e+04
1.696000000000000000e+04
1.593600000000000000e+04
1.824000000000000000e+04
1.625600000000000000e+04
1.638400000000000000e+04
1.625600000000000000e+04
1.907200000000000000e+04
1.638400000000000000e+04
1.888000000000000000e+04
1.689600000000000000e+04
1.875200000000000000e+04
1.804800000000000000e+04
1.772800000000000000e+04
1.945600000000000000e+04
2.105600000000000000e+04
1.894400000000000000e+04
1.926400000000000000e+04
2.156800000000000000e+04
1.894400000000000000e+04
2.022400000000000000e+04
1.894400000000000000e+04
2.003200000000000000e+04
2.041600000000000000e+04
1.913600000000000000e+04
2.259200000000000000e+04
2.124800000000000000e+04
2.073600000000000000e+04
2.016000000000000000e+04
1.996800000000000000e+04
2.176000000000000000e+04
2.272000000000000000e+04
2.067200000000000000e+04
2.099200000000000000e+04
2.265600000000000000e+04
2.112000000000000000e+04
2.291200000000000000e+04
2.163200000000000000e+04
2.361600000000000000e+04
2.336000000000000000e+04
2.329600000000000000e+04
2.380800000000000000e+04
2.291200000000000000e+04
2.419200000000000000e+04
2.342400000000000000e+04
2.400000000000000000e+04
2.412800000000000000e+04
2.195200000000000000e+04
2.355200000000000000e+04
2.336000000000000000e+04
2.419200000000000000e+04
2.662400000000000000e+04
2.585600000000000000e+04
2.451200000000000000e+04
2.662400000000000000e+04
2.726400000000000000e+04
2.515200000000000000e+04
2.713600000000000000e+04
2.553600000000000000e+04
2.560000000000000000e+04
2.713600000000000000e+04
2.636800000000000000e+04
2.835200000000000000e+04
2.585600000000000000e+04
2.969600000000000000e+04
2.662400000000000000e+04
2.662400000000000000e+04
2.796800000000000000e+04
2.816000000000000000e+04
2.777600000000000000e+04
2.950400000000000000e+04
3.020800000000000000e+04
2.745600000000000000e+04
2.816000000000000000e+04
3.187200000000000000e+04
2.969600000000000000e+04
2.950400000000000000e+04
3.180800000000000000e+04
2.841600000000000000e+04
2.758400000000000000e+04
2.937600000000000000e+04
3.296000000000000000e+04
3.244800000000000000e+04
3.449600000000000000e+04
3.488000000000000000e+04
3.264000000000000000e+04
3.667200000000000000e+04
3.270400000000000000e+04
3.136000000000000000e+04
3.372800000000000000e+04
3.353600000000000000e+04
3.276800000000000000e+04
3.558400000000000000e+04
3.296000000000000000e+04
3.392000000000000000e+04
3.705600000000000000e+04
3.526400000000000000e+04
3.724800000000000000e+04
3.769600000000000000e+04
3.744000000000000000e+04
3.545600000000000000e+04
3.500800000000000000e+04
3.603200000000000000e+04
3.910400000000000000e+04
3.686400000000000000e+04
3.872000000000000000e+04
3.750400000000000000e+04
4.140800000000000000e+04
4.038400000000000000e+04
4.160000000000000000e+04
4.089600000000000000e+04
3.859200000000000000e+04
4.192000000000000000e+04
4.262400000000000000e+04
4.281600000000000000e+04
4.416000000000000000e+04
4.601600000000000000e+04
4.812800000000000000e+04
4.153600000000000000e+04
4.780800000000000000e+04
4.371200000000000000e+04
4.710400000000000000e+04
4.236800000000000000e+04
4.441600000000000000e+04
4.684800000000000000e+04
4.780800000000000000e+04
4.576000000000000000e+04
4.940800000000000000e+04
5.177600000000000000e+04
5.017600000000000000e+04
5.062400000000000000e+04
4.921600000000000000e+04
4.940800000000000000e+04
5.190400000000000000e+04
5.241600000000000000e+04
5.196800000000000000e+04
5.248000000000000000e+04
5.702400000000000000e+04
5.728000000000000000e+04
5.772800000000000000e+04
5.555200000000000000e+04
5.945600000000000000e+04
5.830400000000000000e+04
5.907200000000000000e+04
6.265600000000000000e+04
5.843200000000000000e+04
6.150400000000000000e+04
6.534400000000000000e+04
6.188800000000000000e+04
6.464000000000000000e+04
6.195200000000000000e+04
6.624000000000000000e+04
6.579200000000000000e+04
6.156800000000000000e+04
6.707200000000000000e+04
6.912000000000000000e+04
6.585600000000000000e+04
7.020800000000000000e+04
7.296000000000000000e+04
7.302400000000000000e+04
6.860800000000000000e+04
7.334400000000000000e+04
6.892800000000000000e+04
7.475200000000000000e+04
7.360000000000000000e+04
7.788800000000000000e+04
8.089600000000000000e+04
7.801600000000000000e+04
8.320000000000000000e+04
8.192000000000000000e+04
7.936000000000000000e+04
7.654400000000000000e+04
8.480000000000000000e+04
8.556800000000000000e+04
8.928000000000000000e+04
8.857600000000000000e+04
9.004800000000000000e+04
8.812800000000000000e+04
8.864000000000000000e+04
9.318400000000000000e+04
9.344000000000000000e+04
9.580800000000000000e+04
9.856000000000000000e+04
9.600000000000000000e+04
9.542400000000000000e+04
1.005440000000000000e+05
1.040000000000000000e+05
1.056640000000000000e+05
1.034240000000000000e+05
1.070720000000000000e+05
1.086080000000000000e+05
1.095680000000000000e+05
1.132800000000000000e+05
1.175040000000000000e+05
1.122560000000000000e+05
1.203840000000000000e+05
1.151360000000000000e+05
1.186560000000000000e+05
1.191680000000000000e+05
1.278720000000000000e+05
1.246720000000000000e+05
1.294080000000000000e+05
1.294080000000000000e+05
1.250560000000000000e+05
1.340800000000000000e+05
1.306240000000000000e+05
1.390080000000000000e+05
1.390080000000000000e+05
1.487360000000000000e+05
1.456000000000000000e+05
1.515520000000000000e+05
1.498880000000000000e+05
1.505280000000000000e+05
1.564800000000000000e+05
1.603840000000000000e+05
1.655040000000000000e+05
1.630080000000000000e+05
1.678080000000000000e+05
1.735040000000000000e+05
1.750400000000000000e+05
1.714560000000000000e+05
1.823360000000000000e+05
1.813760000000000000e+05
1.808640000000000000e+05
1.886720000000000000e+05
1.899520000000000000e+05
2.055040000000000000e+05
2.080000000000000000e+05
2.065920000000000000e+05
2.094720000000000000e+05
2.149120000000000000e+05
2.202240000000000000e+05
2.212480000000000000e+05
2.245120000000000000e+05
2.373760000000000000e+05
2.378240000000000000e+05
2.375040000000000000e+05
2.445440000000000000e+05
2.510720000000000000e+05
2.576000000000000000e+05
2.521600000000000000e+05
2.621440000000000000e+05
2.686720000000000000e+05
2.731520000000000000e+05
2.788480000000000000e+05
2.846720000000000000e+05
2.882560000000000000e+05
2.874880000000000000e+05
3.077120000000000000e+05
3.125760000000000000e+05
3.078400000000000000e+05
3.264000000000000000e+05
3.255680000000000000e+05
3.356160000000000000e+05
3.420800000000000000e+05
3.470720000000000000e+05
3.488000000000000000e+05
3.682560000000000000e+05
3.642240000000000000e+05
3.794560000000000000e+05
3.832960000000000000e+05
3.912960000000000000e+05
3.990400000000000000e+05
4.080640000000000000e+05
4.155520000000000000e+05
4.201600000000000000e+05
4.350080000000000000e+05
4.323840000000000000e+05
4.499200000000000000e+05
4.456960000000000000e+05
4.594560000000000000e+05
4.684800000000000000e+05
4.824960000000000000e+05
4.916480000000000000e+05
5.015040000000000000e+05
5.096960000000000000e+05
5.179520000000000000e+05
5.237120000000000000e+05
5.316480000000000000e+05
5.335040000000000000e+05
5.469440000000000000e+05
5.484800000000000000e+05
5.676800000000000000e+05
5.768320000000000000e+05
5.744000000000000000e+05
5.859840000000000000e+05
5.813120000000000000e+05
5.891200000000000000e+05
5.935360000000000000e+05
6.024960000000000000e+05
6.043520000000000000e+05
6.133120000000000000e+05
6.189440000000000000e+05
6.222720000000000000e+05
6.240640000000000000e+05
6.219520000000000000e+05
6.328320000000000000e+05
6.291840000000000000e+05
6.345600000000000000e+05
6.335360000000000000e+05
6.265600000000000000e+05
6.353920000000000000e+05
6.373120000000000000e+05
6.337280000000000000e+05
6.275840000000000000e+05
6.284800000000000000e+05
6.304000000000000000e+05
6.302080000000000000e+05
6.205440000000000000e+05
6.216320000000000000e+05
6.108160000000000000e+05
6.103680000000000000e+05
6.062720000000000000e+05
5.858560000000000000e+05
5.878400000000000000e+05
5.925760000000000000e+05
5.915520000000000000e+05
5.730560000000000000e+05
5.736320000000000000e+05
5.597440000000000000e+05
5.447040000000000000e+05
5.370240000000000000e+05
5.363200000000000000e+05
5.212160000000000000e+05
5.218560000000000000e+05
4.997120000000000000e+05
5.072000000000000000e+05
5.018240000000000000e+05
4.837120000000000000e+05
4.830720000000000000e+05
4.776320000000000000e+05
4.737280000000000000e+05
4.594560000000000000e+05
4.460160000000000000e+05
4.438400000000000000e+05
4.405760000000000000e+05
4.277760000000000000e+05
4.060160000000000000e+05
4.081280000000000000e+05
4.110720000000000000e+05
3.857280000000000000e+05
3.836800000000000000e+05
3.821440000000000000e+05
3.701760000000000000e+05
3.521280000000000000e+05
3.479680000000000000e+05
3.522560000000000000e+05
3.417600000000000000e+05
3.348480000000000000e+05
3.209600000000000000e+05
3.167360000000000000e+05
3.089920000000000000e+05
3.070720000000000000e+05
3.040640000000000000e+05
2.977920000000000000e+05
2.901120000000000000e+05
2.854400000000000000e+05
2.808320000000000000e+05
2.769280000000000000e+05
2.592000000000000000e+05
2.682240000000000000e+05
2.632320000000000000e+05
2.570240000000000000e+05
2.526080000000000000e+05
2.469120000000000000e+05
2.433280000000000000e+05
2.286720000000000000e+05
2.289920000000000000e+05
2.194560000000000000e+05
2.255360000000000000e+05
2.156160000000000000e+05
2.117120000000000000e+05
2.163840000000000000e+05
2.069120000000000000e+05
1.992320000000000000e+05
2.032640000000000000e+05
1.976320000000000000e+05
1.942400000000000000e+05
1.901440000000000000e+05
1.832960000000000000e+05
1.802880000000000000e+05
1.785600000000000000e+05
1.784960000000000000e+05
1.706240000000000000e+05
1.705600000000000000e+05
1.649280000000000000e+05
1.633280000000000000e+05
1.548160000000000000e+05
1.577600000000000000e+05
1.521920000000000000e+05
1.571840000000000000e+05
1.480320000000000000e+05
1.456640000000000000e+05
1.400960000000000000e+05
1.386880000000000000e+05
1.413760000000000000e+05
1.388160000000000000e+05
1.355520000000000000e+05
1.332480000000000000e+05
1.276800000000000000e+05
1.328640000000000000e+05
1.265280000000000000e+05
1.285760000000000000e+05
1.235200000000000000e+05
1.207680000000000000e+05
1.212800000000000000e+05
1.167360000000000000e+05
1.153920000000000000e+05
1.168640000000000000e+05
1.052160000000000000e+05
1.094400000000000000e+05
1.098880000000000000e+05
1.072000000000000000e+05
1.045760000000000000e+05
1.047680000000000000e+05
1.010560000000000000e+05
9.683200000000000000e+04
9.900800000000000000e+04
9.760000000000000000e+04
9.875200000000000000e+04
9.734400000000000000e+04
9.158400000000000000e+04
9.414400000000000000e+04
8.940800000000000000e+04
8.960000000000000000e+04
8.768000000000000000e+04
9.011200000000000000e+04
8.364800000000000000e+04
8.051200000000000000e+04
8.691200000000000000e+04
8.480000000000000000e+04
8.128000000000000000e+04
8.544000000000000000e+04
7.622400000000000000e+04
7.616000000000000000e+04
7.660800000000000000e+04
7.584000000000000000e+04
7.558400000000000000e+04
7.475200000000000000e+04
6.944000000000000000e+04
7.430400000000000000e+04
7.315200000000000000e+04
6.995200000000000000e+04
6.988800000000000000e+04
7.334400000000000000e+04
7.174400000000000000e+04
6.604800000000000000e+04
6.643200000000000000e+04
6.566400000000000000e+04
6.214400000000000000e+04
6.336000000000000000e+04
6.240000000000000000e+04
6.080000000000000000e+04
6.201600000000000000e+04
5.990400000000000000e+04
5.888000000000000000e+04
5.798400000000000000e+04
5.920000000000000000e+04
5.676800000000000000e+04
5.715200000000000000e+04
5.651200000000000000e+04
5.708800000000000000e+04
5.254400000000000000e+04
5.164800000000000000e+04
5.235200000000000000e+04
5.164800000000000000e+04
5.241600000000000000e+04
5.356800000000000000e+04
5.292800000000000000e+04
5.049600000000000000e+04
4.902400000000000000e+04
5.062400000000000000e+04
4.755200000000000000e+04
5.171200000000000000e+04
4.755200000000000000e+04
4.985600000000000000e+04
4.595200000000000000e+04
4.684800000000000000e+04
4.422400000000000000e+04
4.665600000000000000e+04
4.614400000000000000e+04
4.422400000000000000e+04
4.480000000000000000e+04
4.364800000000000000e+04
4.147200000000000000e+04
4.326400000000000000e+04
4.659200000000000000e+04
4.128000000000000000e+04
4.268800000000000000e+04
4.032000000000000000e+04
4.608000000000000000e+04
3.948800000000000000e+04
4.166400000000000000e+04
3.756800000000000000e+04
4.089600000000000000e+04
4.089600000000000000e+04
3.891200000000000000e+04
4.108800000000000000e+04
3.897600000000000000e+04
3.577600000000000000e+04
3.827200000000000000e+04
3.827200000000000000e+04
3.577600000000000000e+04
3.750400000000000000e+04
3.769600000000000000e+04
3.852800000000000000e+04
3.443200000000000000e+04
3.564800000000000000e+04
3.360000000000000000e+04
3.385600000000000000e+04
3.353600000000000000e+04
3.609600000000000000e+04
3.264000000000000000e+04
3.257600000000000000e+04
3.180800000000000000e+04
3.372800000000000000e+04
3.187200000000000000e+04
3.225600000000000000e+04
3.155200000000000000e+04
3.315200000000000000e+04
3.334400000000000000e+04
3.097600000000000000e+04
3.315200000000000000e+04
3.155200000000000000e+04
3.155200000000000000e+04
3.014400000000000000e+04
3.091200000000000000e+04
2.873600000000000000e+04
3.078400000000000000e+04
3.161600000000000000e+04
3.033600000000000000e+04
2.681600000000000000e+04
2.841600000000000000e+04
2.816000000000000000e+04
2.905600000000000000e+04
2.604800000000000000e+04
2.745600000000000000e+04
2.867200000000000000e+04
2.438400000000000000e+04
2.451200000000000000e+04
2.662400000000000000e+04
2.592000000000000000e+04
2.803200000000000000e+04
2.508800000000000000e+04
2.400000000000000000e+04
2.707200000000000000e+04
2.502400000000000000e+04
2.598400000000000000e+04
2.419200000000000000e+04
2.566400000000000000e+04
2.668800000000000000e+04
2.521600000000000000e+04
2.540800000000000000e+04
2.412800000000000000e+04
2.438400000000000000e+04
2.438400000000000000e+04
2.489600000000000000e+04
2.406400000000000000e+04
2.336000000000000000e+04
2.540800000000000000e+04
2.188800000000000000e+04
2.297600000000000000e+04
2.259200000000000000e+04
2.265600000000000000e+04
2.214400000000000000e+04
2.361600000000000000e+04
2.035200000000000000e+04
2.188800000000000000e+04
2.022400000000000000e+04
2.233600000000000000e+04
1.907200000000000000e+04
2.105600000000000000e+04
1.888000000000000000e+04
2.041600000000000000e+04
2.156800000000000000e+04
2.048000000000000000e+04
2.080000000000000000e+04
1.952000000000000000e+04
1.792000000000000000e+04
1.977600000000000000e+04
2.022400000000000000e+04
1.881600000000000000e+04
1.939200000000000000e+04
1.894400000000000000e+04
1.824000000000000000e+04
1.945600000000000000e+04
1.862400000000000000e+04
1.747200000000000000e+04
1.644800000000000000e+04
1.868800000000000000e+04
1.875200000000000000e+04
1.862400000000000000e+04
1.907200000000000000e+04
1.600000000000000000e+04
1.625600000000000000e+04
1.670400000000000000e+04
1.824000000000000000e+04
1.785600000000000000e+04
1.676800000000000000e+04
1.696000000000000000e+04
1.753600000000000000e+04
1.792000000000000000e+04
1.657600000000000000e+04
1.843200000000000000e+04
1.689600000000000000e+04
1.683200000000000000e+04
1.664000000000000000e+04
1.836800000000000000e+04
1.702400000000000000e+04
1.619200000000000000e+04
1.593600000000000000e+04
1.382400000000000000e+04
1.523200000000000000e+04
1.664000000000000000e+04
1.619200000000000000e+04
1.606400000000000000e+04
1.414400000000000000e+04
1.523200000000000000e+04
1.516800000000000000e+04
1.382400000000000000e+04
1.497600000000000000e+04
1.676800000000000000e+04
1.593600000000000000e+04
1.510400000000000000e+04
1.331200000000000000e+04
1.446400000000000000e+04
1.440000000000000000e+04
1.484800000000000000e+04
1.529600000000000000e+04
1.337600000000000000e+04
1.376000000000000000e+04
1.382400000000000000e+04
1.478400000000000000e+04
1.369600000000000000e+04
1.408000000000000000e+04
1.427200000000000000e+04
1.548800000000000000e+04
1.254400000000000000e+04
1.254400000000000000e+04
1.216000000000000000e+04
1.344000000000000000e+04
1.292800000000000000e+04
1.363200000000000000e+04
1.388800000000000000e+04
1.318400000000000000e+04
1.196800000000000000e+04
1.305600000000000000e+04
1.478400000000000000e+04
1.280000000000000000e+04
1.452800000000000000e+04
1.382400000000000000e+04
1.152000000000000000e+04
1.043200000000000000e+04
1.196800000000000000e+04
1.337600000000000000e+04
1.286400000000000000e+04
1.177600000000000000e+04
1.222400000000000000e+04
1.094400000000000000e+04
1.222400000000000000e+04
1.113600000000000000e+04
1.145600000000000000e+04
1.267200000000000000e+04
1.318400000000000000e+04
1.254400000000000000e+04
1.139200000000000000e+04
1.120000000000000000e+04
1.011200000000000000e+04
1.203200000000000000e+04
1.196800000000000000e+04
1.139200000000000000e+04
1.171200000000000000e+04
1.267200000000000000e+04
1.209600000000000000e+04
1.030400000000000000e+04
1.152000000000000000e+04
1.113600000000000000e+04
1.024000000000000000e+04
1.094400000000000000e+04
1.081600000000000000e+04
1.120000000000000000e+04
1.152000000000000000e+04
1.139200000000000000e+04
9.472000000000000000e+03
1.139200000000000000e+04
9.792000000000000000e+03
9.664000000000000000e+03
1.120000000000000000e+04
1.107200000000000000e+04
9.792000000000000000e+03
1.068800000000000000e+04
1.145600000000000000e+04
9.088000000000000000e+03
1.088000000000000000e+04
9.984000000000000000e+03
8.448000000000000000e+03
8.384000000000000000e+03
9.408000000000000000e+03
9.664000000000000000e+03
9.856000000000000000e+03
1.062400000000000000e+04
1.062400000000000000e+04
8.768000000000000000e+03
1.056000000000000000e+04
9.152000000000000000e+03
9.536000000000000000e+03
8.384000000000000000e+03
9.216000000000000000e+03
8.960000000000000000e+03
1.132800000000000000e+04
8.064000000000000000e+03
7.936000000000000000e+03
1.120000000000000000e+04
8.960000000000000000e+03
9.024000000000000000e+03
9.344000000000000000e+03
9.152000000000000000e+03
9.920000000000000000e+03
9.408000000000000000e+03
8.320000000000000000e+03
1.075200000000000000e+04
8.896000000000000000e+03
9.472000000000000000e+03
8.512000000000000000e+03
9.088000000000000000e+03
8.000000000000000000e+03
9.344000000000000000e+03
7.488000000000000000e+03
8.640000000000000000e+03
8.576000000000000000e+03
8.384000000000000000e+03
6.720000000000000000e+03
8.384000000000000000e+03
7.936000000000000000e+03
8.000000000000000000e+03
7.680000000000000000e+03
8.576000000000000000e+03
7.168000000000000000e+03
8.512000000000000000e+03
7.936000000000000000e+03
7.808000000000000000e+03
6.784000000000000000e+03
8.128000000000000000e+03
8.768000000000000000e+03
6.784000000000000000e+03
9.920000000000000000e+03
8.256000000000000000e+03
7.232000000000000000e+03
7.616000000000000000e+03
7.488000000000000000e+03
6.336000000000000000e+03
8.000000000000000000e+03
7.296000000000000000e+03
7.360000000000000000e+03
8.448000000000000000e+03
8.960000000000000000e+03
7.488000000000000000e+03
6.976000000000000000e+03
8.384000000000000000e+03
7.360000000000000000e+03
7.680000000000000000e+03
8.448000000000000000e+03
7.296000000000000000e+03
7.616000000000000000e+03
7.808000000000000000e+03
7.232000000000000000e+03
7.104000000000000000e+03
6.272000000000000000e+03
7.616000000000000000e+03
6.912000000000000000e+03
7.424000000000000000e+03
6.784000000000000000e+03
7.552000000000000000e+03
6.848000000000000000e+03
6.016000000000000000e+03
8.384000000000000000e+03
6.208000000000000000e+03
6.016000000000000000e+03
7.168000000000000000e+03
6.720000000000000000e+03
7.040000000000000000e+03
5.632000000000000000e+03
6.976000000000000000e+03
6.656000000000000000e+03
6.272000000000000000e+03
6.400000000000000000e+03
6.528000000000000000e+03
6.592000000000000000e+03
7.552000000000000000e+03
6.144000000000000000e+03
7.040000000000000000e+03
6.976000000000000000e+03
7.488000000000000000e+03
6.464000000000000000e+03
6.720000000000000000e+03
5.696000000000000000e+03
6.144000000000000000e+03
7.168000000000000000e+03
5.440000000000000000e+03
6.400000000000000000e+03
6.400000000000000000e+03
