5.931800000000000000e+04
6.940600000000000000e+04
6.598700000000000000e+04
7.668700000000000000e+04
8.062300000000000000e+04
7.791900000000000000e+04
8.789500000000000000e+04
8.786000000000000000e+04
9.282800000000000000e+04
9.259400000000000000e+04
1.036200000000000000e+05
1.065050000000000000e+05
1.081800000000000000e+05
1.189750000000000000e+05
1.263780000000000000e+05
1.336580000000000000e+05
1.425490000000000000e+05
1.355180000000000000e+05
1.621140000000000000e+05
1.670730000000000000e+05
1.719270000000000000e+05
1.985880000000000000e+05
2.054690000000000000e+05
2.183720000000000000e+05
2.304650000000000000e+05
2.609250000000000000e+05
2.701060000000000000e+05
3.071140000000000000e+05
3.362500000000000000e+05
3.663720000000000000e+05
3.749080000000000000e+05
4.275770000000000000e+05
4.773760000000000000e+05
5.419040000000000000e+05
6.019830000000000000e+05
6.786520000000000000e+05
7.700510000000000000e+05
8.901310000000000000e+05
1.009694000000000000e+06
1.199695000000000000e+06
1.371070000000000000e+06
1.635632000000000000e+06
1.958971000000000000e+06
2.338558000000000000e+06
2.882652000000000000e+06
3.490805000000000000e+06
4.230597000000000000e+06
5.156278000000000000e+06
5.860062000000000000e+06
6.250368000000000000e+06
6.261775000000000000e+06
5.782825000000000000e+06
5.071597000000000000e+06
4.301889000000000000e+06
3.591789000000000000e+06
2.892492000000000000e+06
2.396116000000000000e+06
1.963419000000000000e+06
1.617415000000000000e+06
1.407812000000000000e+06
1.170669000000000000e+06
1.010668000000000000e+06
9.065890000000000000e+05
7.637610000000000000e+05
6.734190000000000000e+05
5.656060000000000000e+05
5.272200000000000000e+05
4.865580000000000000e+05
4.248120000000000000e+05
3.950560000000000000e+05
3.578930000000000000e+05
3.329620000000000000e+05
3.014380000000000000e+05
2.753170000000000000e+05
2.697250000000000000e+05
2.458080000000000000e+05
2.122410000000000000e+05
2.033680000000000000e+05
1.806800000000000000e+05
1.737750000000000000e+05
1.651420000000000000e+05
1.604120000000000000e+05
1.544940000000000000e+05
1.457210000000000000e+05
1.344690000000000000e+05
1.322920000000000000e+05
1.115110000000000000e+05
1.164680000000000000e+05
9.922400000000000000e+04
1.004430000000000000e+05
9.191700000000000000e+04
9.170000000000000000e+04
8.626300000000000000e+04
8.477500000000000000e+04
8.076600000000000000e+04
7.908700000000000000e+04
6.831300000000000000e+04
6.672100000000000000e+04
7.068300000000000000e+04
6.118400000000000000e+04
