6.272000000000000000e+03
6.048000000000000000e+03
5.984000000000000000e+03
6.896000000000000000e+03
6.832000000000000000e+03
6.464000000000000000e+03
6.016000000000000000e+03
6.368000000000000000e+03
6.192000000000000000e+03
6.736000000000000000e+03
6.064000000000000000e+03
6.800000000000000000e+03
6.736000000000000000e+03
6.176000000000000000e+03
6.512000000000000000e+03
6.640000000000000000e+03
6.384000000000000000e+03
6.896000000000000000e+03
6.272000000000000000e+03
6.480000000000000000e+03
6.384000000000000000e+03
7.280000000000000000e+03
6.496000000000000000e+03
6.992000000000000000e+03
7.248000000000000000e+03
6.624000000000000000e+03
6.672000000000000000e+03
7.120000000000000000e+03
7.184000000000000000e+03
6.928000000000000000e+03
7.392000000000000000e+03
7.424000000000000000e+03
6.880000000000000000e+03
7.632000000000000000e+03
7.408000000000000000e+03
6.784000000000000000e+03
7.360000000000000000e+03
7.168000000000000000e+03
6.624000000000000000e+03
7.536000000000000000e+03
7.536000000000000000e+03
7.440000000000000000e+03
6.960000000000000000e+03
7.696000000000000000e+03
7.728000000000000000e+03
8.000000000000000000e+03
7.024000000000000000e+03
7.264000000000000000e+03
8.320000000000000000e+03
7.648000000000000000e+03
8.384000000000000000e+03
8.112000000000000000e+03
8.288000000000000000e+03
7.840000000000000000e+03
7.504000000000000000e+03
7.984000000000000000e+03
7.888000000000000000e+03
8.448000000000000000e+03
7.536000000000000000e+03
8.480000000000000000e+03
8.192000000000000000e+03
8.304000000000000000e+03
7.968000000000000000e+03
8.112000000000000000e+03
8.368000000000000000e+03
8.784000000000000000e+03
8.560000000000000000e+03
8.448000000000000000e+03
8.848000000000000000e+03
8.000000000000000000e+03
8.800000000000000000e+03
8.640000000000000000e+03
8.304000000000000000e+03
8.896000000000000000e+03
8.688000000000000000e+03
9.200000000000000000e+03
8.448000000000000000e+03
7.872000000000000000e+03
8.352000000000000000e+03
8.672000000000000000e+03
9.008000000000000000e+03
9.168000000000000000e+03
9.120000000000000000e+03
8.688000000000000000e+03
8.816000000000000000e+03
9.056000000000000000e+03
8.640000000000000000e+03
8.864000000000000000e+03
9.696000000000000000e+03
9.296000000000000000e+03
9.360000000000000000e+03
9.968000000000000000e+03
9.440000000000000000e+03
9.552000000000000000e+03
9.056000000000000000e+03
9.440000000000000000e+03
1.017600000000000000e+04
9.296000000000000000e+03
9.552000000000000000e+03
9.488000000000000000e+03
9.936000000000000000e+03
1.008000000000000000e+04
9.632000000000000000e+03
9.280000000000000000e+03
1.041600000000000000e+04
1.016000000000000000e+04
1.083200000000000000e+04
9.760000000000000000e+03
1.036800000000000000e+04
1.027200000000000000e+04
1.001600000000000000e+04
1.014400000000000000e+04
1.030400000000000000e+04
1.019200000000000000e+04
1.089600000000000000e+04
1.038400000000000000e+04
1.084800000000000000e+04
1.116800000000000000e+04
1.086400000000000000e+04
1.030400000000000000e+04
1.051200000000000000e+04
1.073600000000000000e+04
1.116800000000000000e+04
1.035200000000000000e+04
9.984000000000000000e+03
1.112000000000000000e+04
1.140800000000000000e+04
1.123200000000000000e+04
1.129600000000000000e+04
1.076800000000000000e+04
1.198400000000000000e+04
1.158400000000000000e+04
1.179200000000000000e+04
1.182400000000000000e+04
1.150400000000000000e+04
1.212800000000000000e+04
1.134400000000000000e+04
1.123200000000000000e+04
1.145600000000000000e+04
1.179200000000000000e+04
1.206400000000000000e+04
1.195200000000000000e+04
1.246400000000000000e+04
1.160000000000000000e+04
1.275200000000000000e+04
1.254400000000000000e+04
1.171200000000000000e+04
1.251200000000000000e+04
1.275200000000000000e+04
1.272000000000000000e+04
1.313600000000000000e+04
1.264000000000000000e+04
1.273600000000000000e+04
1.387200000000000000e+04
1.252800000000000000e+04
1.358400000000000000e+04
1.355200000000000000e+04
1.286400000000000000e+04
1.409600000000000000e+04
1.344000000000000000e+04
1.364800000000000000e+04
1.390400000000000000e+04
1.366400000000000000e+04
1.379200000000000000e+04
1.321600000000000000e+04
1.411200000000000000e+04
1.388800000000000000e+04
1.355200000000000000e+04
1.353600000000000000e+04
1.491200000000000000e+04
1.433600000000000000e+04
1.400000000000000000e+04
1.400000000000000000e+04
1.462400000000000000e+04
1.428800000000000000e+04
1.483200000000000000e+04
1.524800000000000000e+04
1.486400000000000000e+04
1.489600000000000000e+04
1.614400000000000000e+04
1.523200000000000000e+04
1.496000000000000000e+04
1.449600000000000000e+04
1.427200000000000000e+04
1.609600000000000000e+04
1.612800000000000000e+04
1.528000000000000000e+04
1.560000000000000000e+04
1.628800000000000000e+04
1.592000000000000000e+04
1.678400000000000000e+04
1.676800000000000000e+04
1.694400000000000000e+04
1.595200000000000000e+04
1.681600000000000000e+04
1.668800000000000000e+04
1.739200000000000000e+04
1.723200000000000000e+04
1.712000000000000000e+04
1.665600000000000000e+04
1.704000000000000000e+04
1.830400000000000000e+04
1.756800000000000000e+04
1.796800000000000000e+04
1.766400000000000000e+04
1.819200000000000000e+04
1.851200000000000000e+04
1.857600000000000000e+04
1.884800000000000000e+04
1.798400000000000000e+04
1.923200000000000000e+04
1.976000000000000000e+04
1.838400000000000000e+04
1.924800000000000000e+04
1.891200000000000000e+04
1.915200000000000000e+04
1.875200000000000000e+04
1.928000000000000000e+04
1.944000000000000000e+04
1.926400000000000000e+04
1.939200000000000000e+04
2.006400000000000000e+04
2.052800000000000000e+04
2.030400000000000000e+04
1.987200000000000000e+04
1.998400000000000000e+04
2.052800000000000000e+04
2.011200000000000000e+04
2.124800000000000000e+04
2.028800000000000000e+04
2.136000000000000000e+04
2.294400000000000000e+04
2.185600000000000000e+04
2.172800000000000000e+04
2.268800000000000000e+04
2.068800000000000000e+04
2.246400000000000000e+04
2.304000000000000000e+04
2.232000000000000000e+04
2.308800000000000000e+04
2.236800000000000000e+04
2.401600000000000000e+04
2.368000000000000000e+04
2.299200000000000000e+04
2.368000000000000000e+04
2.296000000000000000e+04
2.440000000000000000e+04
2.409600000000000000e+04
2.419200000000000000e+04
2.465600000000000000e+04
2.596800000000000000e+04
2.480000000000000000e+04
2.379200000000000000e+04
2.488000000000000000e+04
2.574400000000000000e+04
2.484800000000000000e+04
2.676800000000000000e+04
2.699200000000000000e+04
2.521600000000000000e+04
2.619200000000000000e+04
2.740800000000000000e+04
2.627200000000000000e+04
2.696000000000000000e+04
2.640000000000000000e+04
2.752000000000000000e+04
2.744000000000000000e+04
2.846400000000000000e+04
2.809600000000000000e+04
2.846400000000000000e+04
2.929600000000000000e+04
2.700800000000000000e+04
2.891200000000000000e+04
2.979200000000000000e+04
3.019200000000000000e+04
2.971200000000000000e+04
2.971200000000000000e+04
3.056000000000000000e+04
3.084800000000000000e+04
3.089600000000000000e+04
3.171200000000000000e+04
3.072000000000000000e+04
3.067200000000000000e+04
3.169600000000000000e+04
3.248000000000000000e+04
3.273600000000000000e+04
3.206400000000000000e+04
3.185600000000000000e+04
3.545600000000000000e+04
3.393600000000000000e+04
3.472000000000000000e+04
3.344000000000000000e+04
3.430400000000000000e+04
3.627200000000000000e+04
3.481600000000000000e+04
3.603200000000000000e+04
3.438400000000000000e+04
3.608000000000000000e+04
3.801600000000000000e+04
3.822400000000000000e+04
3.619200000000000000e+04
3.753600000000000000e+04
3.779200000000000000e+04
3.936000000000000000e+04
3.828800000000000000e+04
3.740800000000000000e+04
3.884800000000000000e+04
3.984000000000000000e+04
3.987200000000000000e+04
4.049600000000000000e+04
4.022400000000000000e+04
4.150400000000000000e+04
4.118400000000000000e+04
4.196800000000000000e+04
4.369600000000000000e+04
4.312000000000000000e+04
4.291200000000000000e+04
4.408000000000000000e+04
4.291200000000000000e+04
4.504000000000000000e+04
4.483200000000000000e+04
4.648000000000000000e+04
4.710400000000000000e+04
4.716800000000000000e+04
4.779200000000000000e+04
4.704000000000000000e+04
4.905600000000000000e+04
4.872000000000000000e+04
4.931200000000000000e+04
4.873600000000000000e+04
5.065600000000000000e+04
5.115200000000000000e+04
5.129600000000000000e+04
5.155200000000000000e+04
5.188800000000000000e+04
5.369600000000000000e+04
5.364800000000000000e+04
5.518400000000000000e+04
5.409600000000000000e+04
5.577600000000000000e+04
5.672000000000000000e+04
5.545600000000000000e+04
5.752000000000000000e+04
5.940800000000000000e+04
5.955200000000000000e+04
6.187200000000000000e+04
5.993600000000000000e+04
6.027200000000000000e+04
6.052800000000000000e+04
6.209600000000000000e+04
6.283200000000000000e+04
6.409600000000000000e+04
6.364800000000000000e+04
6.587200000000000000e+04
6.603200000000000000e+04
6.620800000000000000e+04
6.734400000000000000e+04
6.822400000000000000e+04
6.875200000000000000e+04
7.060800000000000000e+04
7.105600000000000000e+04
7.332800000000000000e+04
7.256000000000000000e+04
7.457600000000000000e+04
7.529600000000000000e+04
7.472000000000000000e+04
7.793600000000000000e+04
7.708800000000000000e+04
8.003200000000000000e+04
7.924800000000000000e+04
8.000000000000000000e+04
8.089600000000000000e+04
8.355200000000000000e+04
8.395200000000000000e+04
8.646400000000000000e+04
8.779200000000000000e+04
8.867200000000000000e+04
8.918400000000000000e+04
9.134400000000000000e+04
9.353600000000000000e+04
9.140800000000000000e+04
9.507200000000000000e+04
9.611200000000000000e+04
9.622400000000000000e+04
1.001120000000000000e+05
1.029920000000000000e+05
1.022880000000000000e+05
1.028320000000000000e+05
1.036800000000000000e+05
1.037440000000000000e+05
1.086720000000000000e+05
1.107520000000000000e+05
1.131040000000000000e+05
1.150080000000000000e+05
1.153440000000000000e+05
1.162400000000000000e+05
1.182240000000000000e+05
1.190080000000000000e+05
1.236800000000000000e+05
1.262400000000000000e+05
1.275840000000000000e+05
1.264160000000000000e+05
1.301120000000000000e+05
1.335040000000000000e+05
1.355040000000000000e+05
1.381280000000000000e+05
1.383680000000000000e+05
1.407200000000000000e+05
1.442720000000000000e+05
1.477280000000000000e+05
1.504960000000000000e+05
1.502080000000000000e+05
1.542400000000000000e+05
1.603840000000000000e+05
1.607200000000000000e+05
1.633280000000000000e+05
1.641440000000000000e+05
1.703680000000000000e+05
1.700960000000000000e+05
1.731040000000000000e+05
1.769760000000000000e+05
1.807040000000000000e+05
1.835840000000000000e+05
1.876960000000000000e+05
1.908480000000000000e+05
1.932800000000000000e+05
1.979520000000000000e+05
2.043520000000000000e+05
2.039200000000000000e+05
2.093120000000000000e+05
2.129920000000000000e+05
2.145920000000000000e+05
2.224640000000000000e+05
2.264320000000000000e+05
2.301600000000000000e+05
2.339520000000000000e+05
2.385120000000000000e+05
2.437120000000000000e+05
2.464000000000000000e+05
2.528000000000000000e+05
2.577600000000000000e+05
2.643360000000000000e+05
2.690880000000000000e+05
2.725280000000000000e+05
2.773920000000000000e+05
2.819200000000000000e+05
2.886880000000000000e+05
2.964160000000000000e+05
3.045280000000000000e+05
3.090400000000000000e+05
3.162400000000000000e+05
3.223360000000000000e+05
3.256160000000000000e+05
3.310240000000000000e+05
3.424960000000000000e+05
3.441760000000000000e+05
3.553280000000000000e+05
3.637120000000000000e+05
3.656160000000000000e+05
3.731520000000000000e+05
3.849280000000000000e+05
3.937280000000000000e+05
4.010720000000000000e+05
4.090400000000000000e+05
4.146240000000000000e+05
4.198880000000000000e+05
4.274720000000000000e+05
4.385280000000000000e+05
4.509280000000000000e+05
4.546560000000000000e+05
4.681920000000000000e+05
4.686240000000000000e+05
4.772960000000000000e+05
4.902080000000000000e+05
4.992000000000000000e+05
5.042240000000000000e+05
5.100160000000000000e+05
5.257120000000000000e+05
5.302240000000000000e+05
5.406880000000000000e+05
5.479040000000000000e+05
5.533120000000000000e+05
5.625920000000000000e+05
5.673920000000000000e+05
5.743360000000000000e+05
5.827840000000000000e+05
5.907200000000000000e+05
5.959040000000000000e+05
5.971680000000000000e+05
6.061440000000000000e+05
6.113920000000000000e+05
6.137120000000000000e+05
6.159040000000000000e+05
6.256960000000000000e+05
6.272480000000000000e+05
6.310560000000000000e+05
6.301280000000000000e+05
6.343360000000000000e+05
6.298080000000000000e+05
6.350240000000000000e+05
6.370400000000000000e+05
6.448800000000000000e+05
6.398400000000000000e+05
6.401120000000000000e+05
6.333920000000000000e+05
6.323840000000000000e+05
6.267360000000000000e+05
6.261120000000000000e+05
6.195040000000000000e+05
6.169600000000000000e+05
6.167040000000000000e+05
6.144480000000000000e+05
6.044320000000000000e+05
5.998720000000000000e+05
5.931680000000000000e+05
5.956960000000000000e+05
5.824000000000000000e+05
5.731040000000000000e+05
5.621920000000000000e+05
5.568640000000000000e+05
5.536160000000000000e+05
5.459200000000000000e+05
5.403040000000000000e+05
5.318720000000000000e+05
5.212480000000000000e+05
5.095360000000000000e+05
5.080000000000000000e+05
4.981120000000000000e+05
4.895680000000000000e+05
4.820480000000000000e+05
4.713440000000000000e+05
4.665920000000000000e+05
4.577600000000000000e+05
4.447840000000000000e+05
4.386720000000000000e+05
4.321760000000000000e+05
4.306400000000000000e+05
4.126720000000000000e+05
4.008960000000000000e+05
3.944000000000000000e+05
3.929600000000000000e+05
3.837280000000000000e+05
3.800480000000000000e+05
3.702880000000000000e+05
3.587360000000000000e+05
3.595680000000000000e+05
3.487040000000000000e+05
3.472320000000000000e+05
3.336640000000000000e+05
3.252160000000000000e+05
3.186240000000000000e+05
3.118400000000000000e+05
3.117760000000000000e+05
2.986400000000000000e+05
2.979040000000000000e+05
2.932160000000000000e+05
2.851840000000000000e+05
2.832000000000000000e+05
2.702240000000000000e+05
2.729760000000000000e+05
2.610880000000000000e+05
2.559360000000000000e+05
2.536320000000000000e+05
2.444960000000000000e+05
2.418080000000000000e+05
2.382720000000000000e+05
2.332320000000000000e+05
2.312000000000000000e+05
2.229120000000000000e+05
2.231200000000000000e+05
2.145280000000000000e+05
2.170080000000000000e+05
2.089600000000000000e+05
2.040480000000000000e+05
2.022080000000000000e+05
1.981440000000000000e+05
1.942240000000000000e+05
1.902240000000000000e+05
1.871680000000000000e+05
1.854400000000000000e+05
1.809760000000000000e+05
1.742560000000000000e+05
1.747200000000000000e+05
1.721280000000000000e+05
1.680640000000000000e+05
1.655680000000000000e+05
1.623680000000000000e+05
1.608960000000000000e+05
1.530080000000000000e+05
1.529440000000000000e+05
1.473600000000000000e+05
1.457280000000000000e+05
1.480160000000000000e+05
1.457280000000000000e+05
1.410560000000000000e+05
1.393280000000000000e+05
1.362080000000000000e+05
1.354720000000000000e+05
1.336320000000000000e+05
1.287520000000000000e+05
1.291840000000000000e+05
1.258080000000000000e+05
1.238720000000000000e+05
1.227680000000000000e+05
1.196800000000000000e+05
1.182720000000000000e+05
1.136640000000000000e+05
1.159200000000000000e+05
1.110720000000000000e+05
1.107040000000000000e+05
1.095520000000000000e+05
1.064800000000000000e+05
1.077440000000000000e+05
1.043040000000000000e+05
1.033440000000000000e+05
1.004480000000000000e+05
1.017920000000000000e+05
1.002400000000000000e+05
9.808000000000000000e+04
9.651200000000000000e+04
9.566400000000000000e+04
9.372800000000000000e+04
9.353600000000000000e+04
9.016000000000000000e+04
9.016000000000000000e+04
8.712000000000000000e+04
8.721600000000000000e+04
8.729600000000000000e+04
8.464000000000000000e+04
8.500800000000000000e+04
8.160000000000000000e+04
8.209600000000000000e+04
7.918400000000000000e+04
7.873600000000000000e+04
8.011200000000000000e+04
7.611200000000000000e+04
7.577600000000000000e+04
7.542400000000000000e+04
7.600000000000000000e+04
7.236800000000000000e+04
7.292800000000000000e+04
7.084800000000000000e+04
7.107200000000000000e+04
6.974400000000000000e+04
6.995200000000000000e+04
6.665600000000000000e+04
6.892800000000000000e+04
6.662400000000000000e+04
6.614400000000000000e+04
6.534400000000000000e+04
6.273600000000000000e+04
6.300800000000000000e+04
6.236800000000000000e+04
6.179200000000000000e+04
6.099200000000000000e+04
6.139200000000000000e+04
5.886400000000000000e+04
5.771200000000000000e+04
5.696000000000000000e+04
5.836800000000000000e+04
5.715200000000000000e+04
5.593600000000000000e+04
5.595200000000000000e+04
5.561600000000000000e+04
5.412800000000000000e+04
5.372800000000000000e+04
5.337600000000000000e+04
5.220800000000000000e+04
5.177600000000000000e+04
5.073600000000000000e+04
5.193600000000000000e+04
4.956800000000000000e+04
5.025600000000000000e+04
5.048000000000000000e+04
4.860800000000000000e+04
4.764800000000000000e+04
4.812800000000000000e+04
4.708800000000000000e+04
4.752000000000000000e+04
4.675200000000000000e+04
4.817600000000000000e+04
4.539200000000000000e+04
4.531200000000000000e+04
4.294400000000000000e+04
4.326400000000000000e+04
4.352000000000000000e+04
4.276800000000000000e+04
4.388800000000000000e+04
4.195200000000000000e+04
4.193600000000000000e+04
4.112000000000000000e+04
4.243200000000000000e+04
4.000000000000000000e+04
3.996800000000000000e+04
3.912000000000000000e+04
3.867200000000000000e+04
3.912000000000000000e+04
3.865600000000000000e+04
3.776000000000000000e+04
3.734400000000000000e+04
3.640000000000000000e+04
3.793600000000000000e+04
3.686400000000000000e+04
3.643200000000000000e+04
3.691200000000000000e+04
3.524800000000000000e+04
3.454400000000000000e+04
3.478400000000000000e+04
3.528000000000000000e+04
3.484800000000000000e+04
3.358400000000000000e+04
3.529600000000000000e+04
3.422400000000000000e+04
3.296000000000000000e+04
3.324800000000000000e+04
3.177600000000000000e+04
3.224000000000000000e+04
3.328000000000000000e+04
3.214400000000000000e+04
3.148800000000000000e+04
3.214400000000000000e+04
3.017600000000000000e+04
3.024000000000000000e+04
3.104000000000000000e+04
3.065600000000000000e+04
3.102400000000000000e+04
2.956800000000000000e+04
2.907200000000000000e+04
2.900800000000000000e+04
2.796800000000000000e+04
2.849600000000000000e+04
2.809600000000000000e+04
2.929600000000000000e+04
2.889600000000000000e+04
2.840000000000000000e+04
2.814400000000000000e+04
2.683200000000000000e+04
2.819200000000000000e+04
2.732800000000000000e+04
2.616000000000000000e+04
2.648000000000000000e+04
2.680000000000000000e+04
2.622400000000000000e+04
2.620800000000000000e+04
2.529600000000000000e+04
2.654400000000000000e+04
2.481600000000000000e+04
2.540800000000000000e+04
2.385600000000000000e+04
2.596800000000000000e+04
2.337600000000000000e+04
2.398400000000000000e+04
2.454400000000000000e+04
2.483200000000000000e+04
2.464000000000000000e+04
2.294400000000000000e+04
2.299200000000000000e+04
2.188800000000000000e+04
2.342400000000000000e+04
2.328000000000000000e+04
2.254400000000000000e+04
2.262400000000000000e+04
2.161600000000000000e+04
2.180800000000000000e+04
2.209600000000000000e+04
2.211200000000000000e+04
2.156800000000000000e+04
2.195200000000000000e+04
2.158400000000000000e+04
2.097600000000000000e+04
2.174400000000000000e+04
2.030400000000000000e+04
2.073600000000000000e+04
2.020800000000000000e+04
2.019200000000000000e+04
1.998400000000000000e+04
1.942400000000000000e+04
2.020800000000000000e+04
2.080000000000000000e+04
2.094400000000000000e+04
2.019200000000000000e+04
2.038400000000000000e+04
1.969600000000000000e+04
1.985600000000000000e+04
1.908800000000000000e+04
1.896000000000000000e+04
1.920000000000000000e+04
1.940800000000000000e+04
1.809600000000000000e+04
1.856000000000000000e+04
1.881600000000000000e+04
1.753600000000000000e+04
1.864000000000000000e+04
1.808000000000000000e+04
1.777600000000000000e+04
1.758400000000000000e+04
1.724800000000000000e+04
1.747200000000000000e+04
1.830400000000000000e+04
1.678400000000000000e+04
1.740800000000000000e+04
1.697600000000000000e+04
1.656000000000000000e+04
1.702400000000000000e+04
1.715200000000000000e+04
1.744000000000000000e+04
1.680000000000000000e+04
1.534400000000000000e+04
1.608000000000000000e+04
1.641600000000000000e+04
1.651200000000000000e+04
1.595200000000000000e+04
1.547200000000000000e+04
1.524800000000000000e+04
1.622400000000000000e+04
1.571200000000000000e+04
1.550400000000000000e+04
1.564800000000000000e+04
1.520000000000000000e+04
1.492800000000000000e+04
1.475200000000000000e+04
1.544000000000000000e+04
1.472000000000000000e+04
1.456000000000000000e+04
1.464000000000000000e+04
1.508800000000000000e+04
1.356800000000000000e+04
1.432000000000000000e+04
1.435200000000000000e+04
1.465600000000000000e+04
1.412800000000000000e+04
1.392000000000000000e+04
1.460800000000000000e+04
1.366400000000000000e+04
1.412800000000000000e+04
1.420800000000000000e+04
1.384000000000000000e+04
1.368000000000000000e+04
1.412800000000000000e+04
1.310400000000000000e+04
1.339200000000000000e+04
1.377600000000000000e+04
1.288000000000000000e+04
1.339200000000000000e+04
1.348800000000000000e+04
1.361600000000000000e+04
1.323200000000000000e+04
1.328000000000000000e+04
1.244800000000000000e+04
1.284800000000000000e+04
1.219200000000000000e+04
1.160000000000000000e+04
1.340800000000000000e+04
1.294400000000000000e+04
1.212800000000000000e+04
1.211200000000000000e+04
1.272000000000000000e+04
1.259200000000000000e+04
1.251200000000000000e+04
1.240000000000000000e+04
1.209600000000000000e+04
1.227200000000000000e+04
1.212800000000000000e+04
1.081600000000000000e+04
1.148800000000000000e+04
1.228800000000000000e+04
1.132800000000000000e+04
1.118400000000000000e+04
1.160000000000000000e+04
1.164800000000000000e+04
1.128000000000000000e+04
1.102400000000000000e+04
1.056000000000000000e+04
1.140800000000000000e+04
1.032000000000000000e+04
1.145600000000000000e+04
1.073600000000000000e+04
1.107200000000000000e+04
1.105600000000000000e+04
1.043200000000000000e+04
1.059200000000000000e+04
1.030400000000000000e+04
1.049600000000000000e+04
1.118400000000000000e+04
1.049600000000000000e+04
1.048000000000000000e+04
9.760000000000000000e+03
1.043200000000000000e+04
1.032000000000000000e+04
1.054400000000000000e+04
1.017600000000000000e+04
1.014400000000000000e+04
9.216000000000000000e+03
1.056000000000000000e+04
1.006400000000000000e+04
1.088000000000000000e+04
9.408000000000000000e+03
9.424000000000000000e+03
9.616000000000000000e+03
9.728000000000000000e+03
9.616000000000000000e+03
9.360000000000000000e+03
9.488000000000000000e+03
1.025600000000000000e+04
9.568000000000000000e+03
8.864000000000000000e+03
9.680000000000000000e+03
9.744000000000000000e+03
9.872000000000000000e+03
9.808000000000000000e+03
8.992000000000000000e+03
9.104000000000000000e+03
8.512000000000000000e+03
9.712000000000000000e+03
8.944000000000000000e+03
9.136000000000000000e+03
9.120000000000000000e+03
9.264000000000000000e+03
8.912000000000000000e+03
8.912000000000000000e+03
9.376000000000000000e+03
9.216000000000000000e+03
9.056000000000000000e+03
9.344000000000000000e+03
8.320000000000000000e+03
8.336000000000000000e+03
8.768000000000000000e+03
8.976000000000000000e+03
9.040000000000000000e+03
8.128000000000000000e+03
8.448000000000000000e+03
9.008000000000000000e+03
8.912000000000000000e+03
8.704000000000000000e+03
8.208000000000000000e+03
8.528000000000000000e+03
8.688000000000000000e+03
8.480000000000000000e+03
8.160000000000000000e+03
8.544000000000000000e+03
7.504000000000000000e+03
8.240000000000000000e+03
7.888000000000000000e+03
7.952000000000000000e+03
9.104000000000000000e+03
8.576000000000000000e+03
7.824000000000000000e+03
7.952000000000000000e+03
8.144000000000000000e+03
7.344000000000000000e+03
8.176000000000000000e+03
7.648000000000000000e+03
7.888000000000000000e+03
7.936000000000000000e+03
7.328000000000000000e+03
7.936000000000000000e+03
7.696000000000000000e+03
7.392000000000000000e+03
7.232000000000000000e+03
8.000000000000000000e+03
7.216000000000000000e+03
7.184000000000000000e+03
6.896000000000000000e+03
7.072000000000000000e+03
6.736000000000000000e+03
7.248000000000000000e+03
7.344000000000000000e+03
7.392000000000000000e+03
7.280000000000000000e+03
7.248000000000000000e+03
7.184000000000000000e+03
7.440000000000000000e+03
7.344000000000000000e+03
7.504000000000000000e+03
6.688000000000000000e+03
7.248000000000000000e+03
6.896000000000000000e+03
6.736000000000000000e+03
7.568000000000000000e+03
7.216000000000000000e+03
6.912000000000000000e+03
6.912000000000000000e+03
6.688000000000000000e+03
6.976000000000000000e+03
6.224000000000000000e+03
6.816000000000000000e+03
6.432000000000000000e+03
6.512000000000000000e+03
7.184000000000000000e+03
6.576000000000000000e+03
6.688000000000000000e+03
6.496000000000000000e+03
6.624000000000000000e+03
6.576000000000000000e+03
6.000000000000000000e+03
6.432000000000000000e+03
5.792000000000000000e+03
6.128000000000000000e+03
6.320000000000000000e+03
7.232000000000000000e+03
6.144000000000000000e+03
