6.604800000000000000e+04
6.774400000000000000e+04
6.793600000000000000e+04
7.190400000000000000e+04
7.616000000000000000e+04
7.945600000000000000e+04
8.172800000000000000e+04
8.592000000000000000e+04
9.017600000000000000e+04
9.753600000000000000e+04
1.018880000000000000e+05
1.056320000000000000e+05
1.099200000000000000e+05
1.171520000000000000e+05
1.271040000000000000e+05
1.326400000000000000e+05
1.413760000000000000e+05
1.484800000000000000e+05
1.586240000000000000e+05
1.623360000000000000e+05
1.792320000000000000e+05
1.856960000000000000e+05
2.009600000000000000e+05
2.177920000000000000e+05
2.328000000000000000e+05
2.584320000000000000e+05
2.791360000000000000e+05
3.024960000000000000e+05
3.256320000000000000e+05
3.589440000000000000e+05
3.874560000000000000e+05
4.368000000000000000e+05
4.830720000000000000e+05
5.392000000000000000e+05
6.077760000000000000e+05
6.760000000000000000e+05
7.729600000000000000e+05
8.830720000000000000e+05
1.012128000000000000e+06
1.195328000000000000e+06
1.378976000000000000e+06
1.639680000000000000e+06
1.960128000000000000e+06
2.358560000000000000e+06
2.879552000000000000e+06
3.514496000000000000e+06
4.282784000000000000e+06
5.088864000000000000e+06
5.807360000000000000e+06
6.261056000000000000e+06
6.277632000000000000e+06
5.844352000000000000e+06
5.088480000000000000e+06
4.279136000000000000e+06
3.532960000000000000e+06
2.872448000000000000e+06
2.370944000000000000e+06
1.963552000000000000e+06
1.643520000000000000e+06
1.373408000000000000e+06
1.191744000000000000e+06
1.010112000000000000e+06
8.774720000000000000e+05
7.638080000000000000e+05
6.814080000000000000e+05
5.985600000000000000e+05
5.404480000000000000e+05
4.816640000000000000e+05
4.357120000000000000e+05
3.889920000000000000e+05
3.639360000000000000e+05
3.263360000000000000e+05
3.045760000000000000e+05
2.736960000000000000e+05
2.521920000000000000e+05
2.319360000000000000e+05
2.213120000000000000e+05
2.048640000000000000e+05
1.924160000000000000e+05
1.789120000000000000e+05
1.674240000000000000e+05
1.548480000000000000e+05
1.490880000000000000e+05
1.379520000000000000e+05
1.295360000000000000e+05
1.237760000000000000e+05
1.189440000000000000e+05
1.123200000000000000e+05
1.061120000000000000e+05
9.833600000000000000e+04
9.785600000000000000e+04
9.283200000000000000e+04
8.646400000000000000e+04
8.451200000000000000e+04
7.795200000000000000e+04
7.529600000000000000e+04
7.174400000000000000e+04
7.113600000000000000e+04
6.534400000000000000e+04
6.627200000000000000e+04
