6.271000000000000000e+03
6.266000000000000000e+03
6.394000000000000000e+03
6.314000000000000000e+03
6.373000000000000000e+03
6.465000000000000000e+03
6.402000000000000000e+03
6.284000000000000000e+03
6.665000000000000000e+03
6.525000000000000000e+03
6.651000000000000000e+03
6.420000000000000000e+03
6.610000000000000000e+03
6.642000000000000000e+03
6.678000000000000000e+03
6.829000000000000000e+03
6.612000000000000000e+03
6.822000000000000000e+03
6.878000000000000000e+03
6.750000000000000000e+03
6.923000000000000000e+03
6.830000000000000000e+03
6.757000000000000000e+03
6.820000000000000000e+03
6.910000000000000000e+03
6.967000000000000000e+03
7.003000000000000000e+03
7.166000000000000000e+03
7.102000000000000000e+03
6.961000000000000000e+03
7.220000000000000000e+03
7.075000000000000000e+03
7.296000000000000000e+03
7.247000000000000000e+03
7.147000000000000000e+03
7.405000000000000000e+03
7.441000000000000000e+03
7.285000000000000000e+03
7.460000000000000000e+03
7.561000000000000000e+03
7.385000000000000000e+03
7.475000000000000000e+03
7.371000000000000000e+03
7.660000000000000000e+03
7.571000000000000000e+03
7.729000000000000000e+03
7.605000000000000000e+03
7.588000000000000000e+03
7.750000000000000000e+03
7.750000000000000000e+03
7.874000000000000000e+03
7.874000000000000000e+03
7.845000000000000000e+03
7.868000000000000000e+03
7.850000000000000000e+03
8.020000000000000000e+03
8.052000000000000000e+03
7.869000000000000000e+03
8.184000000000000000e+03
8.048000000000000000e+03
8.256000000000000000e+03
8.162000000000000000e+03
8.233000000000000000e+03
8.215000000000000000e+03
8.217000000000000000e+03
8.377000000000000000e+03
8.289000000000000000e+03
8.513000000000000000e+03
8.445000000000000000e+03
8.270000000000000000e+03
8.409000000000000000e+03
8.500000000000000000e+03
8.593000000000000000e+03
8.512000000000000000e+03
8.778000000000000000e+03
8.684000000000000000e+03
8.654000000000000000e+03
8.820000000000000000e+03
8.788000000000000000e+03
9.088000000000000000e+03
9.146000000000000000e+03
8.909000000000000000e+03
9.066000000000000000e+03
9.020000000000000000e+03
9.013000000000000000e+03
9.044000000000000000e+03
9.190000000000000000e+03
9.281000000000000000e+03
9.260000000000000000e+03
9.411000000000000000e+03
9.417000000000000000e+03
9.330000000000000000e+03
9.381000000000000000e+03
9.307000000000000000e+03
9.648000000000000000e+03
9.496000000000000000e+03
9.496000000000000000e+03
9.504000000000000000e+03
9.579000000000000000e+03
9.838000000000000000e+03
9.773000000000000000e+03
9.845000000000000000e+03
1.007300000000000000e+04
1.007000000000000000e+04
1.015400000000000000e+04
1.023100000000000000e+04
1.011500000000000000e+04
1.022000000000000000e+04
1.031200000000000000e+04
1.039400000000000000e+04
1.037800000000000000e+04
1.048000000000000000e+04
1.040300000000000000e+04
1.055100000000000000e+04
1.047500000000000000e+04
1.064300000000000000e+04
1.057900000000000000e+04
1.073700000000000000e+04
1.072000000000000000e+04
1.089700000000000000e+04
1.080000000000000000e+04
1.090400000000000000e+04
1.092600000000000000e+04
1.092600000000000000e+04
1.111000000000000000e+04
1.108200000000000000e+04
1.098000000000000000e+04
1.133400000000000000e+04
1.123300000000000000e+04
1.137500000000000000e+04
1.148900000000000000e+04
1.156200000000000000e+04
1.179400000000000000e+04
1.162300000000000000e+04
1.170500000000000000e+04
1.184300000000000000e+04
1.202900000000000000e+04
1.193400000000000000e+04
1.205700000000000000e+04
1.217600000000000000e+04
1.208800000000000000e+04
1.211900000000000000e+04
1.221400000000000000e+04
1.238000000000000000e+04
1.235600000000000000e+04
1.236800000000000000e+04
1.259900000000000000e+04
1.259400000000000000e+04
1.265900000000000000e+04
1.266400000000000000e+04
1.273900000000000000e+04
1.268800000000000000e+04
1.285700000000000000e+04
1.299700000000000000e+04
1.312400000000000000e+04
1.300000000000000000e+04
1.299700000000000000e+04
1.310500000000000000e+04
1.339100000000000000e+04
1.353500000000000000e+04
1.350800000000000000e+04
1.376800000000000000e+04
1.375800000000000000e+04
1.386800000000000000e+04
1.395000000000000000e+04
1.388800000000000000e+04
1.395500000000000000e+04
1.395300000000000000e+04
1.414600000000000000e+04
1.449600000000000000e+04
1.433400000000000000e+04
1.435100000000000000e+04
1.427800000000000000e+04
1.453500000000000000e+04
1.495600000000000000e+04
1.463100000000000000e+04
1.485200000000000000e+04
1.470300000000000000e+04
1.500000000000000000e+04
1.524500000000000000e+04
1.514400000000000000e+04
1.523800000000000000e+04
1.538200000000000000e+04
1.517100000000000000e+04
1.545800000000000000e+04
1.565500000000000000e+04
1.577300000000000000e+04
1.581900000000000000e+04
1.600200000000000000e+04
1.597700000000000000e+04
1.630300000000000000e+04
1.617300000000000000e+04
1.636900000000000000e+04
1.657100000000000000e+04
1.655800000000000000e+04
1.676600000000000000e+04
1.666300000000000000e+04
1.676600000000000000e+04
1.697000000000000000e+04
1.725100000000000000e+04
1.731300000000000000e+04
1.751600000000000000e+04
1.756800000000000000e+04
1.773700000000000000e+04
1.787500000000000000e+04
1.781300000000000000e+04
1.806300000000000000e+04
1.787100000000000000e+04
1.842900000000000000e+04
1.827600000000000000e+04
1.827900000000000000e+04
1.870500000000000000e+04
1.883100000000000000e+04
1.890900000000000000e+04
1.883000000000000000e+04
1.925300000000000000e+04
1.937100000000000000e+04
1.953200000000000000e+04
1.934400000000000000e+04
1.954400000000000000e+04
1.966500000000000000e+04
1.962400000000000000e+04
1.999700000000000000e+04
2.013300000000000000e+04
2.030100000000000000e+04
2.058100000000000000e+04
2.061700000000000000e+04
2.061000000000000000e+04
2.068900000000000000e+04
2.089300000000000000e+04
2.127100000000000000e+04
2.142000000000000000e+04
2.152100000000000000e+04
2.152200000000000000e+04
2.156700000000000000e+04
2.210200000000000000e+04
2.212300000000000000e+04
2.223300000000000000e+04
2.257500000000000000e+04
2.263700000000000000e+04
2.244200000000000000e+04
2.272600000000000000e+04
2.319100000000000000e+04
2.340700000000000000e+04
2.366800000000000000e+04
2.361100000000000000e+04
2.371800000000000000e+04
2.388800000000000000e+04
2.429600000000000000e+04
2.439400000000000000e+04
2.464000000000000000e+04
2.467700000000000000e+04
2.475400000000000000e+04
2.537200000000000000e+04
2.534800000000000000e+04
2.578800000000000000e+04
2.571400000000000000e+04
2.586600000000000000e+04
2.614300000000000000e+04
2.640500000000000000e+04
2.667200000000000000e+04
2.693600000000000000e+04
2.689100000000000000e+04
2.730600000000000000e+04
2.736400000000000000e+04
2.752300000000000000e+04
2.815500000000000000e+04
2.818100000000000000e+04
2.847000000000000000e+04
2.876500000000000000e+04
2.886800000000000000e+04
2.917100000000000000e+04
2.948500000000000000e+04
2.986500000000000000e+04
2.993700000000000000e+04
3.028000000000000000e+04
3.037500000000000000e+04
3.071700000000000000e+04
3.093600000000000000e+04
3.110000000000000000e+04
3.145300000000000000e+04
3.150400000000000000e+04
3.197500000000000000e+04
3.209100000000000000e+04
3.242900000000000000e+04
3.291700000000000000e+04
3.294300000000000000e+04
3.330500000000000000e+04
3.352200000000000000e+04
3.397700000000000000e+04
3.417600000000000000e+04
3.474100000000000000e+04
3.540700000000000000e+04
3.508800000000000000e+04
3.525400000000000000e+04
3.598900000000000000e+04
3.664100000000000000e+04
3.669200000000000000e+04
3.699400000000000000e+04
3.729500000000000000e+04
3.767200000000000000e+04
3.814800000000000000e+04
3.847900000000000000e+04
3.887000000000000000e+04
3.908600000000000000e+04
3.958700000000000000e+04
3.947700000000000000e+04
4.007800000000000000e+04
4.054300000000000000e+04
4.088900000000000000e+04
4.179900000000000000e+04
4.185200000000000000e+04
4.230200000000000000e+04
4.277000000000000000e+04
4.318900000000000000e+04
4.319600000000000000e+04
4.361500000000000000e+04
4.427200000000000000e+04
4.480500000000000000e+04
4.539500000000000000e+04
4.593700000000000000e+04
4.653400000000000000e+04
4.704200000000000000e+04
4.715600000000000000e+04
4.794900000000000000e+04
4.889300000000000000e+04
4.863600000000000000e+04
4.912100000000000000e+04
4.980000000000000000e+04
5.064300000000000000e+04
5.055800000000000000e+04
5.157500000000000000e+04
5.218600000000000000e+04
5.263700000000000000e+04
5.306300000000000000e+04
5.373700000000000000e+04
5.450400000000000000e+04
5.473200000000000000e+04
5.578600000000000000e+04
5.657400000000000000e+04
5.685600000000000000e+04
5.759500000000000000e+04
5.839100000000000000e+04
5.914000000000000000e+04
5.943700000000000000e+04
6.017200000000000000e+04
6.154100000000000000e+04
6.220400000000000000e+04
6.249300000000000000e+04
6.305000000000000000e+04
6.448000000000000000e+04
6.473300000000000000e+04
6.551700000000000000e+04
6.593300000000000000e+04
6.703700000000000000e+04
6.837300000000000000e+04
6.878700000000000000e+04
6.954300000000000000e+04
7.117600000000000000e+04
7.170500000000000000e+04
7.187700000000000000e+04
7.353800000000000000e+04
7.444100000000000000e+04
7.551300000000000000e+04
7.608800000000000000e+04
7.725800000000000000e+04
7.815000000000000000e+04
7.920100000000000000e+04
8.045900000000000000e+04
8.125000000000000000e+04
8.278300000000000000e+04
8.345200000000000000e+04
8.465500000000000000e+04
8.630100000000000000e+04
8.735000000000000000e+04
8.848900000000000000e+04
9.004000000000000000e+04
9.112700000000000000e+04
9.200000000000000000e+04
9.367500000000000000e+04
9.479200000000000000e+04
9.640800000000000000e+04
9.720200000000000000e+04
9.949900000000000000e+04
1.002300000000000000e+05
1.028420000000000000e+05
1.034110000000000000e+05
1.054330000000000000e+05
1.069680000000000000e+05
1.076790000000000000e+05
1.100400000000000000e+05
1.117420000000000000e+05
1.129250000000000000e+05
1.152200000000000000e+05
1.165450000000000000e+05
1.183490000000000000e+05
1.206190000000000000e+05
1.223620000000000000e+05
1.239680000000000000e+05
1.263140000000000000e+05
1.283420000000000000e+05
1.305650000000000000e+05
1.330600000000000000e+05
1.348580000000000000e+05
1.375400000000000000e+05
1.390640000000000000e+05
1.418200000000000000e+05
1.440530000000000000e+05
1.463840000000000000e+05
1.486820000000000000e+05
1.510810000000000000e+05
1.534420000000000000e+05
1.560950000000000000e+05
1.591250000000000000e+05
1.621690000000000000e+05
1.652090000000000000e+05
1.677410000000000000e+05
1.711900000000000000e+05
1.746720000000000000e+05
1.775280000000000000e+05
1.803990000000000000e+05
1.835710000000000000e+05
1.875490000000000000e+05
1.907470000000000000e+05
1.954560000000000000e+05
1.975440000000000000e+05
2.018550000000000000e+05
2.046810000000000000e+05
2.099900000000000000e+05
2.133300000000000000e+05
2.164200000000000000e+05
2.218900000000000000e+05
2.256030000000000000e+05
2.291800000000000000e+05
2.344700000000000000e+05
2.393520000000000000e+05
2.417670000000000000e+05
2.495320000000000000e+05
2.525440000000000000e+05
2.580810000000000000e+05
2.638390000000000000e+05
2.693370000000000000e+05
2.742490000000000000e+05
2.799340000000000000e+05
2.858580000000000000e+05
2.912890000000000000e+05
2.974320000000000000e+05
3.019500000000000000e+05
3.098310000000000000e+05
3.148050000000000000e+05
3.215290000000000000e+05
3.287260000000000000e+05
3.346230000000000000e+05
3.402990000000000000e+05
3.491410000000000000e+05
3.550620000000000000e+05
3.619990000000000000e+05
3.692850000000000000e+05
3.766350000000000000e+05
3.843260000000000000e+05
3.922310000000000000e+05
3.984250000000000000e+05
4.074980000000000000e+05
4.151590000000000000e+05
4.232380000000000000e+05
4.314160000000000000e+05
4.394520000000000000e+05
4.468620000000000000e+05
4.559630000000000000e+05
4.644860000000000000e+05
4.718580000000000000e+05
4.808600000000000000e+05
4.886550000000000000e+05
4.960740000000000000e+05
5.046620000000000000e+05
5.135600000000000000e+05
5.209260000000000000e+05
5.302830000000000000e+05
5.364470000000000000e+05
5.474960000000000000e+05
5.528120000000000000e+05
5.590180000000000000e+05
5.661730000000000000e+05
5.742440000000000000e+05
5.801500000000000000e+05
5.863660000000000000e+05
5.929240000000000000e+05
5.975970000000000000e+05
6.049360000000000000e+05
6.092440000000000000e+05
6.124830000000000000e+05
6.184190000000000000e+05
6.239620000000000000e+05
6.265210000000000000e+05
6.281630000000000000e+05
6.307450000000000000e+05
6.341490000000000000e+05
6.350620000000000000e+05
6.365300000000000000e+05
6.358320000000000000e+05
6.371830000000000000e+05
6.365110000000000000e+05
6.355450000000000000e+05
6.329420000000000000e+05
6.313370000000000000e+05
6.285950000000000000e+05
6.261460000000000000e+05
6.214660000000000000e+05
6.178330000000000000e+05
6.137050000000000000e+05
6.092630000000000000e+05
6.032030000000000000e+05
5.993930000000000000e+05
5.936950000000000000e+05
5.868610000000000000e+05
5.806460000000000000e+05
5.739180000000000000e+05
5.674850000000000000e+05
5.594630000000000000e+05
5.532490000000000000e+05
5.449520000000000000e+05
5.373830000000000000e+05
5.296280000000000000e+05
5.211550000000000000e+05
5.135260000000000000e+05
5.060300000000000000e+05
4.969090000000000000e+05
4.890400000000000000e+05
4.821530000000000000e+05
4.724090000000000000e+05
4.641830000000000000e+05
4.571640000000000000e+05
4.474240000000000000e+05
4.393750000000000000e+05
4.313280000000000000e+05
4.245600000000000000e+05
4.154550000000000000e+05
4.070750000000000000e+05
3.995570000000000000e+05
3.925480000000000000e+05
3.849470000000000000e+05
3.767570000000000000e+05
3.701380000000000000e+05
3.625690000000000000e+05
3.538480000000000000e+05
3.477170000000000000e+05
3.411590000000000000e+05
3.340650000000000000e+05
3.274710000000000000e+05
3.218250000000000000e+05
3.151110000000000000e+05
3.087760000000000000e+05
3.026020000000000000e+05
2.971540000000000000e+05
2.911720000000000000e+05
2.855360000000000000e+05
2.788590000000000000e+05
2.743600000000000000e+05
2.701360000000000000e+05
2.641260000000000000e+05
2.579660000000000000e+05
2.534840000000000000e+05
2.490970000000000000e+05
2.438890000000000000e+05
2.387120000000000000e+05
2.347310000000000000e+05
2.296360000000000000e+05
2.257280000000000000e+05
2.208770000000000000e+05
2.168250000000000000e+05
2.133500000000000000e+05
2.088240000000000000e+05
2.040920000000000000e+05
2.017110000000000000e+05
1.976860000000000000e+05
1.943840000000000000e+05
1.910810000000000000e+05
1.867110000000000000e+05
1.836390000000000000e+05
1.798860000000000000e+05
1.769890000000000000e+05
1.739750000000000000e+05
1.707460000000000000e+05
1.686440000000000000e+05
1.650560000000000000e+05
1.619030000000000000e+05
1.591450000000000000e+05
1.561990000000000000e+05
1.543520000000000000e+05
1.519470000000000000e+05
1.493940000000000000e+05
1.466670000000000000e+05
1.434540000000000000e+05
1.417360000000000000e+05
1.387370000000000000e+05
1.370730000000000000e+05
1.347030000000000000e+05
1.319400000000000000e+05
1.308000000000000000e+05
1.283620000000000000e+05
1.265430000000000000e+05
1.243760000000000000e+05
1.223450000000000000e+05
1.206540000000000000e+05
1.186980000000000000e+05
1.168700000000000000e+05
1.147900000000000000e+05
1.142340000000000000e+05
1.118010000000000000e+05
1.096540000000000000e+05
1.081270000000000000e+05
1.064870000000000000e+05
1.055720000000000000e+05
1.032180000000000000e+05
1.021610000000000000e+05
1.007930000000000000e+05
9.901600000000000000e+04
9.674100000000000000e+04
9.597700000000000000e+04
9.526300000000000000e+04
9.343000000000000000e+04
9.228700000000000000e+04
9.126000000000000000e+04
8.903100000000000000e+04
8.853300000000000000e+04
8.718400000000000000e+04
8.618000000000000000e+04
8.484700000000000000e+04
8.363900000000000000e+04
8.194400000000000000e+04
8.136100000000000000e+04
8.089500000000000000e+04
7.950700000000000000e+04
7.858000000000000000e+04
7.701700000000000000e+04
7.664600000000000000e+04
7.498100000000000000e+04
7.434100000000000000e+04
7.322200000000000000e+04
7.252000000000000000e+04
7.189200000000000000e+04
7.088900000000000000e+04
7.005400000000000000e+04
6.845500000000000000e+04
6.818000000000000000e+04
6.724000000000000000e+04
6.659100000000000000e+04
6.510900000000000000e+04
6.484000000000000000e+04
6.404700000000000000e+04
6.281600000000000000e+04
6.252200000000000000e+04
6.171600000000000000e+04
6.095900000000000000e+04
6.061100000000000000e+04
5.940900000000000000e+04
5.885000000000000000e+04
5.772200000000000000e+04
5.723900000000000000e+04
5.661500000000000000e+04
5.633300000000000000e+04
5.575800000000000000e+04
5.508500000000000000e+04
5.419900000000000000e+04
5.388800000000000000e+04
5.285000000000000000e+04
5.288800000000000000e+04
5.206400000000000000e+04
5.186300000000000000e+04
5.104900000000000000e+04
5.070000000000000000e+04
5.019900000000000000e+04
4.975300000000000000e+04
4.904700000000000000e+04
4.810400000000000000e+04
4.759200000000000000e+04
4.708100000000000000e+04
4.690700000000000000e+04
4.630300000000000000e+04
4.614800000000000000e+04
4.536500000000000000e+04
4.516500000000000000e+04
4.431500000000000000e+04
4.376500000000000000e+04
4.366700000000000000e+04
4.338100000000000000e+04
4.236700000000000000e+04
4.246800000000000000e+04
4.168500000000000000e+04
4.128300000000000000e+04
4.105900000000000000e+04
4.092200000000000000e+04
4.031200000000000000e+04
4.003600000000000000e+04
3.946000000000000000e+04
3.935800000000000000e+04
3.872900000000000000e+04
3.827500000000000000e+04
3.785400000000000000e+04
3.800400000000000000e+04
3.744400000000000000e+04
3.691900000000000000e+04
3.650400000000000000e+04
3.651600000000000000e+04
3.590500000000000000e+04
3.554800000000000000e+04
3.554600000000000000e+04
3.504400000000000000e+04
3.451700000000000000e+04
3.441600000000000000e+04
3.401400000000000000e+04
3.376400000000000000e+04
3.329100000000000000e+04
3.259000000000000000e+04
3.266000000000000000e+04
3.233800000000000000e+04
3.217100000000000000e+04
3.240800000000000000e+04
3.158500000000000000e+04
3.159800000000000000e+04
3.115000000000000000e+04
3.080300000000000000e+04
3.054700000000000000e+04
3.028400000000000000e+04
3.020100000000000000e+04
2.978500000000000000e+04
2.982500000000000000e+04
2.925400000000000000e+04
2.916800000000000000e+04
2.893400000000000000e+04
2.849500000000000000e+04
2.810400000000000000e+04
2.802800000000000000e+04
2.798000000000000000e+04
2.776900000000000000e+04
2.770300000000000000e+04
2.747000000000000000e+04
2.692600000000000000e+04
2.685300000000000000e+04
2.653600000000000000e+04
2.640700000000000000e+04
2.620300000000000000e+04
2.606800000000000000e+04
2.585700000000000000e+04
2.556800000000000000e+04
2.551600000000000000e+04
2.506600000000000000e+04
2.470600000000000000e+04
2.464100000000000000e+04
2.439700000000000000e+04
2.457300000000000000e+04
2.449800000000000000e+04
2.427100000000000000e+04
2.379800000000000000e+04
2.389500000000000000e+04
2.321700000000000000e+04
2.349800000000000000e+04
2.294500000000000000e+04
2.282900000000000000e+04
2.276000000000000000e+04
2.274400000000000000e+04
2.242200000000000000e+04
2.211800000000000000e+04
2.205000000000000000e+04
2.199100000000000000e+04
2.186300000000000000e+04
2.164500000000000000e+04
2.132300000000000000e+04
2.113500000000000000e+04
2.115700000000000000e+04
2.105800000000000000e+04
2.097100000000000000e+04
2.083300000000000000e+04
2.074500000000000000e+04
2.036000000000000000e+04
2.037700000000000000e+04
2.013700000000000000e+04
2.026400000000000000e+04
2.008000000000000000e+04
1.977500000000000000e+04
1.952100000000000000e+04
1.934000000000000000e+04
1.941100000000000000e+04
1.929200000000000000e+04
1.903900000000000000e+04
1.918900000000000000e+04
1.870900000000000000e+04
1.899100000000000000e+04
1.860700000000000000e+04
1.852300000000000000e+04
1.846600000000000000e+04
1.821300000000000000e+04
1.800300000000000000e+04
1.791400000000000000e+04
1.770900000000000000e+04
1.758600000000000000e+04
1.781600000000000000e+04
1.759600000000000000e+04
1.728200000000000000e+04
1.736700000000000000e+04
1.730300000000000000e+04
1.704600000000000000e+04
1.661600000000000000e+04
1.692500000000000000e+04
1.674900000000000000e+04
1.670600000000000000e+04
1.643500000000000000e+04
1.638500000000000000e+04
1.639400000000000000e+04
1.605600000000000000e+04
1.612300000000000000e+04
1.580900000000000000e+04
1.586200000000000000e+04
1.572400000000000000e+04
1.590400000000000000e+04
1.560600000000000000e+04
1.548500000000000000e+04
1.530200000000000000e+04
1.542600000000000000e+04
1.519300000000000000e+04
1.502700000000000000e+04
1.508700000000000000e+04
1.482700000000000000e+04
1.480000000000000000e+04
1.495300000000000000e+04
1.460300000000000000e+04
1.449500000000000000e+04
1.442700000000000000e+04
1.444800000000000000e+04
1.425800000000000000e+04
1.434400000000000000e+04
1.410200000000000000e+04
1.402600000000000000e+04
1.369800000000000000e+04
1.410500000000000000e+04
1.378200000000000000e+04
1.363500000000000000e+04
1.368800000000000000e+04
1.370000000000000000e+04
1.367300000000000000e+04
1.340300000000000000e+04
1.330200000000000000e+04
1.346900000000000000e+04
1.319200000000000000e+04
1.315800000000000000e+04
1.298000000000000000e+04
1.299000000000000000e+04
1.303100000000000000e+04
1.288200000000000000e+04
1.282800000000000000e+04
1.264000000000000000e+04
1.266000000000000000e+04
1.246400000000000000e+04
1.246800000000000000e+04
1.242600000000000000e+04
1.229700000000000000e+04
1.226600000000000000e+04
1.217500000000000000e+04
1.196000000000000000e+04
1.211100000000000000e+04
1.208500000000000000e+04
1.166900000000000000e+04
1.168200000000000000e+04
1.172800000000000000e+04
1.176600000000000000e+04
1.180700000000000000e+04
1.166300000000000000e+04
1.152100000000000000e+04
1.150200000000000000e+04
1.141100000000000000e+04
1.143300000000000000e+04
1.152100000000000000e+04
1.132000000000000000e+04
1.110600000000000000e+04
1.129400000000000000e+04
1.107300000000000000e+04
1.101800000000000000e+04
1.090000000000000000e+04
1.094800000000000000e+04
1.091000000000000000e+04
1.094800000000000000e+04
1.081500000000000000e+04
1.068900000000000000e+04
1.080900000000000000e+04
1.057600000000000000e+04
1.040400000000000000e+04
1.035500000000000000e+04
1.059200000000000000e+04
1.025100000000000000e+04
1.049400000000000000e+04
1.018300000000000000e+04
1.024900000000000000e+04
1.014600000000000000e+04
1.034200000000000000e+04
1.012800000000000000e+04
9.896000000000000000e+03
9.901000000000000000e+03
9.892000000000000000e+03
9.853000000000000000e+03
9.828000000000000000e+03
9.785000000000000000e+03
9.791000000000000000e+03
9.812000000000000000e+03
9.704000000000000000e+03
9.557000000000000000e+03
9.315000000000000000e+03
9.483000000000000000e+03
9.439000000000000000e+03
9.359000000000000000e+03
9.357000000000000000e+03
9.312000000000000000e+03
9.267000000000000000e+03
9.188000000000000000e+03
9.259000000000000000e+03
9.246000000000000000e+03
9.171000000000000000e+03
9.011000000000000000e+03
8.984000000000000000e+03
8.961000000000000000e+03
8.863000000000000000e+03
8.820000000000000000e+03
8.927000000000000000e+03
8.804000000000000000e+03
8.815000000000000000e+03
8.647000000000000000e+03
8.545000000000000000e+03
8.554000000000000000e+03
8.522000000000000000e+03
8.604000000000000000e+03
8.509000000000000000e+03
8.248000000000000000e+03
8.484000000000000000e+03
8.509000000000000000e+03
8.513000000000000000e+03
8.149000000000000000e+03
8.233000000000000000e+03
8.093000000000000000e+03
8.164000000000000000e+03
8.199000000000000000e+03
8.084000000000000000e+03
8.082000000000000000e+03
8.077000000000000000e+03
7.945000000000000000e+03
8.066000000000000000e+03
7.854000000000000000e+03
7.744000000000000000e+03
7.798000000000000000e+03
7.879000000000000000e+03
7.771000000000000000e+03
7.800000000000000000e+03
7.641000000000000000e+03
7.744000000000000000e+03
7.609000000000000000e+03
7.638000000000000000e+03
7.574000000000000000e+03
7.644000000000000000e+03
7.559000000000000000e+03
7.544000000000000000e+03
7.537000000000000000e+03
7.690000000000000000e+03
7.262000000000000000e+03
7.482000000000000000e+03
7.301000000000000000e+03
7.388000000000000000e+03
7.384000000000000000e+03
7.152000000000000000e+03
7.212000000000000000e+03
7.158000000000000000e+03
7.202000000000000000e+03
7.073000000000000000e+03
7.202000000000000000e+03
6.942000000000000000e+03
6.942000000000000000e+03
6.906000000000000000e+03
6.886000000000000000e+03
7.093000000000000000e+03
6.962000000000000000e+03
6.948000000000000000e+03
6.912000000000000000e+03
6.769000000000000000e+03
6.881000000000000000e+03
6.821000000000000000e+03
6.676000000000000000e+03
6.730000000000000000e+03
6.776000000000000000e+03
6.692000000000000000e+03
6.708000000000000000e+03
6.681000000000000000e+03
6.557000000000000000e+03
6.687000000000000000e+03
6.503000000000000000e+03
6.587000000000000000e+03
6.441000000000000000e+03
6.397000000000000000e+03
6.371000000000000000e+03
6.446000000000000000e+03
6.429000000000000000e+03
6.180000000000000000e+03
6.245000000000000000e+03
6.440000000000000000e+03
