5.843000000000000000e+03
5.659000000000000000e+03
7.087000000000000000e+03
7.882000000000000000e+03
5.951000000000000000e+03
6.647000000000000000e+03
7.909000000000000000e+03
5.942000000000000000e+03
4.918000000000000000e+03
6.072000000000000000e+03
8.731000000000000000e+03
4.671000000000000000e+03
5.933000000000000000e+03
5.484000000000000000e+03
6.629000000000000000e+03
1.040600000000000000e+04
7.855000000000000000e+03
5.439000000000000000e+03
5.376000000000000000e+03
9.912000000000000000e+03
7.608000000000000000e+03
5.201000000000000000e+03
7.626000000000000000e+03
5.969000000000000000e+03
7.222000000000000000e+03
7.617000000000000000e+03
6.346000000000000000e+03
8.906000000000000000e+03
6.656000000000000000e+03
8.569000000000000000e+03
7.397000000000000000e+03
7.469000000000000000e+03
5.722000000000000000e+03
7.433000000000000000e+03
7.909000000000000000e+03
6.647000000000000000e+03
8.403000000000000000e+03
6.876000000000000000e+03
8.093000000000000000e+03
7.388000000000000000e+03
1.065300000000000000e+04
5.614000000000000000e+03
8.129000000000000000e+03
5.897000000000000000e+03
6.975000000000000000e+03
1.064400000000000000e+04
6.144000000000000000e+03
8.758000000000000000e+03
7.689000000000000000e+03
7.240000000000000000e+03
7.424000000000000000e+03
8.174000000000000000e+03
8.156000000000000000e+03
8.421000000000000000e+03
5.996000000000000000e+03
6.957000000000000000e+03
1.164100000000000000e+04
1.046000000000000000e+04
4.689000000000000000e+03
8.138000000000000000e+03
9.270000000000000000e+03
8.870000000000000000e+03
7.285000000000000000e+03
7.725000000000000000e+03
7.469000000000000000e+03
1.032500000000000000e+04
9.876000000000000000e+03
1.046900000000000000e+04
8.219000000000000000e+03
9.162000000000000000e+03
8.933000000000000000e+03
7.083000000000000000e+03
1.024900000000000000e+04
4.716000000000000000e+03
6.598000000000000000e+03
8.403000000000000000e+03
9.984000000000000000e+03
7.451000000000000000e+03
9.638000000000000000e+03
8.264000000000000000e+03
7.330000000000000000e+03
1.002000000000000000e+04
8.475000000000000000e+03
7.927000000000000000e+03
8.704000000000000000e+03
1.019500000000000000e+04
7.981000000000000000e+03
9.162000000000000000e+03
1.009600000000000000e+04
9.948000000000000000e+03
7.707000000000000000e+03
9.234000000000000000e+03
1.046000000000000000e+04
9.427000000000000000e+03
1.312300000000000000e+04
8.776000000000000000e+03
1.021300000000000000e+04
5.704000000000000000e+03
8.466000000000000000e+03
1.020400000000000000e+04
8.942000000000000000e+03
8.080000000000000000e+03
9.463000000000000000e+03
9.198000000000000000e+03
1.052300000000000000e+04
9.939000000000000000e+03
1.001100000000000000e+04
9.270000000000000000e+03
1.142100000000000000e+04
1.148400000000000000e+04
1.196900000000000000e+04
9.607000000000000000e+03
1.101700000000000000e+04
9.890000000000000000e+03
9.984000000000000000e+03
1.326700000000000000e+04
8.592000000000000000e+03
8.767000000000000000e+03
8.201000000000000000e+03
1.067100000000000000e+04
1.076100000000000000e+04
1.210400000000000000e+04
1.306500000000000000e+04
1.028500000000000000e+04
8.812000000000000000e+03
1.098100000000000000e+04
1.205900000000000000e+04
1.005600000000000000e+04
1.176700000000000000e+04
9.499000000000000000e+03
1.129100000000000000e+04
1.279100000000000000e+04
9.005000000000000000e+03
1.380600000000000000e+04
1.228800000000000000e+04
1.421000000000000000e+04
1.279100000000000000e+04
9.652000000000000000e+03
1.105300000000000000e+04
9.944000000000000000e+03
1.171300000000000000e+04
1.134500000000000000e+04
1.327600000000000000e+04
9.562000000000000000e+03
1.033900000000000000e+04
1.229700000000000000e+04
1.439000000000000000e+04
1.266500000000000000e+04
1.204100000000000000e+04
1.514000000000000000e+04
1.372500000000000000e+04
1.157400000000000000e+04
1.324900000000000000e+04
1.189300000000000000e+04
1.190200000000000000e+04
1.149300000000000000e+04
1.481200000000000000e+04
1.387800000000000000e+04
1.450200000000000000e+04
1.252600000000000000e+04
1.300200000000000000e+04
1.451100000000000000e+04
1.290800000000000000e+04
1.446600000000000000e+04
1.539600000000000000e+04
1.619500000000000000e+04
1.237800000000000000e+04
1.231500000000000000e+04
1.432700000000000000e+04
1.391400000000000000e+04
1.526100000000000000e+04
1.851700000000000000e+04
1.306500000000000000e+04
1.284500000000000000e+04
1.517600000000000000e+04
1.461900000000000000e+04
1.624900000000000000e+04
1.614600000000000000e+04
1.469500000000000000e+04
1.612800000000000000e+04
1.708000000000000000e+04
1.308300000000000000e+04
1.414300000000000000e+04
1.567900000000000000e+04
1.611900000000000000e+04
1.315500000000000000e+04
1.207700000000000000e+04
1.760100000000000000e+04
1.670300000000000000e+04
1.465500000000000000e+04
1.335700000000000000e+04
1.807700000000000000e+04
1.467300000000000000e+04
1.543200000000000000e+04
1.536000000000000000e+04
2.004400000000000000e+04
1.942000000000000000e+04
1.536900000000000000e+04
1.588100000000000000e+04
1.561600000000000000e+04
1.768200000000000000e+04
1.565200000000000000e+04
1.585400000000000000e+04
1.694100000000000000e+04
1.985100000000000000e+04
1.554900000000000000e+04
1.579600000000000000e+04
1.685100000000000000e+04
2.062800000000000000e+04
2.039000000000000000e+04
2.042600000000000000e+04
2.077200000000000000e+04
1.467300000000000000e+04
2.336300000000000000e+04
1.841400000000000000e+04
1.980200000000000000e+04
2.081200000000000000e+04
1.775800000000000000e+04
2.369100000000000000e+04
2.416700000000000000e+04
2.041700000000000000e+04
1.713900000000000000e+04
2.089300000000000000e+04
1.913700000000000000e+04
1.764600000000000000e+04
1.886800000000000000e+04
1.879600000000000000e+04
1.924500000000000000e+04
2.308900000000000000e+04
1.980200000000000000e+04
2.037700000000000000e+04
1.937500000000000000e+04
2.385700000000000000e+04
2.295000000000000000e+04
2.072300000000000000e+04
2.078600000000000000e+04
1.962200000000000000e+04
1.979300000000000000e+04
2.497100000000000000e+04
2.226300000000000000e+04
2.256400000000000000e+04
2.299500000000000000e+04
2.529000000000000000e+04
2.336800000000000000e+04
2.191300000000000000e+04
2.288300000000000000e+04
2.191700000000000000e+04
2.529900000000000000e+04
2.601300000000000000e+04
2.280200000000000000e+04
2.230800000000000000e+04
2.555100000000000000e+04
2.728000000000000000e+04
2.557300000000000000e+04
2.509700000000000000e+04
2.463900000000000000e+04
2.573000000000000000e+04
2.557300000000000000e+04
2.666000000000000000e+04
2.466100000000000000e+04
2.364200000000000000e+04
2.874400000000000000e+04
2.284700000000000000e+04
3.125400000000000000e+04
2.639500000000000000e+04
2.891900000000000000e+04
2.738800000000000000e+04
2.605400000000000000e+04
2.517800000000000000e+04
3.175300000000000000e+04
2.969100000000000000e+04
2.794900000000000000e+04
2.950300000000000000e+04
2.833500000000000000e+04
2.824100000000000000e+04
3.112400000000000000e+04
3.392200000000000000e+04
3.294300000000000000e+04
3.416900000000000000e+04
2.793100000000000000e+04
3.334300000000000000e+04
3.277700000000000000e+04
2.474300000000000000e+04
3.426800000000000000e+04
3.617200000000000000e+04
3.638300000000000000e+04
3.246700000000000000e+04
2.887000000000000000e+04
3.466300000000000000e+04
2.716800000000000000e+04
2.905000000000000000e+04
3.918100000000000000e+04
3.290300000000000000e+04
3.533700000000000000e+04
3.697200000000000000e+04
3.277700000000000000e+04
2.740600000000000000e+04
4.147600000000000000e+04
3.126400000000000000e+04
3.634300000000000000e+04
3.646900000000000000e+04
4.177700000000000000e+04
3.668900000000000000e+04
3.581800000000000000e+04
4.069900000000000000e+04
3.805400000000000000e+04
3.980600000000000000e+04
3.371200000000000000e+04
3.778900000000000000e+04
3.738500000000000000e+04
3.618600000000000000e+04
4.356500000000000000e+04
4.193900000000000000e+04
4.337200000000000000e+04
4.255900000000000000e+04
4.863500000000000000e+04
4.446300000000000000e+04
4.651100000000000000e+04
4.721600000000000000e+04
4.097400000000000000e+04
4.881900000000000000e+04
4.832100000000000000e+04
5.267300000000000000e+04
4.991500000000000000e+04
5.194500000000000000e+04
5.127200000000000000e+04
5.521500000000000000e+04
5.596000000000000000e+04
5.327500000000000000e+04
4.948000000000000000e+04
5.023900000000000000e+04
5.220600000000000000e+04
5.519700000000000000e+04
5.212500000000000000e+04
5.473000000000000000e+04
4.980300000000000000e+04
5.353100000000000000e+04
5.952600000000000000e+04
5.966100000000000000e+04
5.847100000000000000e+04
5.257000000000000000e+04
5.668400000000000000e+04
6.038000000000000000e+04
5.438000000000000000e+04
6.325000000000000000e+04
5.968400000000000000e+04
5.829600000000000000e+04
5.923000000000000000e+04
6.131000000000000000e+04
5.970700000000000000e+04
6.902100000000000000e+04
6.126100000000000000e+04
6.540100000000000000e+04
6.680700000000000000e+04
6.597200000000000000e+04
6.723800000000000000e+04
6.813200000000000000e+04
6.990200000000000000e+04
6.402300000000000000e+04
6.777700000000000000e+04
7.494000000000000000e+04
7.799900000000000000e+04
6.589600000000000000e+04
8.447500000000000000e+04
7.904100000000000000e+04
7.669700000000000000e+04
7.821400000000000000e+04
7.809400000000000000e+04
7.690800000000000000e+04
7.715100000000000000e+04
7.949900000000000000e+04
8.402200000000000000e+04
8.950100000000000000e+04
7.791000000000000000e+04
8.472700000000000000e+04
9.118500000000000000e+04
9.216000000000000000e+04
9.532600000000000000e+04
9.033200000000000000e+04
8.867100000000000000e+04
9.677200000000000000e+04
1.002480000000000000e+05
9.813400000000000000e+04
9.892400000000000000e+04
1.091000000000000000e+05
9.587000000000000000e+04
1.021800000000000000e+05
1.009990000000000000e+05
1.054090000000000000e+05
1.126570000000000000e+05
1.103050000000000000e+05
1.126980000000000000e+05
1.125680000000000000e+05
1.127030000000000000e+05
1.120520000000000000e+05
1.167050000000000000e+05
1.192330000000000000e+05
1.288480000000000000e+05
1.344310000000000000e+05
1.315980000000000000e+05
1.307940000000000000e+05
1.320550000000000000e+05
1.310230000000000000e+05
1.252700000000000000e+05
1.316200000000000000e+05
1.381460000000000000e+05
1.378180000000000000e+05
1.437740000000000000e+05
1.430010000000000000e+05
1.605020000000000000e+05
1.542110000000000000e+05
1.469350000000000000e+05
1.646440000000000000e+05
1.553870000000000000e+05
1.600800000000000000e+05
1.715700000000000000e+05
1.721580000000000000e+05
1.805830000000000000e+05
1.816240000000000000e+05
1.742510000000000000e+05
1.832910000000000000e+05
1.904770000000000000e+05
1.901940000000000000e+05
1.937160000000000000e+05
1.916050000000000000e+05
1.973580000000000000e+05
2.093310000000000000e+05
2.024830000000000000e+05
2.123900000000000000e+05
2.076130000000000000e+05
2.094300000000000000e+05
2.222980000000000000e+05
2.234750000000000000e+05
2.200570000000000000e+05
2.297940000000000000e+05
2.415290000000000000e+05
2.395350000000000000e+05
2.572120000000000000e+05
2.418720000000000000e+05
2.593230000000000000e+05
2.627970000000000000e+05
2.754780000000000000e+05
2.727480000000000000e+05
2.803330000000000000e+05
2.785700000000000000e+05
2.991100000000000000e+05
3.103970000000000000e+05
3.081740000000000000e+05
2.957350000000000000e+05
3.151850000000000000e+05
3.101640000000000000e+05
3.286100000000000000e+05
3.217070000000000000e+05
3.730520000000000000e+05
3.578200000000000000e+05
3.541370000000000000e+05
3.604170000000000000e+05
3.738540000000000000e+05
3.876680000000000000e+05
3.892860000000000000e+05
3.840230000000000000e+05
3.838430000000000000e+05
4.096000000000000000e+05
4.226560000000000000e+05
4.053160000000000000e+05
4.021300000000000000e+05
4.326530000000000000e+05
4.396610000000000000e+05
4.484140000000000000e+05
4.631600000000000000e+05
4.666390000000000000e+05
4.993320000000000000e+05
4.958580000000000000e+05
4.858210000000000000e+05
5.146800000000000000e+05
5.250240000000000000e+05
5.437620000000000000e+05
5.258770000000000000e+05
5.489440000000000000e+05
5.436470000000000000e+05
5.417460000000000000e+05
5.693390000000000000e+05
5.736380000000000000e+05
5.541240000000000000e+05
5.970500000000000000e+05
5.951990000000000000e+05
5.920920000000000000e+05
5.893530000000000000e+05
5.838350000000000000e+05
5.979520000000000000e+05
6.012280000000000000e+05
6.217480000000000000e+05
6.035690000000000000e+05
6.269120000000000000e+05
6.264040000000000000e+05
6.310940000000000000e+05
6.159690000000000000e+05
6.171950000000000000e+05
6.428370000000000000e+05
6.653010000000000000e+05
6.302810000000000000e+05
6.433780000000000000e+05
6.429460000000000000e+05
6.311440000000000000e+05
6.429720000000000000e+05
6.260180000000000000e+05
6.188780000000000000e+05
6.217340000000000000e+05
6.012150000000000000e+05
6.270250000000000000e+05
6.055630000000000000e+05
6.066240000000000000e+05
6.080930000000000000e+05
5.964740000000000000e+05
5.968480000000000000e+05
5.924550000000000000e+05
5.844490000000000000e+05
5.968820000000000000e+05
5.495890000000000000e+05
5.442480000000000000e+05
5.622920000000000000e+05
5.410210000000000000e+05
5.148440000000000000e+05
5.123640000000000000e+05
5.216690000000000000e+05
4.980330000000000000e+05
4.838510000000000000e+05
4.927050000000000000e+05
4.937330000000000000e+05
4.703300000000000000e+05
4.679230000000000000e+05
4.489460000000000000e+05
4.481750000000000000e+05
4.474560000000000000e+05
4.392690000000000000e+05
4.312430000000000000e+05
4.112340000000000000e+05
3.955790000000000000e+05
3.967740000000000000e+05
3.874670000000000000e+05
3.898910000000000000e+05
3.685820000000000000e+05
3.681040000000000000e+05
3.764140000000000000e+05
3.561360000000000000e+05
3.622630000000000000e+05
3.408260000000000000e+05
3.417990000000000000e+05
3.351800000000000000e+05
3.097670000000000000e+05
3.130620000000000000e+05
3.179570000000000000e+05
3.099130000000000000e+05
3.047780000000000000e+05
2.858880000000000000e+05
2.779750000000000000e+05
2.943310000000000000e+05
2.790260000000000000e+05
2.622930000000000000e+05
2.605360000000000000e+05
2.548820000000000000e+05
2.549760000000000000e+05
2.390960000000000000e+05
2.365070000000000000e+05
2.203090000000000000e+05
2.289010000000000000e+05
2.391360000000000000e+05
2.309340000000000000e+05
2.177790000000000000e+05
2.126770000000000000e+05
2.229480000000000000e+05
2.065520000000000000e+05
2.158400000000000000e+05
1.935850000000000000e+05
1.960290000000000000e+05
1.817070000000000000e+05
1.909170000000000000e+05
1.806960000000000000e+05
1.915950000000000000e+05
1.806100000000000000e+05
1.757460000000000000e+05
1.756700000000000000e+05
1.770130000000000000e+05
1.690140000000000000e+05
1.638950000000000000e+05
1.609070000000000000e+05
1.551720000000000000e+05
1.673910000000000000e+05
1.512470000000000000e+05
1.427590000000000000e+05
1.539370000000000000e+05
1.511250000000000000e+05
1.388240000000000000e+05
1.408130000000000000e+05
1.297520000000000000e+05
1.362950000000000000e+05
1.201190000000000000e+05
1.349620000000000000e+05
1.279370000000000000e+05
1.280580000000000000e+05
1.323920000000000000e+05
1.218340000000000000e+05
1.157890000000000000e+05
1.175580000000000000e+05
1.145580000000000000e+05
1.081810000000000000e+05
1.218870000000000000e+05
1.124380000000000000e+05
1.151460000000000000e+05
1.107490000000000000e+05
1.038240000000000000e+05
1.095680000000000000e+05
1.140140000000000000e+05
9.267300000000000000e+04
9.722200000000000000e+04
1.030690000000000000e+05
9.784100000000000000e+04
1.016900000000000000e+05
9.546100000000000000e+04
9.671400000000000000e+04
9.663300000000000000e+04
9.066000000000000000e+04
8.766000000000000000e+04
9.664600000000000000e+04
9.096100000000000000e+04
9.534800000000000000e+04
8.191100000000000000e+04
7.869100000000000000e+04
8.236500000000000000e+04
8.249500000000000000e+04
8.225700000000000000e+04
8.132700000000000000e+04
7.669700000000000000e+04
7.153200000000000000e+04
7.565500000000000000e+04
8.297500000000000000e+04
7.764000000000000000e+04
7.327400000000000000e+04
8.095400000000000000e+04
7.445100000000000000e+04
7.458500000000000000e+04
6.796600000000000000e+04
7.111400000000000000e+04
6.954200000000000000e+04
6.475000000000000000e+04
7.693000000000000000e+04
6.871100000000000000e+04
6.796100000000000000e+04
6.784400000000000000e+04
6.645200000000000000e+04
6.716200000000000000e+04
6.068600000000000000e+04
6.022300000000000000e+04
6.179900000000000000e+04
6.364100000000000000e+04
5.666600000000000000e+04
5.263300000000000000e+04
5.668400000000000000e+04
5.305500000000000000e+04
6.351000000000000000e+04
5.373800000000000000e+04
5.310900000000000000e+04
5.799500000000000000e+04
5.795000000000000000e+04
5.523300000000000000e+04
5.586600000000000000e+04
5.826400000000000000e+04
5.422200000000000000e+04
5.060700000000000000e+04
4.798000000000000000e+04
4.750800000000000000e+04
4.797100000000000000e+04
5.049500000000000000e+04
4.225400000000000000e+04
4.886900000000000000e+04
4.823600000000000000e+04
4.845100000000000000e+04
4.410800000000000000e+04
4.908000000000000000e+04
4.945700000000000000e+04
4.404100000000000000e+04
4.677600000000000000e+04
4.650200000000000000e+04
4.865800000000000000e+04
4.068200000000000000e+04
3.977000000000000000e+04
4.865300000000000000e+04
4.063700000000000000e+04
3.979700000000000000e+04
4.390200000000000000e+04
4.036300000000000000e+04
4.252700000000000000e+04
3.978800000000000000e+04
3.642900000000000000e+04
4.697800000000000000e+04
3.919500000000000000e+04
3.391800000000000000e+04
3.482500000000000000e+04
4.009300000000000000e+04
3.824300000000000000e+04
3.462300000000000000e+04
3.821600000000000000e+04
3.472200000000000000e+04
3.727300000000000000e+04
3.498700000000000000e+04
3.337000000000000000e+04
3.826500000000000000e+04
3.559700000000000000e+04
3.593900000000000000e+04
3.024900000000000000e+04
3.112000000000000000e+04
3.069800000000000000e+04
2.893700000000000000e+04
3.153300000000000000e+04
2.799900000000000000e+04
3.296100000000000000e+04
3.852100000000000000e+04
2.690300000000000000e+04
3.063900000000000000e+04
3.029800000000000000e+04
3.393100000000000000e+04
2.843900000000000000e+04
3.132200000000000000e+04
2.903600000000000000e+04
3.054000000000000000e+04
3.068400000000000000e+04
2.625600000000000000e+04
2.847000000000000000e+04
2.996100000000000000e+04
2.715400000000000000e+04
2.795800000000000000e+04
3.232300000000000000e+04
2.513800000000000000e+04
2.457600000000000000e+04
2.568100000000000000e+04
2.528600000000000000e+04
2.797600000000000000e+04
3.103400000000000000e+04
2.743700000000000000e+04
2.421700000000000000e+04
2.993400000000000000e+04
2.863600000000000000e+04
2.600400000000000000e+04
2.419400000000000000e+04
2.515100000000000000e+04
2.383500000000000000e+04
2.710900000000000000e+04
2.047600000000000000e+04
2.663300000000000000e+04
2.613900000000000000e+04
2.081700000000000000e+04
2.280200000000000000e+04
2.123000000000000000e+04
2.257300000000000000e+04
2.504300000000000000e+04
2.269000000000000000e+04
2.110000000000000000e+04
2.555500000000000000e+04
1.850000000000000000e+04
2.318800000000000000e+04
1.506400000000000000e+04
1.970300000000000000e+04
2.146800000000000000e+04
2.300900000000000000e+04
1.826600000000000000e+04
2.003100000000000000e+04
2.102800000000000000e+04
1.940200000000000000e+04
2.171500000000000000e+04
1.989200000000000000e+04
2.456200000000000000e+04
2.138700000000000000e+04
1.683800000000000000e+04
2.249200000000000000e+04
2.348000000000000000e+04
1.790200000000000000e+04
1.907400000000000000e+04
2.197100000000000000e+04
1.573300000000000000e+04
1.476300000000000000e+04
2.494400000000000000e+04
1.880000000000000000e+04
2.019700000000000000e+04
1.838700000000000000e+04
2.023300000000000000e+04
1.944700000000000000e+04
1.710300000000000000e+04
2.148600000000000000e+04
1.739900000000000000e+04
1.877300000000000000e+04
2.120300000000000000e+04
1.954600000000000000e+04
1.722400000000000000e+04
1.696800000000000000e+04
1.862500000000000000e+04
1.880900000000000000e+04
1.728200000000000000e+04
1.684200000000000000e+04
2.110400000000000000e+04
1.917300000000000000e+04
1.686900000000000000e+04
1.495600000000000000e+04
1.599300000000000000e+04
2.220900000000000000e+04
1.788400000000000000e+04
1.633900000000000000e+04
1.715200000000000000e+04
1.614600000000000000e+04
1.531500000000000000e+04
1.402600000000000000e+04
1.608300000000000000e+04
1.708900000000000000e+04
1.885400000000000000e+04
1.261600000000000000e+04
1.633000000000000000e+04
1.139000000000000000e+04
1.774000000000000000e+04
1.438100000000000000e+04
1.849000000000000000e+04
1.627600000000000000e+04
1.382400000000000000e+04
1.491100000000000000e+04
1.677000000000000000e+04
1.851700000000000000e+04
1.799600000000000000e+04
1.526100000000000000e+04
1.651400000000000000e+04
1.350500000000000000e+04
1.556200000000000000e+04
1.491500000000000000e+04
1.427300000000000000e+04
1.357700000000000000e+04
1.501400000000000000e+04
1.452900000000000000e+04
1.227000000000000000e+04
1.108000000000000000e+04
1.058600000000000000e+04
1.222500000000000000e+04
1.443500000000000000e+04
1.480800000000000000e+04
1.164600000000000000e+04
1.336600000000000000e+04
1.434500000000000000e+04
1.497800000000000000e+04
1.028500000000000000e+04
9.966000000000000000e+03
1.226100000000000000e+04
1.081500000000000000e+04
8.969000000000000000e+03
1.523400000000000000e+04
1.064000000000000000e+04
1.252600000000000000e+04
1.240500000000000000e+04
1.060400000000000000e+04
1.363100000000000000e+04
8.435000000000000000e+03
1.493300000000000000e+04
1.178500000000000000e+04
1.116500000000000000e+04
1.406200000000000000e+04
1.209500000000000000e+04
9.095000000000000000e+03
1.351400000000000000e+04
1.166800000000000000e+04
1.068900000000000000e+04
9.957000000000000000e+03
1.275500000000000000e+04
1.049600000000000000e+04
1.193300000000000000e+04
1.060400000000000000e+04
1.049600000000000000e+04
1.024900000000000000e+04
1.117900000000000000e+04
1.224300000000000000e+04
1.100800000000000000e+04
1.127300000000000000e+04
1.153800000000000000e+04
1.053200000000000000e+04
1.032100000000000000e+04
9.598000000000000000e+03
1.023100000000000000e+04
9.508000000000000000e+03
9.939000000000000000e+03
1.041500000000000000e+04
1.072500000000000000e+04
1.044200000000000000e+04
1.306500000000000000e+04
1.077000000000000000e+04
1.077900000000000000e+04
9.809000000000000000e+03
1.250800000000000000e+04
1.003800000000000000e+04
1.269200000000000000e+04
9.113000000000000000e+03
1.081500000000000000e+04
1.074300000000000000e+04
9.077000000000000000e+03
7.420000000000000000e+03
8.273000000000000000e+03
9.773000000000000000e+03
1.149300000000000000e+04
1.090000000000000000e+04
8.830000000000000000e+03
9.858000000000000000e+03
8.996000000000000000e+03
1.091800000000000000e+04
9.086000000000000000e+03
9.463000000000000000e+03
1.068900000000000000e+04
1.025800000000000000e+04
7.680000000000000000e+03
1.121900000000000000e+04
9.207000000000000000e+03
1.094500000000000000e+04
7.222000000000000000e+03
8.677000000000000000e+03
1.037000000000000000e+04
9.198000000000000000e+03
8.475000000000000000e+03
1.025800000000000000e+04
9.153000000000000000e+03
9.382000000000000000e+03
1.133100000000000000e+04
9.382000000000000000e+03
7.653000000000000000e+03
9.611000000000000000e+03
8.237000000000000000e+03
9.189000000000000000e+03
6.782000000000000000e+03
8.650000000000000000e+03
5.969000000000000000e+03
9.894000000000000000e+03
7.927000000000000000e+03
6.719000000000000000e+03
9.984000000000000000e+03
7.249000000000000000e+03
8.421000000000000000e+03
1.026700000000000000e+04
8.605000000000000000e+03
1.013200000000000000e+04
7.936000000000000000e+03
9.023000000000000000e+03
7.864000000000000000e+03
9.391000000000000000e+03
6.454000000000000000e+03
7.918000000000000000e+03
7.662000000000000000e+03
1.017700000000000000e+04
6.656000000000000000e+03
5.520000000000000000e+03
9.189000000000000000e+03
7.177000000000000000e+03
8.430000000000000000e+03
9.975000000000000000e+03
7.478000000000000000e+03
7.460000000000000000e+03
7.698000000000000000e+03
6.921000000000000000e+03
7.680000000000000000e+03
8.138000000000000000e+03
8.237000000000000000e+03
7.797000000000000000e+03
6.068000000000000000e+03
6.728000000000000000e+03
9.144000000000000000e+03
6.840000000000000000e+03
7.379000000000000000e+03
5.686000000000000000e+03
8.466000000000000000e+03
7.469000000000000000e+03
6.876000000000000000e+03
6.162000000000000000e+03
9.400000000000000000e+03
7.801000000000000000e+03
7.177000000000000000e+03
7.680000000000000000e+03
7.177000000000000000e+03
6.153000000000000000e+03
9.903000000000000000e+03
9.948000000000000000e+03
9.099000000000000000e+03
7.177000000000000000e+03
6.391000000000000000e+03
7.159000000000000000e+03
6.849000000000000000e+03
4.707000000000000000e+03
6.490000000000000000e+03
6.090000000000000000e+03
7.626000000000000000e+03
7.478000000000000000e+03
6.400000000000000000e+03
8.430000000000000000e+03
5.493000000000000000e+03
9.090000000000000000e+03
5.192000000000000000e+03
8.816000000000000000e+03
5.430000000000000000e+03
5.668000000000000000e+03
7.370000000000000000e+03
6.638000000000000000e+03
