6.630400000000000000e+04
6.611200000000000000e+04
6.982400000000000000e+04
7.129600000000000000e+04
7.852800000000000000e+04
7.571200000000000000e+04
8.588800000000000000e+04
8.390400000000000000e+04
8.819200000000000000e+04
9.964800000000000000e+04
1.013760000000000000e+05
1.024000000000000000e+05
1.134720000000000000e+05
1.154560000000000000e+05
1.219840000000000000e+05
1.311360000000000000e+05
1.351680000000000000e+05
1.425920000000000000e+05
1.662720000000000000e+05
1.686400000000000000e+05
1.778560000000000000e+05
1.919360000000000000e+05
1.989760000000000000e+05
2.218880000000000000e+05
2.344960000000000000e+05
2.469760000000000000e+05
2.771840000000000000e+05
3.103360000000000000e+05
3.250560000000000000e+05
3.557760000000000000e+05
3.889920000000000000e+05
4.352640000000000000e+05
4.751360000000000000e+05
5.198720000000000000e+05
6.056320000000000000e+05
6.785920000000000000e+05
7.677440000000000000e+05
8.775680000000000000e+05
9.986560000000000000e+05
1.181888000000000000e+06
1.350848000000000000e+06
1.646784000000000000e+06
1.969344000000000000e+06
2.375616000000000000e+06
2.874304000000000000e+06
3.533760000000000000e+06
4.260800000000000000e+06
5.100672000000000000e+06
5.817216000000000000e+06
6.304576000000000000e+06
6.328896000000000000e+06
5.841664000000000000e+06
5.083008000000000000e+06
4.281280000000000000e+06
3.511040000000000000e+06
2.897664000000000000e+06
2.371648000000000000e+06
1.968192000000000000e+06
1.646848000000000000e+06
1.382784000000000000e+06
1.182528000000000000e+06
1.012992000000000000e+06
8.729600000000000000e+05
7.870720000000000000e+05
6.849280000000000000e+05
6.022400000000000000e+05
5.321600000000000000e+05
4.833920000000000000e+05
4.311040000000000000e+05
3.972480000000000000e+05
3.457920000000000000e+05
3.310720000000000000e+05
3.001600000000000000e+05
2.707840000000000000e+05
2.536320000000000000e+05
2.392960000000000000e+05
2.198400000000000000e+05
2.046080000000000000e+05
1.871360000000000000e+05
1.768960000000000000e+05
1.637120000000000000e+05
1.572480000000000000e+05
1.484800000000000000e+05
1.355520000000000000e+05
1.294720000000000000e+05
1.241600000000000000e+05
1.159680000000000000e+05
1.121280000000000000e+05
1.024640000000000000e+05
9.984000000000000000e+04
9.062400000000000000e+04
8.928000000000000000e+04
8.339200000000000000e+04
8.051200000000000000e+04
8.140800000000000000e+04
7.526400000000000000e+04
7.283200000000000000e+04
6.950400000000000000e+04
6.540800000000000000e+04
6.438400000000000000e+04
