6.372800000000000000e+04
6.634400000000000000e+04
6.973600000000000000e+04
7.304800000000000000e+04
7.605600000000000000e+04
7.873600000000000000e+04
8.537600000000000000e+04
8.616000000000000000e+04
9.231200000000000000e+04
9.399200000000000000e+04
1.008000000000000000e+05
1.075600000000000000e+05
1.102400000000000000e+05
1.165680000000000000e+05
1.233360000000000000e+05
1.287920000000000000e+05
1.397600000000000000e+05
1.471920000000000000e+05
1.571760000000000000e+05
1.678400000000000000e+05
1.801040000000000000e+05
1.863360000000000000e+05
2.031600000000000000e+05
2.208400000000000000e+05
2.366800000000000000e+05
2.545840000000000000e+05
2.739440000000000000e+05
2.992320000000000000e+05
3.294720000000000000e+05
3.568080000000000000e+05
3.939360000000000000e+05
4.310240000000000000e+05
4.789680000000000000e+05
5.362240000000000000e+05
6.022880000000000000e+05
6.735600000000000000e+05
7.694720000000000000e+05
8.825440000000000000e+05
1.012928000000000000e+06
1.181544000000000000e+06
1.382520000000000000e+06
1.641744000000000000e+06
1.961152000000000000e+06
2.370840000000000000e+06
2.880832000000000000e+06
3.534752000000000000e+06
4.281144000000000000e+06
5.089136000000000000e+06
5.825424000000000000e+06
6.281328000000000000e+06
6.282824000000000000e+06
5.825344000000000000e+06
5.087664000000000000e+06
4.280624000000000000e+06
3.523040000000000000e+06
2.885944000000000000e+06
2.377656000000000000e+06
1.958920000000000000e+06
1.640136000000000000e+06
1.383752000000000000e+06
1.175016000000000000e+06
1.009624000000000000e+06
8.811840000000000000e+05
7.674000000000000000e+05
6.772480000000000000e+05
5.990720000000000000e+05
5.351280000000000000e+05
4.840400000000000000e+05
4.304000000000000000e+05
3.897360000000000000e+05
3.543680000000000000e+05
3.256080000000000000e+05
2.999440000000000000e+05
2.786720000000000000e+05
2.543520000000000000e+05
2.352880000000000000e+05
2.199680000000000000e+05
2.037600000000000000e+05
1.889840000000000000e+05
1.792480000000000000e+05
1.647120000000000000e+05
1.569840000000000000e+05
1.479680000000000000e+05
1.387040000000000000e+05
1.314960000000000000e+05
1.238720000000000000e+05
1.157520000000000000e+05
1.114640000000000000e+05
1.050480000000000000e+05
9.903200000000000000e+04
9.505600000000000000e+04
9.182400000000000000e+04
8.629600000000000000e+04
8.379200000000000000e+04
7.954400000000000000e+04
7.646400000000000000e+04
7.344000000000000000e+04
6.851200000000000000e+04
6.691200000000000000e+04
6.530400000000000000e+04
