6.470500000000000000e+04
6.735700000000000000e+04
6.926000000000000000e+04
7.322300000000000000e+04
7.562500000000000000e+04
7.896900000000000000e+04
8.288000000000000000e+04
8.673300000000000000e+04
9.117900000000000000e+04
9.567800000000000000e+04
1.001710000000000000e+05
1.051210000000000000e+05
1.116340000000000000e+05
1.172190000000000000e+05
1.229980000000000000e+05
1.308380000000000000e+05
1.383530000000000000e+05
1.472160000000000000e+05
1.569400000000000000e+05
1.669890000000000000e+05
1.784260000000000000e+05
1.893090000000000000e+05
2.033460000000000000e+05
2.184120000000000000e+05
2.360000000000000000e+05
2.543470000000000000e+05
2.745410000000000000e+05
3.005260000000000000e+05
3.272480000000000000e+05
3.569840000000000000e+05
3.931730000000000000e+05
4.340020000000000000e+05
4.815760000000000000e+05
5.353220000000000000e+05
5.996630000000000000e+05
6.779300000000000000e+05
7.687740000000000000e+05
8.794130000000000000e+05
1.014564000000000000e+06
1.179621000000000000e+06
1.382752000000000000e+06
1.639808000000000000e+06
1.961595000000000000e+06
2.371417000000000000e+06
2.885547000000000000e+06
3.524150000000000000e+06
4.273560000000000000e+06
5.089989000000000000e+06
5.829433000000000000e+06
6.283844000000000000e+06
6.280537000000000000e+06
5.832874000000000000e+06
5.091543000000000000e+06
4.278110000000000000e+06
3.520946000000000000e+06
2.888506000000000000e+06
2.370419000000000000e+06
1.961724000000000000e+06
1.638862000000000000e+06
1.383015000000000000e+06
1.176315000000000000e+06
1.013493000000000000e+06
8.805150000000000000e+05
7.678410000000000000e+05
6.757850000000000000e+05
5.989020000000000000e+05
5.376160000000000000e+05
4.803780000000000000e+05
4.329080000000000000e+05
3.928810000000000000e+05
3.574660000000000000e+05
3.265200000000000000e+05
2.999380000000000000e+05
2.754420000000000000e+05
2.542940000000000000e+05
2.364820000000000000e+05
2.185430000000000000e+05
2.040490000000000000e+05
1.898880000000000000e+05
1.785310000000000000e+05
1.671790000000000000e+05
1.558290000000000000e+05
1.473290000000000000e+05
1.390500000000000000e+05
1.305670000000000000e+05
1.238670000000000000e+05
1.175220000000000000e+05
1.114470000000000000e+05
1.054610000000000000e+05
1.001670000000000000e+05
9.524600000000000000e+04
9.124700000000000000e+04
8.643900000000000000e+04
8.240900000000000000e+04
7.882100000000000000e+04
7.589900000000000000e+04
7.244200000000000000e+04
6.988000000000000000e+04
6.673100000000000000e+04
6.379000000000000000e+04
