6.251000000000000000e+03
6.453000000000000000e+03
6.189000000000000000e+03
6.365000000000000000e+03
6.479000000000000000e+03
6.426000000000000000e+03
6.660000000000000000e+03
6.407000000000000000e+03
6.481000000000000000e+03
6.563000000000000000e+03
6.562000000000000000e+03
6.500000000000000000e+03
6.641000000000000000e+03
6.787000000000000000e+03
6.759000000000000000e+03
6.655000000000000000e+03
6.697000000000000000e+03
6.671000000000000000e+03
6.674000000000000000e+03
6.894000000000000000e+03
6.801000000000000000e+03
6.856000000000000000e+03
6.974000000000000000e+03
6.884000000000000000e+03
6.948000000000000000e+03
7.008000000000000000e+03
6.927000000000000000e+03
6.924000000000000000e+03
7.177000000000000000e+03
7.311000000000000000e+03
7.005000000000000000e+03
7.185000000000000000e+03
7.065000000000000000e+03
7.130000000000000000e+03
7.231000000000000000e+03
7.269000000000000000e+03
7.230000000000000000e+03
7.359000000000000000e+03
7.488000000000000000e+03
7.332000000000000000e+03
7.294000000000000000e+03
7.461000000000000000e+03
7.569000000000000000e+03
7.555000000000000000e+03
7.563000000000000000e+03
7.555000000000000000e+03
7.621000000000000000e+03
7.562000000000000000e+03
7.800000000000000000e+03
7.823000000000000000e+03
7.731000000000000000e+03
7.795000000000000000e+03
8.006000000000000000e+03
7.890000000000000000e+03
7.849000000000000000e+03
7.954000000000000000e+03
8.108000000000000000e+03
8.066000000000000000e+03
8.059000000000000000e+03
8.139000000000000000e+03
8.161000000000000000e+03
8.304000000000000000e+03
8.037000000000000000e+03
8.375000000000000000e+03
8.343000000000000000e+03
8.268000000000000000e+03
8.273000000000000000e+03
8.474000000000000000e+03
8.443000000000000000e+03
8.490000000000000000e+03
8.384000000000000000e+03
8.446000000000000000e+03
8.700000000000000000e+03
8.624000000000000000e+03
8.542000000000000000e+03
8.608000000000000000e+03
8.710000000000000000e+03
8.785000000000000000e+03
9.074000000000000000e+03
8.966000000000000000e+03
9.092000000000000000e+03
9.005000000000000000e+03
8.851000000000000000e+03
9.055000000000000000e+03
8.959000000000000000e+03
9.270000000000000000e+03
9.122000000000000000e+03
9.238000000000000000e+03
9.341000000000000000e+03
9.311000000000000000e+03
9.431000000000000000e+03
9.628000000000000000e+03
9.561000000000000000e+03
9.455000000000000000e+03
9.480000000000000000e+03
9.525000000000000000e+03
9.694000000000000000e+03
9.555000000000000000e+03
9.689000000000000000e+03
9.701000000000000000e+03
9.850000000000000000e+03
9.889000000000000000e+03
9.860000000000000000e+03
9.819000000000000000e+03
1.006500000000000000e+04
1.009100000000000000e+04
9.972000000000000000e+03
1.038200000000000000e+04
1.018000000000000000e+04
1.038200000000000000e+04
1.037000000000000000e+04
1.020400000000000000e+04
1.039400000000000000e+04
1.061000000000000000e+04
1.050700000000000000e+04
1.066500000000000000e+04
1.064700000000000000e+04
1.062000000000000000e+04
1.063600000000000000e+04
1.087400000000000000e+04
1.086000000000000000e+04
1.127500000000000000e+04
1.099700000000000000e+04
1.121900000000000000e+04
1.097300000000000000e+04
1.101900000000000000e+04
1.115000000000000000e+04
1.142300000000000000e+04
1.132000000000000000e+04
1.141000000000000000e+04
1.145900000000000000e+04
1.154500000000000000e+04
1.152600000000000000e+04
1.157800000000000000e+04
1.145100000000000000e+04
1.177200000000000000e+04
1.168700000000000000e+04
1.188300000000000000e+04
1.201600000000000000e+04
1.194000000000000000e+04
1.183400000000000000e+04
1.223100000000000000e+04
1.202300000000000000e+04
1.229000000000000000e+04
1.225200000000000000e+04
1.241100000000000000e+04
1.247500000000000000e+04
1.255800000000000000e+04
1.283500000000000000e+04
1.260500000000000000e+04
1.265400000000000000e+04
1.288700000000000000e+04
1.296500000000000000e+04
1.296100000000000000e+04
1.281700000000000000e+04
1.289800000000000000e+04
1.321800000000000000e+04
1.321500000000000000e+04
1.329600000000000000e+04
1.370400000000000000e+04
1.347400000000000000e+04
1.348200000000000000e+04
1.346000000000000000e+04
1.380200000000000000e+04
1.402600000000000000e+04
1.378600000000000000e+04
1.399300000000000000e+04
1.406400000000000000e+04
1.400200000000000000e+04
1.439500000000000000e+04
1.434300000000000000e+04
1.458400000000000000e+04
1.427800000000000000e+04
1.453100000000000000e+04
1.464100000000000000e+04
1.473500000000000000e+04
1.480700000000000000e+04
1.489300000000000000e+04
1.493400000000000000e+04
1.518800000000000000e+04
1.539300000000000000e+04
1.541700000000000000e+04
1.535100000000000000e+04
1.550500000000000000e+04
1.569900000000000000e+04
1.571700000000000000e+04
1.587900000000000000e+04
1.574800000000000000e+04
1.606300000000000000e+04
1.616700000000000000e+04
1.635400000000000000e+04
1.637500000000000000e+04
1.638000000000000000e+04
1.650200000000000000e+04
1.659600000000000000e+04
1.658200000000000000e+04
1.688600000000000000e+04
1.708800000000000000e+04
1.698900000000000000e+04
1.727000000000000000e+04
1.706500000000000000e+04
1.747300000000000000e+04
1.754800000000000000e+04
1.769900000000000000e+04
1.777900000000000000e+04
1.778600000000000000e+04
1.806900000000000000e+04
1.782000000000000000e+04
1.820500000000000000e+04
1.808500000000000000e+04
1.825300000000000000e+04
1.879200000000000000e+04
1.880100000000000000e+04
1.905000000000000000e+04
1.889200000000000000e+04
1.917600000000000000e+04
1.925400000000000000e+04
1.946100000000000000e+04
1.947800000000000000e+04
1.964600000000000000e+04
1.980000000000000000e+04
1.969600000000000000e+04
2.011200000000000000e+04
2.018000000000000000e+04
2.033200000000000000e+04
2.037400000000000000e+04
2.050500000000000000e+04
2.093100000000000000e+04
2.092700000000000000e+04
2.110200000000000000e+04
2.156100000000000000e+04
2.132100000000000000e+04
2.133600000000000000e+04
2.126700000000000000e+04
2.169100000000000000e+04
2.196100000000000000e+04
2.226700000000000000e+04
2.222400000000000000e+04
2.270400000000000000e+04
2.288900000000000000e+04
2.264300000000000000e+04
2.287000000000000000e+04
2.307800000000000000e+04
2.350200000000000000e+04
2.348600000000000000e+04
2.354000000000000000e+04
2.385600000000000000e+04
2.397200000000000000e+04
2.462600000000000000e+04
2.451300000000000000e+04
2.439300000000000000e+04
2.464600000000000000e+04
2.516500000000000000e+04
2.510200000000000000e+04
2.550600000000000000e+04
2.544500000000000000e+04
2.567600000000000000e+04
2.554700000000000000e+04
2.619300000000000000e+04
2.630700000000000000e+04
2.657300000000000000e+04
2.691900000000000000e+04
2.702900000000000000e+04
2.717500000000000000e+04
2.756000000000000000e+04
2.761000000000000000e+04
2.787700000000000000e+04
2.825500000000000000e+04
2.831600000000000000e+04
2.842700000000000000e+04
2.893900000000000000e+04
2.891900000000000000e+04
2.910000000000000000e+04
2.929300000000000000e+04
2.988100000000000000e+04
2.982300000000000000e+04
3.031800000000000000e+04
3.070400000000000000e+04
3.085400000000000000e+04
3.122500000000000000e+04
3.160500000000000000e+04
3.166100000000000000e+04
3.218700000000000000e+04
3.177100000000000000e+04
3.262200000000000000e+04
3.263800000000000000e+04
3.302500000000000000e+04
3.342700000000000000e+04
3.373500000000000000e+04
3.431400000000000000e+04
3.446700000000000000e+04
3.447300000000000000e+04
3.499700000000000000e+04
3.508800000000000000e+04
3.557100000000000000e+04
3.602000000000000000e+04
3.641900000000000000e+04
3.705600000000000000e+04
3.690300000000000000e+04
3.723300000000000000e+04
3.736300000000000000e+04
3.775500000000000000e+04
3.827700000000000000e+04
3.903600000000000000e+04
3.936900000000000000e+04
3.975900000000000000e+04
3.983300000000000000e+04
3.982000000000000000e+04
4.063400000000000000e+04
4.106400000000000000e+04
4.135400000000000000e+04
4.204800000000000000e+04
4.230300000000000000e+04
4.271800000000000000e+04
4.333700000000000000e+04
4.363200000000000000e+04
4.388400000000000000e+04
4.441000000000000000e+04
4.502000000000000000e+04
4.562300000000000000e+04
4.581000000000000000e+04
4.613900000000000000e+04
4.681100000000000000e+04
4.717100000000000000e+04
4.795000000000000000e+04
4.861300000000000000e+04
4.871700000000000000e+04
4.948500000000000000e+04
4.980100000000000000e+04
5.052500000000000000e+04
5.102300000000000000e+04
5.147600000000000000e+04
5.208600000000000000e+04
5.237100000000000000e+04
5.316700000000000000e+04
5.356800000000000000e+04
5.465700000000000000e+04
5.500200000000000000e+04
5.583200000000000000e+04
5.626200000000000000e+04
5.714500000000000000e+04
5.745200000000000000e+04
5.770900000000000000e+04
5.878400000000000000e+04
6.013800000000000000e+04
6.038500000000000000e+04
6.105700000000000000e+04
6.190700000000000000e+04
6.267900000000000000e+04
6.303400000000000000e+04
6.408400000000000000e+04
6.459100000000000000e+04
6.534800000000000000e+04
6.617800000000000000e+04
6.706700000000000000e+04
6.808100000000000000e+04
6.872500000000000000e+04
6.974400000000000000e+04
7.058500000000000000e+04
7.147800000000000000e+04
7.257600000000000000e+04
7.338800000000000000e+04
7.459000000000000000e+04
7.529400000000000000e+04
7.642800000000000000e+04
7.759600000000000000e+04
7.862900000000000000e+04
7.954000000000000000e+04
8.070900000000000000e+04
8.181800000000000000e+04
8.247000000000000000e+04
8.340500000000000000e+04
8.467600000000000000e+04
8.616600000000000000e+04
8.735600000000000000e+04
8.855200000000000000e+04
8.993500000000000000e+04
9.073100000000000000e+04
9.263300000000000000e+04
9.313600000000000000e+04
9.472400000000000000e+04
9.619800000000000000e+04
9.809400000000000000e+04
9.908000000000000000e+04
1.002290000000000000e+05
1.016790000000000000e+05
1.030850000000000000e+05
1.052290000000000000e+05
1.071300000000000000e+05
1.079980000000000000e+05
1.093200000000000000e+05
1.118750000000000000e+05
1.130150000000000000e+05
1.143910000000000000e+05
1.162900000000000000e+05
1.187940000000000000e+05
1.198160000000000000e+05
1.221300000000000000e+05
1.249860000000000000e+05
1.268290000000000000e+05
1.291880000000000000e+05
1.303340000000000000e+05
1.328380000000000000e+05
1.349410000000000000e+05
1.376660000000000000e+05
1.392170000000000000e+05
1.417570000000000000e+05
1.439500000000000000e+05
1.470060000000000000e+05
1.487840000000000000e+05
1.514060000000000000e+05
1.541820000000000000e+05
1.565050000000000000e+05
1.597450000000000000e+05
1.612820000000000000e+05
1.651800000000000000e+05
1.679870000000000000e+05
1.706900000000000000e+05
1.741140000000000000e+05
1.773570000000000000e+05
1.807380000000000000e+05
1.836680000000000000e+05
1.875060000000000000e+05
1.899960000000000000e+05
1.938420000000000000e+05
1.973110000000000000e+05
2.018070000000000000e+05
2.052600000000000000e+05
2.091280000000000000e+05
2.130580000000000000e+05
2.171570000000000000e+05
2.211080000000000000e+05
2.260390000000000000e+05
2.290980000000000000e+05
2.337030000000000000e+05
2.377670000000000000e+05
2.437140000000000000e+05
2.486680000000000000e+05
2.529150000000000000e+05
2.585720000000000000e+05
2.633610000000000000e+05
2.682900000000000000e+05
2.744140000000000000e+05
2.796780000000000000e+05
2.847560000000000000e+05
2.916600000000000000e+05
2.970210000000000000e+05
3.032780000000000000e+05
3.090910000000000000e+05
3.159110000000000000e+05
3.217460000000000000e+05
3.283540000000000000e+05
3.344380000000000000e+05
3.419450000000000000e+05
3.482430000000000000e+05
3.545120000000000000e+05
3.620720000000000000e+05
3.697570000000000000e+05
3.772700000000000000e+05
3.851910000000000000e+05
3.919670000000000000e+05
3.991090000000000000e+05
4.083000000000000000e+05
4.152520000000000000e+05
4.225490000000000000e+05
4.297950000000000000e+05
4.386870000000000000e+05
4.466030000000000000e+05
4.570310000000000000e+05
4.644020000000000000e+05
4.713890000000000000e+05
4.799260000000000000e+05
4.878670000000000000e+05
4.970570000000000000e+05
5.049890000000000000e+05
5.140680000000000000e+05
5.217640000000000000e+05
5.287370000000000000e+05
5.364530000000000000e+05
5.445780000000000000e+05
5.520590000000000000e+05
5.592570000000000000e+05
5.666010000000000000e+05
5.730990000000000000e+05
5.813090000000000000e+05
5.868300000000000000e+05
5.920520000000000000e+05
6.000210000000000000e+05
6.051360000000000000e+05
6.107630000000000000e+05
6.140170000000000000e+05
6.188580000000000000e+05
6.233400000000000000e+05
6.257760000000000000e+05
6.290140000000000000e+05
6.333570000000000000e+05
6.349720000000000000e+05
6.340740000000000000e+05
6.348980000000000000e+05
6.352410000000000000e+05
6.373140000000000000e+05
6.368800000000000000e+05
6.352040000000000000e+05
6.339050000000000000e+05
6.315850000000000000e+05
6.275580000000000000e+05
6.267990000000000000e+05
6.235270000000000000e+05
6.192780000000000000e+05
6.149870000000000000e+05
6.094000000000000000e+05
6.055260000000000000e+05
5.983900000000000000e+05
5.935430000000000000e+05
5.872210000000000000e+05
5.794970000000000000e+05
5.733510000000000000e+05
5.671150000000000000e+05
5.588570000000000000e+05
5.510360000000000000e+05
5.462300000000000000e+05
5.377630000000000000e+05
5.298690000000000000e+05
5.213240000000000000e+05
5.131250000000000000e+05
5.056910000000000000e+05
4.965330000000000000e+05
4.875680000000000000e+05
4.808530000000000000e+05
4.712970000000000000e+05
4.640540000000000000e+05
4.560850000000000000e+05
4.486820000000000000e+05
4.386270000000000000e+05
4.309980000000000000e+05
4.231310000000000000e+05
4.150110000000000000e+05
4.078200000000000000e+05
3.989310000000000000e+05
3.929550000000000000e+05
3.847510000000000000e+05
3.770950000000000000e+05
3.698320000000000000e+05
3.628300000000000000e+05
3.552960000000000000e+05
3.490850000000000000e+05
3.408900000000000000e+05
3.353710000000000000e+05
3.284560000000000000e+05
3.220320000000000000e+05
3.156900000000000000e+05
3.093910000000000000e+05
3.016290000000000000e+05
2.968410000000000000e+05
2.918800000000000000e+05
2.855220000000000000e+05
2.802250000000000000e+05
2.745850000000000000e+05
2.678110000000000000e+05
2.635120000000000000e+05
2.586150000000000000e+05
2.532580000000000000e+05
2.490490000000000000e+05
2.444220000000000000e+05
2.396210000000000000e+05
2.338920000000000000e+05
2.300500000000000000e+05
2.257800000000000000e+05
2.216900000000000000e+05
2.172600000000000000e+05
2.127180000000000000e+05
2.082680000000000000e+05
2.052010000000000000e+05
2.012960000000000000e+05
1.977340000000000000e+05
1.941970000000000000e+05
1.909920000000000000e+05
1.873510000000000000e+05
1.836750000000000000e+05
1.798830000000000000e+05
1.767320000000000000e+05
1.738680000000000000e+05
1.714280000000000000e+05
1.679860000000000000e+05
1.650760000000000000e+05
1.621760000000000000e+05
1.588150000000000000e+05
1.563990000000000000e+05
1.545000000000000000e+05
1.516090000000000000e+05
1.491900000000000000e+05
1.458040000000000000e+05
1.438180000000000000e+05
1.416210000000000000e+05
1.394150000000000000e+05
1.370510000000000000e+05
1.342840000000000000e+05
1.323800000000000000e+05
1.298580000000000000e+05
1.288710000000000000e+05
1.264850000000000000e+05
1.243570000000000000e+05
1.223560000000000000e+05
1.204490000000000000e+05
1.188480000000000000e+05
1.166340000000000000e+05
1.145140000000000000e+05
1.131700000000000000e+05
1.110700000000000000e+05
1.098420000000000000e+05
1.080770000000000000e+05
1.064810000000000000e+05
1.050170000000000000e+05
1.039080000000000000e+05
1.023540000000000000e+05
1.005890000000000000e+05
9.917700000000000000e+04
9.786800000000000000e+04
9.581900000000000000e+04
9.504200000000000000e+04
9.340500000000000000e+04
9.222700000000000000e+04
9.110600000000000000e+04
8.981400000000000000e+04
8.885000000000000000e+04
8.728100000000000000e+04
8.627100000000000000e+04
8.478900000000000000e+04
8.339800000000000000e+04
8.269500000000000000e+04
8.144600000000000000e+04
8.070900000000000000e+04
7.962600000000000000e+04
7.824200000000000000e+04
7.721400000000000000e+04
7.647300000000000000e+04
7.514800000000000000e+04
7.442000000000000000e+04
7.366900000000000000e+04
7.267300000000000000e+04
7.187500000000000000e+04
7.090700000000000000e+04
6.978100000000000000e+04
6.820400000000000000e+04
6.783800000000000000e+04
6.685800000000000000e+04
6.647200000000000000e+04
6.605300000000000000e+04
6.454000000000000000e+04
6.370200000000000000e+04
6.301700000000000000e+04
6.252200000000000000e+04
6.231400000000000000e+04
6.086900000000000000e+04
6.053100000000000000e+04
5.967200000000000000e+04
5.882200000000000000e+04
5.828100000000000000e+04
5.766400000000000000e+04
5.655900000000000000e+04
5.656000000000000000e+04
5.531200000000000000e+04
5.495500000000000000e+04
5.436200000000000000e+04
5.373700000000000000e+04
5.298900000000000000e+04
5.269800000000000000e+04
5.182400000000000000e+04
5.149800000000000000e+04
5.078300000000000000e+04
5.041200000000000000e+04
4.977200000000000000e+04
4.904800000000000000e+04
4.887300000000000000e+04
4.833300000000000000e+04
4.776300000000000000e+04
4.730400000000000000e+04
4.675500000000000000e+04
4.644200000000000000e+04
4.563500000000000000e+04
4.537600000000000000e+04
4.510500000000000000e+04
4.450500000000000000e+04
4.407500000000000000e+04
4.358700000000000000e+04
4.259700000000000000e+04
4.272300000000000000e+04
4.248000000000000000e+04
4.212500000000000000e+04
4.135100000000000000e+04
4.098400000000000000e+04
4.048900000000000000e+04
4.008700000000000000e+04
3.979500000000000000e+04
3.975400000000000000e+04
3.926000000000000000e+04
3.899600000000000000e+04
3.832600000000000000e+04
3.753800000000000000e+04
3.775500000000000000e+04
3.718200000000000000e+04
3.669500000000000000e+04
3.643000000000000000e+04
3.620700000000000000e+04
3.590400000000000000e+04
3.543300000000000000e+04
3.532500000000000000e+04
3.493100000000000000e+04
3.460700000000000000e+04
3.445500000000000000e+04
3.390800000000000000e+04
3.338200000000000000e+04
3.345600000000000000e+04
3.312200000000000000e+04
3.263000000000000000e+04
3.232900000000000000e+04
3.244800000000000000e+04
3.216000000000000000e+04
3.150800000000000000e+04
3.122700000000000000e+04
3.097700000000000000e+04
3.077400000000000000e+04
3.074800000000000000e+04
3.041800000000000000e+04
3.005500000000000000e+04
2.981100000000000000e+04
2.978600000000000000e+04
2.921700000000000000e+04
2.899300000000000000e+04
2.884700000000000000e+04
2.859400000000000000e+04
2.834600000000000000e+04
2.824200000000000000e+04
2.789700000000000000e+04
2.761100000000000000e+04
2.736100000000000000e+04
2.721200000000000000e+04
2.708900000000000000e+04
2.677400000000000000e+04
2.651200000000000000e+04
2.651000000000000000e+04
2.610700000000000000e+04
2.603200000000000000e+04
2.583500000000000000e+04
2.551200000000000000e+04
2.507200000000000000e+04
2.495000000000000000e+04
2.516900000000000000e+04
2.458400000000000000e+04
2.457700000000000000e+04
2.469000000000000000e+04
2.416300000000000000e+04
2.398600000000000000e+04
2.404400000000000000e+04
2.356400000000000000e+04
2.352600000000000000e+04
2.365600000000000000e+04
2.321800000000000000e+04
2.270500000000000000e+04
2.251700000000000000e+04
2.234400000000000000e+04
2.235800000000000000e+04
2.210500000000000000e+04
2.217300000000000000e+04
2.212600000000000000e+04
2.158200000000000000e+04
2.159000000000000000e+04
2.153800000000000000e+04
2.133700000000000000e+04
2.140600000000000000e+04
2.115200000000000000e+04
2.107900000000000000e+04
2.082100000000000000e+04
2.037800000000000000e+04
2.039300000000000000e+04
2.029800000000000000e+04
2.007100000000000000e+04
1.974000000000000000e+04
1.969300000000000000e+04
1.966700000000000000e+04
1.941700000000000000e+04
1.952600000000000000e+04
1.925900000000000000e+04
1.918300000000000000e+04
1.900600000000000000e+04
1.890100000000000000e+04
1.876400000000000000e+04
1.867800000000000000e+04
1.876400000000000000e+04
1.834700000000000000e+04
1.845100000000000000e+04
1.828800000000000000e+04
1.807900000000000000e+04
1.803300000000000000e+04
1.797300000000000000e+04
1.777900000000000000e+04
1.755600000000000000e+04
1.745800000000000000e+04
1.752200000000000000e+04
1.702100000000000000e+04
1.717100000000000000e+04
1.704000000000000000e+04
1.683100000000000000e+04
1.672400000000000000e+04
1.660000000000000000e+04
1.663800000000000000e+04
1.648000000000000000e+04
1.638000000000000000e+04
1.623000000000000000e+04
1.615000000000000000e+04
1.613200000000000000e+04
1.594900000000000000e+04
1.595600000000000000e+04
1.591900000000000000e+04
1.588400000000000000e+04
1.585400000000000000e+04
1.546300000000000000e+04
1.546800000000000000e+04
1.523400000000000000e+04
1.530900000000000000e+04
1.506400000000000000e+04
1.501700000000000000e+04
1.487400000000000000e+04
1.477200000000000000e+04
1.488100000000000000e+04
1.467600000000000000e+04
1.461500000000000000e+04
1.454700000000000000e+04
1.462000000000000000e+04
1.420600000000000000e+04
1.433700000000000000e+04
1.418200000000000000e+04
1.406900000000000000e+04
1.382800000000000000e+04
1.394600000000000000e+04
1.372700000000000000e+04
1.378000000000000000e+04
1.372600000000000000e+04
1.376900000000000000e+04
1.355300000000000000e+04
1.346600000000000000e+04
1.336600000000000000e+04
1.335700000000000000e+04
1.329700000000000000e+04
1.321500000000000000e+04
1.308400000000000000e+04
1.287900000000000000e+04
1.288700000000000000e+04
1.284800000000000000e+04
1.297500000000000000e+04
1.255300000000000000e+04
1.256600000000000000e+04
1.255200000000000000e+04
1.242300000000000000e+04
1.241900000000000000e+04
1.232200000000000000e+04
1.215800000000000000e+04
1.234100000000000000e+04
1.207500000000000000e+04
1.215400000000000000e+04
1.188100000000000000e+04
1.214300000000000000e+04
1.169800000000000000e+04
1.170700000000000000e+04
1.184600000000000000e+04
1.172000000000000000e+04
1.148500000000000000e+04
1.145400000000000000e+04
1.151800000000000000e+04
1.158100000000000000e+04
1.140900000000000000e+04
1.142400000000000000e+04
1.116200000000000000e+04
1.107500000000000000e+04
1.104400000000000000e+04
1.115900000000000000e+04
1.100800000000000000e+04
1.093800000000000000e+04
1.081700000000000000e+04
1.075400000000000000e+04
1.062900000000000000e+04
1.087300000000000000e+04
1.070400000000000000e+04
1.058600000000000000e+04
1.060100000000000000e+04
1.046300000000000000e+04
1.043600000000000000e+04
1.027700000000000000e+04
1.043300000000000000e+04
1.031200000000000000e+04
1.035500000000000000e+04
1.031500000000000000e+04
1.038000000000000000e+04
1.005600000000000000e+04
1.014300000000000000e+04
1.004900000000000000e+04
9.983000000000000000e+03
9.991000000000000000e+03
9.658000000000000000e+03
9.685000000000000000e+03
9.850000000000000000e+03
9.717000000000000000e+03
9.701000000000000000e+03
9.787000000000000000e+03
9.510000000000000000e+03
9.735000000000000000e+03
9.475000000000000000e+03
9.368000000000000000e+03
9.556000000000000000e+03
9.401000000000000000e+03
9.408000000000000000e+03
9.399000000000000000e+03
9.367000000000000000e+03
9.221000000000000000e+03
9.077000000000000000e+03
9.148000000000000000e+03
9.284000000000000000e+03
8.994000000000000000e+03
9.041000000000000000e+03
8.851000000000000000e+03
8.911000000000000000e+03
8.813000000000000000e+03
8.816000000000000000e+03
8.715000000000000000e+03
8.713000000000000000e+03
8.667000000000000000e+03
8.681000000000000000e+03
8.770000000000000000e+03
8.738000000000000000e+03
8.532000000000000000e+03
8.382000000000000000e+03
8.403000000000000000e+03
8.258000000000000000e+03
8.356000000000000000e+03
8.445000000000000000e+03
8.330000000000000000e+03
8.149000000000000000e+03
8.189000000000000000e+03
8.330000000000000000e+03
8.169000000000000000e+03
8.121000000000000000e+03
7.930000000000000000e+03
7.976000000000000000e+03
8.081000000000000000e+03
7.833000000000000000e+03
7.830000000000000000e+03
7.758000000000000000e+03
7.888000000000000000e+03
7.727000000000000000e+03
7.853000000000000000e+03
7.761000000000000000e+03
7.626000000000000000e+03
7.572000000000000000e+03
7.651000000000000000e+03
7.469000000000000000e+03
7.635000000000000000e+03
7.359000000000000000e+03
7.481000000000000000e+03
7.562000000000000000e+03
7.472000000000000000e+03
7.411000000000000000e+03
7.351000000000000000e+03
7.260000000000000000e+03
7.238000000000000000e+03
7.269000000000000000e+03
7.297000000000000000e+03
7.231000000000000000e+03
7.157000000000000000e+03
7.143000000000000000e+03
7.172000000000000000e+03
7.092000000000000000e+03
7.229000000000000000e+03
7.107000000000000000e+03
7.123000000000000000e+03
6.954000000000000000e+03
6.981000000000000000e+03
6.822000000000000000e+03
6.762000000000000000e+03
6.972000000000000000e+03
6.854000000000000000e+03
6.798000000000000000e+03
6.823000000000000000e+03
6.835000000000000000e+03
6.754000000000000000e+03
6.698000000000000000e+03
6.582000000000000000e+03
6.746000000000000000e+03
6.628000000000000000e+03
6.608000000000000000e+03
6.647000000000000000e+03
6.515000000000000000e+03
6.438000000000000000e+03
6.527000000000000000e+03
6.655000000000000000e+03
6.474000000000000000e+03
6.326000000000000000e+03
6.469000000000000000e+03
6.290000000000000000e+03
6.358000000000000000e+03
6.396000000000000000e+03
