6.269000000000000000e+03
6.322000000000000000e+03
6.251000000000000000e+03
6.370000000000000000e+03
6.384000000000000000e+03
6.432000000000000000e+03
6.484000000000000000e+03
6.281000000000000000e+03
6.564000000000000000e+03
6.670000000000000000e+03
6.523000000000000000e+03
6.608000000000000000e+03
6.637000000000000000e+03
6.630000000000000000e+03
6.862000000000000000e+03
6.810000000000000000e+03
6.805000000000000000e+03
6.521000000000000000e+03
6.845000000000000000e+03
6.872000000000000000e+03
6.793000000000000000e+03
6.801000000000000000e+03
6.848000000000000000e+03
6.915000000000000000e+03
7.051000000000000000e+03
7.000000000000000000e+03
7.034000000000000000e+03
6.891000000000000000e+03
7.094000000000000000e+03
7.275000000000000000e+03
7.238000000000000000e+03
7.207000000000000000e+03
7.078000000000000000e+03
7.391000000000000000e+03
7.286000000000000000e+03
7.294000000000000000e+03
7.326000000000000000e+03
7.471000000000000000e+03
7.312000000000000000e+03
7.403000000000000000e+03
7.745000000000000000e+03
7.437000000000000000e+03
7.653000000000000000e+03
7.550000000000000000e+03
7.607000000000000000e+03
7.492000000000000000e+03
7.660000000000000000e+03
7.663000000000000000e+03
7.886000000000000000e+03
7.666000000000000000e+03
7.848000000000000000e+03
7.735000000000000000e+03
7.813000000000000000e+03
7.904000000000000000e+03
8.007000000000000000e+03
7.988000000000000000e+03
7.855000000000000000e+03
7.974000000000000000e+03
7.920000000000000000e+03
8.142000000000000000e+03
8.199000000000000000e+03
8.296000000000000000e+03
8.205000000000000000e+03
8.279000000000000000e+03
8.275000000000000000e+03
8.242000000000000000e+03
8.447000000000000000e+03
8.549000000000000000e+03
8.378000000000000000e+03
8.443000000000000000e+03
8.558000000000000000e+03
8.723000000000000000e+03
8.487000000000000000e+03
8.365000000000000000e+03
8.636000000000000000e+03
8.827000000000000000e+03
8.818000000000000000e+03
8.923000000000000000e+03
8.702000000000000000e+03
8.905000000000000000e+03
9.019000000000000000e+03
9.151000000000000000e+03
9.004000000000000000e+03
9.027000000000000000e+03
9.261000000000000000e+03
9.162000000000000000e+03
9.332000000000000000e+03
9.060000000000000000e+03
9.291000000000000000e+03
9.306000000000000000e+03
9.365000000000000000e+03
9.461000000000000000e+03
9.564000000000000000e+03
9.422000000000000000e+03
9.521000000000000000e+03
9.552000000000000000e+03
9.415000000000000000e+03
9.765000000000000000e+03
9.703000000000000000e+03
9.779000000000000000e+03
9.753000000000000000e+03
9.951000000000000000e+03
9.916000000000000000e+03
9.853000000000000000e+03
1.015000000000000000e+04
1.020300000000000000e+04
1.015600000000000000e+04
1.023100000000000000e+04
1.011300000000000000e+04
1.023900000000000000e+04
1.037700000000000000e+04
1.056400000000000000e+04
1.028200000000000000e+04
1.040400000000000000e+04
1.067800000000000000e+04
1.068400000000000000e+04
1.065800000000000000e+04
1.064300000000000000e+04
1.067600000000000000e+04
1.082300000000000000e+04
1.088800000000000000e+04
1.070100000000000000e+04
1.113800000000000000e+04
1.102700000000000000e+04
1.109700000000000000e+04
1.100800000000000000e+04
1.119600000000000000e+04
1.118400000000000000e+04
1.153000000000000000e+04
1.146400000000000000e+04
1.173600000000000000e+04
1.132400000000000000e+04
1.171500000000000000e+04
1.145100000000000000e+04
1.170300000000000000e+04
1.180900000000000000e+04
1.158500000000000000e+04
1.190600000000000000e+04
1.192700000000000000e+04
1.193300000000000000e+04
1.211800000000000000e+04
1.222300000000000000e+04
1.208700000000000000e+04
1.227700000000000000e+04
1.222200000000000000e+04
1.248300000000000000e+04
1.255400000000000000e+04
1.243800000000000000e+04
1.266500000000000000e+04
1.276900000000000000e+04
1.301600000000000000e+04
1.284300000000000000e+04
1.297500000000000000e+04
1.296800000000000000e+04
1.317200000000000000e+04
1.328600000000000000e+04
1.323400000000000000e+04
1.314800000000000000e+04
1.323400000000000000e+04
1.329400000000000000e+04
1.324300000000000000e+04
1.360000000000000000e+04
1.375600000000000000e+04
1.373800000000000000e+04
1.384100000000000000e+04
1.401800000000000000e+04
1.393500000000000000e+04
1.395900000000000000e+04
1.415200000000000000e+04
1.420900000000000000e+04
1.424200000000000000e+04
1.443200000000000000e+04
1.463800000000000000e+04
1.454900000000000000e+04
1.472400000000000000e+04
1.483800000000000000e+04
1.500000000000000000e+04
1.487700000000000000e+04
1.492700000000000000e+04
1.515200000000000000e+04
1.518000000000000000e+04
1.535500000000000000e+04
1.531600000000000000e+04
1.554700000000000000e+04
1.556000000000000000e+04
1.568800000000000000e+04
1.583200000000000000e+04
1.602700000000000000e+04
1.606700000000000000e+04
1.607700000000000000e+04
1.610400000000000000e+04
1.620400000000000000e+04
1.641500000000000000e+04
1.679400000000000000e+04
1.677300000000000000e+04
1.684200000000000000e+04
1.685300000000000000e+04
1.676600000000000000e+04
1.714100000000000000e+04
1.725500000000000000e+04
1.748100000000000000e+04
1.751700000000000000e+04
1.746900000000000000e+04
1.768500000000000000e+04
1.778300000000000000e+04
1.794000000000000000e+04
1.831600000000000000e+04
1.800100000000000000e+04
1.807000000000000000e+04
1.821300000000000000e+04
1.847200000000000000e+04
1.862900000000000000e+04
1.885300000000000000e+04
1.895700000000000000e+04
1.903300000000000000e+04
1.907500000000000000e+04
1.910700000000000000e+04
1.946100000000000000e+04
1.961500000000000000e+04
1.964300000000000000e+04
1.944800000000000000e+04
1.982600000000000000e+04
1.997100000000000000e+04
2.014100000000000000e+04
2.010200000000000000e+04
2.036000000000000000e+04
2.057300000000000000e+04
2.102400000000000000e+04
2.088100000000000000e+04
2.077900000000000000e+04
2.101800000000000000e+04
2.134000000000000000e+04
2.141200000000000000e+04
2.156400000000000000e+04
2.178500000000000000e+04
2.174900000000000000e+04
2.176900000000000000e+04
2.208600000000000000e+04
2.241600000000000000e+04
2.232400000000000000e+04
2.277200000000000000e+04
2.291000000000000000e+04
2.316000000000000000e+04
2.359300000000000000e+04
2.353000000000000000e+04
2.382800000000000000e+04
2.377100000000000000e+04
2.403800000000000000e+04
2.450200000000000000e+04
2.461900000000000000e+04
2.454900000000000000e+04
2.445100000000000000e+04
2.480300000000000000e+04
2.520000000000000000e+04
2.544000000000000000e+04
2.536000000000000000e+04
2.603600000000000000e+04
2.604900000000000000e+04
2.624000000000000000e+04
2.675000000000000000e+04
2.679200000000000000e+04
2.675700000000000000e+04
2.701200000000000000e+04
2.742200000000000000e+04
2.753900000000000000e+04
2.766200000000000000e+04
2.781900000000000000e+04
2.795600000000000000e+04
2.821600000000000000e+04
2.833000000000000000e+04
2.903100000000000000e+04
2.901800000000000000e+04
2.903700000000000000e+04
2.979100000000000000e+04
2.978800000000000000e+04
3.000800000000000000e+04
3.003700000000000000e+04
3.026500000000000000e+04
3.066200000000000000e+04
3.127600000000000000e+04
3.140100000000000000e+04
3.190800000000000000e+04
3.227900000000000000e+04
3.228300000000000000e+04
3.241800000000000000e+04
3.279600000000000000e+04
3.292800000000000000e+04
3.317400000000000000e+04
3.369800000000000000e+04
3.404100000000000000e+04
3.425600000000000000e+04
3.482900000000000000e+04
3.506100000000000000e+04
3.570200000000000000e+04
3.552000000000000000e+04
3.593900000000000000e+04
3.624500000000000000e+04
3.625200000000000000e+04
3.690000000000000000e+04
3.744600000000000000e+04
3.771700000000000000e+04
3.793600000000000000e+04
3.815800000000000000e+04
3.851800000000000000e+04
3.889800000000000000e+04
3.936200000000000000e+04
4.040100000000000000e+04
4.035800000000000000e+04
4.019100000000000000e+04
4.113200000000000000e+04
4.128500000000000000e+04
4.174500000000000000e+04
4.221700000000000000e+04
4.265900000000000000e+04
4.308300000000000000e+04
4.333000000000000000e+04
4.438500000000000000e+04
4.463000000000000000e+04
4.496500000000000000e+04
4.530700000000000000e+04
4.584300000000000000e+04
4.683400000000000000e+04
4.696000000000000000e+04
4.725200000000000000e+04
4.785300000000000000e+04
4.803000000000000000e+04
4.904400000000000000e+04
4.947200000000000000e+04
4.970200000000000000e+04
5.045600000000000000e+04
5.126900000000000000e+04
5.126900000000000000e+04
5.196300000000000000e+04
5.305300000000000000e+04
5.335100000000000000e+04
5.403700000000000000e+04
5.427400000000000000e+04
5.496000000000000000e+04
5.542500000000000000e+04
5.657500000000000000e+04
5.687800000000000000e+04
5.772000000000000000e+04
5.825200000000000000e+04
5.880100000000000000e+04
5.970500000000000000e+04
6.080300000000000000e+04
6.072000000000000000e+04
6.186600000000000000e+04
6.233300000000000000e+04
6.322900000000000000e+04
6.367400000000000000e+04
6.509200000000000000e+04
6.559700000000000000e+04
6.626600000000000000e+04
6.702200000000000000e+04
6.807300000000000000e+04
6.899100000000000000e+04
6.988200000000000000e+04
7.068200000000000000e+04
7.068500000000000000e+04
7.271200000000000000e+04
7.337500000000000000e+04
7.421100000000000000e+04
7.508500000000000000e+04
7.644300000000000000e+04
7.771700000000000000e+04
7.833900000000000000e+04
7.974000000000000000e+04
8.071500000000000000e+04
8.155900000000000000e+04
8.271500000000000000e+04
8.349800000000000000e+04
8.464900000000000000e+04
8.581200000000000000e+04
8.665800000000000000e+04
8.830200000000000000e+04
8.939800000000000000e+04
9.057100000000000000e+04
9.205100000000000000e+04
9.377000000000000000e+04
9.458000000000000000e+04
9.628100000000000000e+04
9.750000000000000000e+04
9.842500000000000000e+04
1.007270000000000000e+05
1.018740000000000000e+05
1.033030000000000000e+05
1.052470000000000000e+05
1.064010000000000000e+05
1.085740000000000000e+05
1.103760000000000000e+05
1.118680000000000000e+05
1.133460000000000000e+05
1.151550000000000000e+05
1.159550000000000000e+05
1.183550000000000000e+05
1.205410000000000000e+05
1.220120000000000000e+05
1.244900000000000000e+05
1.264840000000000000e+05
1.284290000000000000e+05
1.310790000000000000e+05
1.326950000000000000e+05
1.351580000000000000e+05
1.368790000000000000e+05
1.390330000000000000e+05
1.413050000000000000e+05
1.434290000000000000e+05
1.459630000000000000e+05
1.482360000000000000e+05
1.516070000000000000e+05
1.535940000000000000e+05
1.555570000000000000e+05
1.593530000000000000e+05
1.620750000000000000e+05
1.654100000000000000e+05
1.683770000000000000e+05
1.716510000000000000e+05
1.748260000000000000e+05
1.783640000000000000e+05
1.809420000000000000e+05
1.835700000000000000e+05
1.875470000000000000e+05
1.904150000000000000e+05
1.942990000000000000e+05
1.974740000000000000e+05
2.018140000000000000e+05
2.044190000000000000e+05
2.094660000000000000e+05
2.138710000000000000e+05
2.170930000000000000e+05
2.212940000000000000e+05
2.265660000000000000e+05
2.299460000000000000e+05
2.342910000000000000e+05
2.394310000000000000e+05
2.437550000000000000e+05
2.476410000000000000e+05
2.527830000000000000e+05
2.587410000000000000e+05
2.629110000000000000e+05
2.684460000000000000e+05
2.743380000000000000e+05
2.797820000000000000e+05
2.846020000000000000e+05
2.908730000000000000e+05
2.960150000000000000e+05
3.034080000000000000e+05
3.091380000000000000e+05
3.153440000000000000e+05
3.227110000000000000e+05
3.280720000000000000e+05
3.349070000000000000e+05
3.421980000000000000e+05
3.478740000000000000e+05
3.556320000000000000e+05
3.619610000000000000e+05
3.692500000000000000e+05
3.767000000000000000e+05
3.851250000000000000e+05
3.914310000000000000e+05
3.996400000000000000e+05
4.074940000000000000e+05
4.156680000000000000e+05
4.230760000000000000e+05
4.310840000000000000e+05
4.387490000000000000e+05
4.484670000000000000e+05
4.561190000000000000e+05
4.648360000000000000e+05
4.728130000000000000e+05
4.802980000000000000e+05
4.874380000000000000e+05
4.974300000000000000e+05
5.054920000000000000e+05
5.130360000000000000e+05
5.209780000000000000e+05
5.293700000000000000e+05
5.372910000000000000e+05
5.444660000000000000e+05
5.513250000000000000e+05
5.602280000000000000e+05
5.678850000000000000e+05
5.734710000000000000e+05
5.817880000000000000e+05
5.876600000000000000e+05
5.942900000000000000e+05
5.990070000000000000e+05
6.056200000000000000e+05
6.093070000000000000e+05
6.136270000000000000e+05
6.178950000000000000e+05
6.226200000000000000e+05
6.255800000000000000e+05
6.294810000000000000e+05
6.306110000000000000e+05
6.345610000000000000e+05
6.343890000000000000e+05
6.358900000000000000e+05
6.362860000000000000e+05
6.352550000000000000e+05
6.360820000000000000e+05
6.344370000000000000e+05
6.331630000000000000e+05
6.311260000000000000e+05
6.276090000000000000e+05
6.258740000000000000e+05
6.224660000000000000e+05
6.199810000000000000e+05
6.146130000000000000e+05
6.091900000000000000e+05
6.058800000000000000e+05
5.990800000000000000e+05
5.915260000000000000e+05
5.878280000000000000e+05
5.809620000000000000e+05
5.735880000000000000e+05
5.666050000000000000e+05
5.612170000000000000e+05
5.537210000000000000e+05
5.447150000000000000e+05
5.366660000000000000e+05
5.277920000000000000e+05
5.215440000000000000e+05
5.133420000000000000e+05
5.042180000000000000e+05
4.970110000000000000e+05
4.897350000000000000e+05
4.799080000000000000e+05
4.733350000000000000e+05
4.642800000000000000e+05
4.550950000000000000e+05
4.467090000000000000e+05
4.384480000000000000e+05
4.316040000000000000e+05
4.220440000000000000e+05
4.155410000000000000e+05
4.071200000000000000e+05
4.004430000000000000e+05
3.910370000000000000e+05
3.833330000000000000e+05
3.771160000000000000e+05
3.700220000000000000e+05
3.625170000000000000e+05
3.556150000000000000e+05
3.486780000000000000e+05
3.413630000000000000e+05
3.353460000000000000e+05
3.280100000000000000e+05
3.204160000000000000e+05
3.154220000000000000e+05
3.087000000000000000e+05
3.019620000000000000e+05
2.960610000000000000e+05
2.913880000000000000e+05
2.855390000000000000e+05
2.793520000000000000e+05
2.742250000000000000e+05
2.693190000000000000e+05
2.631740000000000000e+05
2.575240000000000000e+05
2.520440000000000000e+05
2.493160000000000000e+05
2.439840000000000000e+05
2.386380000000000000e+05
2.346970000000000000e+05
2.299780000000000000e+05
2.253030000000000000e+05
2.213990000000000000e+05
2.171920000000000000e+05
2.143030000000000000e+05
2.091320000000000000e+05
2.053990000000000000e+05
2.014780000000000000e+05
1.969090000000000000e+05
1.939150000000000000e+05
1.907410000000000000e+05
1.880440000000000000e+05
1.837980000000000000e+05
1.801710000000000000e+05
1.774540000000000000e+05
1.738070000000000000e+05
1.708180000000000000e+05
1.675060000000000000e+05
1.654920000000000000e+05
1.621780000000000000e+05
1.597240000000000000e+05
1.566760000000000000e+05
1.541000000000000000e+05
1.518020000000000000e+05
1.484460000000000000e+05
1.464410000000000000e+05
1.441690000000000000e+05
1.412090000000000000e+05
1.391930000000000000e+05
1.365060000000000000e+05
1.354290000000000000e+05
1.327680000000000000e+05
1.305490000000000000e+05
1.280520000000000000e+05
1.264870000000000000e+05
1.242240000000000000e+05
1.223790000000000000e+05
1.206710000000000000e+05
1.184260000000000000e+05
1.166460000000000000e+05
1.149970000000000000e+05
1.133060000000000000e+05
1.115860000000000000e+05
1.101260000000000000e+05
1.084340000000000000e+05
1.073400000000000000e+05
1.049820000000000000e+05
1.036850000000000000e+05
1.017800000000000000e+05
1.001670000000000000e+05
9.887900000000000000e+04
9.738600000000000000e+04
9.620100000000000000e+04
9.507100000000000000e+04
9.358400000000000000e+04
9.290100000000000000e+04
9.066500000000000000e+04
8.956600000000000000e+04
8.843200000000000000e+04
8.747000000000000000e+04
8.624600000000000000e+04
8.498100000000000000e+04
8.436400000000000000e+04
8.267400000000000000e+04
8.116000000000000000e+04
8.052700000000000000e+04
7.937500000000000000e+04
7.844000000000000000e+04
7.766400000000000000e+04
7.637000000000000000e+04
7.501500000000000000e+04
7.415100000000000000e+04
7.342300000000000000e+04
7.267300000000000000e+04
7.134200000000000000e+04
7.106900000000000000e+04
6.986200000000000000e+04
6.855100000000000000e+04
6.781900000000000000e+04
6.731800000000000000e+04
6.649500000000000000e+04
6.550900000000000000e+04
6.465900000000000000e+04
6.397300000000000000e+04
6.317600000000000000e+04
6.244400000000000000e+04
6.142200000000000000e+04
6.133600000000000000e+04
6.045300000000000000e+04
5.989400000000000000e+04
5.894500000000000000e+04
5.813300000000000000e+04
5.771100000000000000e+04
5.727600000000000000e+04
5.639200000000000000e+04
5.543500000000000000e+04
5.535700000000000000e+04
5.408900000000000000e+04
5.383800000000000000e+04
5.334800000000000000e+04
5.255700000000000000e+04
5.215000000000000000e+04
5.178300000000000000e+04
5.061600000000000000e+04
5.011400000000000000e+04
4.996600000000000000e+04
4.911500000000000000e+04
4.882700000000000000e+04
4.831000000000000000e+04
4.736700000000000000e+04
4.752200000000000000e+04
4.671200000000000000e+04
4.597400000000000000e+04
4.613500000000000000e+04
4.531800000000000000e+04
4.526700000000000000e+04
4.433200000000000000e+04
4.405600000000000000e+04
4.317200000000000000e+04
4.297200000000000000e+04
4.271300000000000000e+04
4.210600000000000000e+04
4.165400000000000000e+04
4.159700000000000000e+04
4.078700000000000000e+04
4.082700000000000000e+04
4.040500000000000000e+04
3.954900000000000000e+04
3.960000000000000000e+04
3.909100000000000000e+04
3.837900000000000000e+04
3.858100000000000000e+04
3.770300000000000000e+04
3.741300000000000000e+04
3.735100000000000000e+04
3.668000000000000000e+04
3.689200000000000000e+04
3.667200000000000000e+04
3.585600000000000000e+04
3.563800000000000000e+04
3.519900000000000000e+04
3.476800000000000000e+04
3.440700000000000000e+04
3.421900000000000000e+04
3.379700000000000000e+04
3.389100000000000000e+04
3.332400000000000000e+04
3.343800000000000000e+04
3.280200000000000000e+04
3.258100000000000000e+04
3.220300000000000000e+04
3.182700000000000000e+04
3.151700000000000000e+04
3.124500000000000000e+04
3.139900000000000000e+04
3.064100000000000000e+04
3.082600000000000000e+04
3.026500000000000000e+04
3.002500000000000000e+04
2.962900000000000000e+04
2.951300000000000000e+04
2.970600000000000000e+04
2.926500000000000000e+04
2.866600000000000000e+04
2.844900000000000000e+04
2.855900000000000000e+04
2.809300000000000000e+04
2.792400000000000000e+04
2.753600000000000000e+04
2.715300000000000000e+04
2.714000000000000000e+04
2.699700000000000000e+04
2.681300000000000000e+04
2.691100000000000000e+04
2.654300000000000000e+04
2.629700000000000000e+04
2.602100000000000000e+04
2.604000000000000000e+04
2.541700000000000000e+04
2.525200000000000000e+04
2.494400000000000000e+04
2.455800000000000000e+04
2.482000000000000000e+04
2.443200000000000000e+04
2.465100000000000000e+04
2.388900000000000000e+04
2.402500000000000000e+04
2.391200000000000000e+04
2.354500000000000000e+04
2.367100000000000000e+04
2.320900000000000000e+04
2.342400000000000000e+04
2.303100000000000000e+04
2.283300000000000000e+04
2.262200000000000000e+04
2.224600000000000000e+04
2.200400000000000000e+04
2.214100000000000000e+04
2.241600000000000000e+04
2.186300000000000000e+04
2.166400000000000000e+04
2.150100000000000000e+04
2.142000000000000000e+04
2.117100000000000000e+04
2.112600000000000000e+04
2.100100000000000000e+04
2.082200000000000000e+04
2.097900000000000000e+04
2.038200000000000000e+04
2.042900000000000000e+04
2.015100000000000000e+04
2.002500000000000000e+04
1.967300000000000000e+04
1.982700000000000000e+04
1.950000000000000000e+04
1.936900000000000000e+04
1.931000000000000000e+04
1.927400000000000000e+04
1.944300000000000000e+04
1.888900000000000000e+04
1.868800000000000000e+04
1.842900000000000000e+04
1.860000000000000000e+04
1.865700000000000000e+04
1.832100000000000000e+04
1.824800000000000000e+04
1.824100000000000000e+04
1.774200000000000000e+04
1.779300000000000000e+04
1.778700000000000000e+04
1.736200000000000000e+04
1.766400000000000000e+04
1.745400000000000000e+04
1.754000000000000000e+04
1.717600000000000000e+04
1.698300000000000000e+04
1.687400000000000000e+04
1.693200000000000000e+04
1.670100000000000000e+04
1.644800000000000000e+04
1.649200000000000000e+04
1.630500000000000000e+04
1.634000000000000000e+04
1.623100000000000000e+04
1.646200000000000000e+04
1.579400000000000000e+04
1.574200000000000000e+04
1.607000000000000000e+04
1.581800000000000000e+04
1.564700000000000000e+04
1.548100000000000000e+04
1.563200000000000000e+04
1.534400000000000000e+04
1.527500000000000000e+04
1.524900000000000000e+04
1.525600000000000000e+04
1.509600000000000000e+04
1.469000000000000000e+04
1.470800000000000000e+04
1.465700000000000000e+04
1.459100000000000000e+04
1.464800000000000000e+04
1.440600000000000000e+04
1.432800000000000000e+04
1.421200000000000000e+04
1.407700000000000000e+04
1.420400000000000000e+04
1.411200000000000000e+04
1.396200000000000000e+04
1.365700000000000000e+04
1.364000000000000000e+04
1.360700000000000000e+04
1.361700000000000000e+04
1.341100000000000000e+04
1.350700000000000000e+04
1.323700000000000000e+04
1.342900000000000000e+04
1.357400000000000000e+04
1.342200000000000000e+04
1.315600000000000000e+04
1.296700000000000000e+04
1.298400000000000000e+04
1.299700000000000000e+04
1.269900000000000000e+04
1.298300000000000000e+04
1.260400000000000000e+04
1.269100000000000000e+04
1.256800000000000000e+04
1.250300000000000000e+04
1.227900000000000000e+04
1.248100000000000000e+04
1.216200000000000000e+04
1.200900000000000000e+04
1.211700000000000000e+04
1.193600000000000000e+04
1.175500000000000000e+04
1.179100000000000000e+04
1.181500000000000000e+04
1.164900000000000000e+04
1.169200000000000000e+04
1.146700000000000000e+04
1.155300000000000000e+04
1.150700000000000000e+04
1.149000000000000000e+04
1.163700000000000000e+04
1.116000000000000000e+04
1.139100000000000000e+04
1.124200000000000000e+04
1.113400000000000000e+04
1.113000000000000000e+04
1.110800000000000000e+04
1.097900000000000000e+04
1.093500000000000000e+04
1.093000000000000000e+04
1.077900000000000000e+04
1.094200000000000000e+04
1.086100000000000000e+04
1.051600000000000000e+04
1.071100000000000000e+04
1.050300000000000000e+04
1.050200000000000000e+04
1.040000000000000000e+04
1.033500000000000000e+04
1.040700000000000000e+04
1.022300000000000000e+04
1.029100000000000000e+04
1.014200000000000000e+04
1.005900000000000000e+04
1.012200000000000000e+04
9.992000000000000000e+03
9.934000000000000000e+03
9.799000000000000000e+03
9.769000000000000000e+03
9.811000000000000000e+03
9.662000000000000000e+03
9.776000000000000000e+03
9.793000000000000000e+03
9.537000000000000000e+03
9.708000000000000000e+03
9.539000000000000000e+03
9.576000000000000000e+03
9.420000000000000000e+03
9.340000000000000000e+03
9.376000000000000000e+03
9.395000000000000000e+03
9.072000000000000000e+03
9.197000000000000000e+03
9.214000000000000000e+03
9.165000000000000000e+03
9.111000000000000000e+03
9.012000000000000000e+03
8.900000000000000000e+03
8.846000000000000000e+03
8.939000000000000000e+03
8.824000000000000000e+03
8.833000000000000000e+03
8.864000000000000000e+03
8.748000000000000000e+03
8.780000000000000000e+03
8.679000000000000000e+03
8.591000000000000000e+03
8.621000000000000000e+03
8.466000000000000000e+03
8.635000000000000000e+03
8.490000000000000000e+03
8.467000000000000000e+03
8.394000000000000000e+03
8.439000000000000000e+03
8.372000000000000000e+03
8.176000000000000000e+03
8.359000000000000000e+03
8.209000000000000000e+03
8.262000000000000000e+03
8.055000000000000000e+03
8.063000000000000000e+03
8.009000000000000000e+03
7.930000000000000000e+03
8.168000000000000000e+03
7.888000000000000000e+03
7.924000000000000000e+03
7.919000000000000000e+03
7.873000000000000000e+03
7.849000000000000000e+03
7.784000000000000000e+03
7.691000000000000000e+03
7.598000000000000000e+03
7.584000000000000000e+03
7.640000000000000000e+03
7.557000000000000000e+03
7.581000000000000000e+03
7.645000000000000000e+03
7.510000000000000000e+03
7.475000000000000000e+03
7.573000000000000000e+03
7.444000000000000000e+03
7.382000000000000000e+03
7.341000000000000000e+03
7.214000000000000000e+03
7.238000000000000000e+03
7.204000000000000000e+03
7.136000000000000000e+03
7.166000000000000000e+03
7.273000000000000000e+03
7.134000000000000000e+03
7.121000000000000000e+03
7.136000000000000000e+03
7.194000000000000000e+03
6.954000000000000000e+03
7.031000000000000000e+03
6.843000000000000000e+03
6.818000000000000000e+03
6.817000000000000000e+03
6.739000000000000000e+03
7.003000000000000000e+03
6.872000000000000000e+03
6.812000000000000000e+03
6.797000000000000000e+03
6.661000000000000000e+03
6.551000000000000000e+03
6.595000000000000000e+03
6.601000000000000000e+03
6.622000000000000000e+03
6.563000000000000000e+03
6.596000000000000000e+03
6.450000000000000000e+03
6.603000000000000000e+03
6.320000000000000000e+03
6.369000000000000000e+03
6.431000000000000000e+03
6.395000000000000000e+03
6.304000000000000000e+03
6.383000000000000000e+03
6.336000000000000000e+03
6.211000000000000000e+03
