6.377000000000000000e+03
6.252000000000000000e+03
6.296000000000000000e+03
6.310000000000000000e+03
6.366000000000000000e+03
6.438000000000000000e+03
6.441000000000000000e+03
6.343000000000000000e+03
6.474000000000000000e+03
6.497000000000000000e+03
6.649000000000000000e+03
6.556000000000000000e+03
6.602000000000000000e+03
6.708000000000000000e+03
6.477000000000000000e+03
6.699000000000000000e+03
6.720000000000000000e+03
6.887000000000000000e+03
6.732000000000000000e+03
6.883000000000000000e+03
6.909000000000000000e+03
6.714000000000000000e+03
6.968000000000000000e+03
6.976000000000000000e+03
6.920000000000000000e+03
7.131000000000000000e+03
6.947000000000000000e+03
7.175000000000000000e+03
6.955000000000000000e+03
7.083000000000000000e+03
7.344000000000000000e+03
7.262000000000000000e+03
7.091000000000000000e+03
7.368000000000000000e+03
7.351000000000000000e+03
7.414000000000000000e+03
7.414000000000000000e+03
7.416000000000000000e+03
7.286000000000000000e+03
7.424000000000000000e+03
7.269000000000000000e+03
7.476000000000000000e+03
7.459000000000000000e+03
7.472000000000000000e+03
7.608000000000000000e+03
7.616000000000000000e+03
7.578000000000000000e+03
7.758000000000000000e+03
7.720000000000000000e+03
7.748000000000000000e+03
7.836000000000000000e+03
7.769000000000000000e+03
7.760000000000000000e+03
8.014000000000000000e+03
7.957000000000000000e+03
7.900000000000000000e+03
7.998000000000000000e+03
8.163000000000000000e+03
7.955000000000000000e+03
8.111000000000000000e+03
8.134000000000000000e+03
8.215000000000000000e+03
8.103000000000000000e+03
8.322000000000000000e+03
8.412000000000000000e+03
8.422000000000000000e+03
8.361000000000000000e+03
8.239000000000000000e+03
8.547000000000000000e+03
8.535000000000000000e+03
8.521000000000000000e+03
8.680000000000000000e+03
8.658000000000000000e+03
8.849000000000000000e+03
8.673000000000000000e+03
8.643000000000000000e+03
8.642000000000000000e+03
8.828000000000000000e+03
8.733000000000000000e+03
8.779000000000000000e+03
8.917000000000000000e+03
8.971000000000000000e+03
8.836000000000000000e+03
9.022000000000000000e+03
9.108000000000000000e+03
9.146000000000000000e+03
9.057000000000000000e+03
9.104000000000000000e+03
9.325000000000000000e+03
9.115000000000000000e+03
9.407000000000000000e+03
9.384000000000000000e+03
9.405000000000000000e+03
9.455000000000000000e+03
9.716000000000000000e+03
9.434000000000000000e+03
9.594000000000000000e+03
9.816000000000000000e+03
9.836000000000000000e+03
9.770000000000000000e+03
9.921000000000000000e+03
9.994000000000000000e+03
9.814000000000000000e+03
1.004800000000000000e+04
9.950000000000000000e+03
1.017600000000000000e+04
1.000900000000000000e+04
1.015500000000000000e+04
1.031300000000000000e+04
1.043900000000000000e+04
1.007900000000000000e+04
1.029900000000000000e+04
1.027200000000000000e+04
1.062000000000000000e+04
1.052200000000000000e+04
1.072900000000000000e+04
1.050700000000000000e+04
1.057700000000000000e+04
1.087000000000000000e+04
1.086600000000000000e+04
1.078400000000000000e+04
1.102900000000000000e+04
1.106100000000000000e+04
1.097200000000000000e+04
1.116700000000000000e+04
1.130500000000000000e+04
1.106800000000000000e+04
1.115700000000000000e+04
1.115500000000000000e+04
1.146600000000000000e+04
1.171800000000000000e+04
1.154900000000000000e+04
1.143000000000000000e+04
1.153800000000000000e+04
1.135100000000000000e+04
1.166100000000000000e+04
1.171000000000000000e+04
1.187800000000000000e+04
1.201100000000000000e+04
1.218400000000000000e+04
1.206400000000000000e+04
1.225900000000000000e+04
1.211500000000000000e+04
1.227500000000000000e+04
1.243500000000000000e+04
1.240900000000000000e+04
1.247800000000000000e+04
1.250300000000000000e+04
1.271400000000000000e+04
1.250200000000000000e+04
1.270000000000000000e+04
1.300800000000000000e+04
1.278800000000000000e+04
1.304800000000000000e+04
1.281300000000000000e+04
1.316600000000000000e+04
1.313600000000000000e+04
1.322200000000000000e+04
1.334600000000000000e+04
1.344500000000000000e+04
1.342000000000000000e+04
1.354900000000000000e+04
1.378100000000000000e+04
1.376900000000000000e+04
1.402400000000000000e+04
1.391100000000000000e+04
1.404300000000000000e+04
1.420700000000000000e+04
1.415800000000000000e+04
1.457700000000000000e+04
1.435400000000000000e+04
1.439400000000000000e+04
1.443200000000000000e+04
1.467600000000000000e+04
1.487100000000000000e+04
1.485300000000000000e+04
1.483900000000000000e+04
1.484000000000000000e+04
1.497800000000000000e+04
1.527500000000000000e+04
1.535700000000000000e+04
1.526500000000000000e+04
1.573000000000000000e+04
1.555400000000000000e+04
1.546100000000000000e+04
1.584600000000000000e+04
1.583600000000000000e+04
1.605300000000000000e+04
1.602700000000000000e+04
1.609900000000000000e+04
1.640000000000000000e+04
1.636900000000000000e+04
1.649200000000000000e+04
1.626500000000000000e+04
1.683600000000000000e+04
1.679300000000000000e+04
1.702900000000000000e+04
1.699200000000000000e+04
1.717600000000000000e+04
1.689300000000000000e+04
1.734500000000000000e+04
1.743700000000000000e+04
1.738000000000000000e+04
1.770200000000000000e+04
1.760300000000000000e+04
1.774000000000000000e+04
1.794600000000000000e+04
1.825800000000000000e+04
1.802400000000000000e+04
1.838800000000000000e+04
1.849500000000000000e+04
1.862600000000000000e+04
1.872800000000000000e+04
1.879000000000000000e+04
1.881500000000000000e+04
1.898600000000000000e+04
1.913400000000000000e+04
1.941300000000000000e+04
1.940600000000000000e+04
1.961000000000000000e+04
1.979300000000000000e+04
2.004800000000000000e+04
1.994900000000000000e+04
2.012400000000000000e+04
1.995500000000000000e+04
2.042000000000000000e+04
2.062400000000000000e+04
2.073100000000000000e+04
2.091300000000000000e+04
2.103600000000000000e+04
2.100200000000000000e+04
2.162900000000000000e+04
2.169800000000000000e+04
2.161300000000000000e+04
2.164300000000000000e+04
2.184400000000000000e+04
2.211500000000000000e+04
2.221600000000000000e+04
2.240600000000000000e+04
2.277700000000000000e+04
2.286900000000000000e+04
2.294900000000000000e+04
2.312100000000000000e+04
2.311800000000000000e+04
2.365400000000000000e+04
2.392000000000000000e+04
2.368900000000000000e+04
2.392500000000000000e+04
2.427200000000000000e+04
2.432000000000000000e+04
2.460500000000000000e+04
2.480900000000000000e+04
2.481100000000000000e+04
2.512700000000000000e+04
2.515900000000000000e+04
2.569300000000000000e+04
2.582900000000000000e+04
2.568100000000000000e+04
2.613200000000000000e+04
2.666900000000000000e+04
2.651200000000000000e+04
2.696800000000000000e+04
2.717400000000000000e+04
2.759300000000000000e+04
2.768900000000000000e+04
2.786600000000000000e+04
2.781800000000000000e+04
2.823000000000000000e+04
2.837000000000000000e+04
2.874300000000000000e+04
2.887200000000000000e+04
2.911200000000000000e+04
2.936900000000000000e+04
2.959900000000000000e+04
2.979500000000000000e+04
2.986400000000000000e+04
3.015500000000000000e+04
3.043900000000000000e+04
3.084000000000000000e+04
3.080800000000000000e+04
3.137400000000000000e+04
3.169700000000000000e+04
3.199900000000000000e+04
3.229200000000000000e+04
3.230300000000000000e+04
3.278200000000000000e+04
3.321800000000000000e+04
3.353800000000000000e+04
3.363200000000000000e+04
3.401800000000000000e+04
3.430100000000000000e+04
3.464500000000000000e+04
3.470000000000000000e+04
3.511000000000000000e+04
3.552000000000000000e+04
3.578600000000000000e+04
3.633800000000000000e+04
3.666800000000000000e+04
3.687800000000000000e+04
3.688600000000000000e+04
3.731800000000000000e+04
3.837700000000000000e+04
3.847400000000000000e+04
3.860300000000000000e+04
3.901700000000000000e+04
3.957000000000000000e+04
3.988100000000000000e+04
4.014100000000000000e+04
4.077900000000000000e+04
4.069900000000000000e+04
4.156100000000000000e+04
4.198200000000000000e+04
4.231400000000000000e+04
4.259500000000000000e+04
4.334700000000000000e+04
4.338300000000000000e+04
4.388500000000000000e+04
4.422600000000000000e+04
4.517700000000000000e+04
4.552300000000000000e+04
4.587600000000000000e+04
4.651200000000000000e+04
4.687400000000000000e+04
4.764900000000000000e+04
4.792500000000000000e+04
4.828900000000000000e+04
4.865000000000000000e+04
4.959000000000000000e+04
4.991800000000000000e+04
5.021200000000000000e+04
5.110900000000000000e+04
5.143700000000000000e+04
5.227900000000000000e+04
5.284200000000000000e+04
5.323100000000000000e+04
5.374400000000000000e+04
5.477100000000000000e+04
5.489100000000000000e+04
5.538600000000000000e+04
5.623700000000000000e+04
5.669500000000000000e+04
5.778600000000000000e+04
5.789500000000000000e+04
5.909800000000000000e+04
5.962600000000000000e+04
6.058700000000000000e+04
6.106200000000000000e+04
6.208000000000000000e+04
6.283900000000000000e+04
6.354000000000000000e+04
6.409100000000000000e+04
6.483000000000000000e+04
6.514800000000000000e+04
6.680100000000000000e+04
6.693500000000000000e+04
6.801300000000000000e+04
6.859400000000000000e+04
6.957800000000000000e+04
7.090300000000000000e+04
7.145100000000000000e+04
7.223200000000000000e+04
7.296600000000000000e+04
7.401500000000000000e+04
7.505800000000000000e+04
7.604100000000000000e+04
7.697800000000000000e+04
7.793200000000000000e+04
7.915400000000000000e+04
8.018000000000000000e+04
8.147700000000000000e+04
8.301900000000000000e+04
8.404600000000000000e+04
8.509100000000000000e+04
8.588400000000000000e+04
8.705500000000000000e+04
8.777400000000000000e+04
8.951200000000000000e+04
9.060800000000000000e+04
9.196300000000000000e+04
9.364100000000000000e+04
9.418600000000000000e+04
9.620900000000000000e+04
9.760400000000000000e+04
9.913200000000000000e+04
1.002140000000000000e+05
1.016860000000000000e+05
1.033290000000000000e+05
1.051960000000000000e+05
1.062040000000000000e+05
1.086730000000000000e+05
1.098510000000000000e+05
1.110220000000000000e+05
1.129410000000000000e+05
1.146570000000000000e+05
1.172510000000000000e+05
1.189340000000000000e+05
1.208020000000000000e+05
1.226810000000000000e+05
1.247250000000000000e+05
1.261850000000000000e+05
1.282250000000000000e+05
1.306710000000000000e+05
1.325770000000000000e+05
1.345090000000000000e+05
1.371920000000000000e+05
1.390790000000000000e+05
1.419960000000000000e+05
1.440950000000000000e+05
1.466560000000000000e+05
1.488880000000000000e+05
1.525160000000000000e+05
1.535630000000000000e+05
1.564320000000000000e+05
1.600780000000000000e+05
1.620360000000000000e+05
1.647420000000000000e+05
1.681580000000000000e+05
1.710810000000000000e+05
1.745320000000000000e+05
1.766220000000000000e+05
1.806000000000000000e+05
1.835730000000000000e+05
1.870260000000000000e+05
1.905360000000000000e+05
1.940600000000000000e+05
1.976830000000000000e+05
2.013600000000000000e+05
2.052760000000000000e+05
2.105010000000000000e+05
2.129640000000000000e+05
2.169510000000000000e+05
2.217600000000000000e+05
2.258070000000000000e+05
2.299320000000000000e+05
2.341950000000000000e+05
2.389260000000000000e+05
2.440260000000000000e+05
2.493530000000000000e+05
2.536540000000000000e+05
2.583930000000000000e+05
2.636400000000000000e+05
2.681380000000000000e+05
2.738720000000000000e+05
2.792050000000000000e+05
2.845610000000000000e+05
2.912590000000000000e+05
2.965360000000000000e+05
3.028510000000000000e+05
3.086690000000000000e+05
3.155160000000000000e+05
3.218360000000000000e+05
3.279850000000000000e+05
3.338710000000000000e+05
3.413530000000000000e+05
3.484420000000000000e+05
3.546540000000000000e+05
3.614630000000000000e+05
3.695670000000000000e+05
3.770820000000000000e+05
3.859170000000000000e+05
3.921990000000000000e+05
3.998660000000000000e+05
4.076650000000000000e+05
4.153850000000000000e+05
4.228620000000000000e+05
4.307930000000000000e+05
4.404650000000000000e+05
4.472290000000000000e+05
4.558570000000000000e+05
4.635380000000000000e+05
4.722720000000000000e+05
4.805470000000000000e+05
4.882540000000000000e+05
4.966700000000000000e+05
5.051600000000000000e+05
5.130900000000000000e+05
5.208670000000000000e+05
5.289190000000000000e+05
5.369310000000000000e+05
5.449330000000000000e+05
5.526020000000000000e+05
5.611540000000000000e+05
5.679520000000000000e+05
5.739630000000000000e+05
5.805320000000000000e+05
5.881090000000000000e+05
5.931550000000000000e+05
6.002470000000000000e+05
6.042930000000000000e+05
6.103700000000000000e+05
6.144090000000000000e+05
6.194350000000000000e+05
6.231040000000000000e+05
6.245990000000000000e+05
6.286720000000000000e+05
6.309450000000000000e+05
6.343390000000000000e+05
6.340350000000000000e+05
6.363210000000000000e+05
6.354790000000000000e+05
6.365700000000000000e+05
6.354250000000000000e+05
6.345270000000000000e+05
6.328440000000000000e+05
6.319430000000000000e+05
6.289340000000000000e+05
6.249420000000000000e+05
6.228930000000000000e+05
6.183130000000000000e+05
6.157700000000000000e+05
6.087160000000000000e+05
6.053360000000000000e+05
6.002640000000000000e+05
5.942750000000000000e+05
5.878200000000000000e+05
5.804540000000000000e+05
5.741300000000000000e+05
5.664410000000000000e+05
5.592150000000000000e+05
5.519960000000000000e+05
5.449000000000000000e+05
5.363230000000000000e+05
5.294170000000000000e+05
5.217930000000000000e+05
5.149720000000000000e+05
5.046580000000000000e+05
4.978830000000000000e+05
4.889190000000000000e+05
4.821510000000000000e+05
4.726040000000000000e+05
4.630620000000000000e+05
4.568110000000000000e+05
4.467100000000000000e+05
4.400610000000000000e+05
4.319370000000000000e+05
4.242520000000000000e+05
4.152340000000000000e+05
4.077150000000000000e+05
3.995550000000000000e+05
3.924370000000000000e+05
3.843340000000000000e+05
3.782720000000000000e+05
3.703560000000000000e+05
3.624230000000000000e+05
3.543470000000000000e+05
3.483140000000000000e+05
3.412930000000000000e+05
3.343930000000000000e+05
3.275230000000000000e+05
3.219980000000000000e+05
3.146200000000000000e+05
3.084850000000000000e+05
3.031540000000000000e+05
2.960800000000000000e+05
2.901570000000000000e+05
2.854500000000000000e+05
2.801280000000000000e+05
2.735970000000000000e+05
2.688680000000000000e+05
2.633230000000000000e+05
2.583100000000000000e+05
2.538130000000000000e+05
2.488600000000000000e+05
2.437430000000000000e+05
2.391960000000000000e+05
2.344920000000000000e+05
2.295300000000000000e+05
2.259270000000000000e+05
2.210070000000000000e+05
2.179810000000000000e+05
2.134060000000000000e+05
2.095260000000000000e+05
2.057180000000000000e+05
2.021140000000000000e+05
1.974550000000000000e+05
1.948320000000000000e+05
1.907000000000000000e+05
1.865180000000000000e+05
1.840390000000000000e+05
1.797550000000000000e+05
1.760350000000000000e+05
1.738780000000000000e+05
1.708750000000000000e+05
1.676200000000000000e+05
1.657130000000000000e+05
1.620150000000000000e+05
1.595010000000000000e+05
1.570760000000000000e+05
1.533230000000000000e+05
1.511130000000000000e+05
1.482960000000000000e+05
1.457520000000000000e+05
1.437240000000000000e+05
1.419750000000000000e+05
1.391990000000000000e+05
1.362650000000000000e+05
1.347660000000000000e+05
1.325680000000000000e+05
1.306220000000000000e+05
1.276070000000000000e+05
1.256010000000000000e+05
1.241910000000000000e+05
1.219490000000000000e+05
1.200800000000000000e+05
1.186400000000000000e+05
1.165890000000000000e+05
1.155230000000000000e+05
1.133990000000000000e+05
1.109980000000000000e+05
1.103930000000000000e+05
1.079740000000000000e+05
1.065370000000000000e+05
1.051130000000000000e+05
1.035530000000000000e+05
1.022040000000000000e+05
1.007310000000000000e+05
9.945700000000000000e+04
9.789200000000000000e+04
9.632900000000000000e+04
9.497800000000000000e+04
9.347600000000000000e+04
9.181600000000000000e+04
9.064000000000000000e+04
8.995200000000000000e+04
8.843300000000000000e+04
8.679600000000000000e+04
8.576500000000000000e+04
8.444800000000000000e+04
8.404600000000000000e+04
8.224600000000000000e+04
8.151700000000000000e+04
8.045100000000000000e+04
7.954900000000000000e+04
7.802300000000000000e+04
7.719800000000000000e+04
7.646600000000000000e+04
7.507900000000000000e+04
7.429100000000000000e+04
7.308500000000000000e+04
7.241900000000000000e+04
7.108200000000000000e+04
7.082100000000000000e+04
6.965200000000000000e+04
6.868500000000000000e+04
6.783700000000000000e+04
6.720200000000000000e+04
6.673700000000000000e+04
6.600000000000000000e+04
6.505800000000000000e+04
6.447300000000000000e+04
6.303600000000000000e+04
6.268500000000000000e+04
6.206400000000000000e+04
6.065900000000000000e+04
6.057000000000000000e+04
5.974400000000000000e+04
5.908900000000000000e+04
5.830200000000000000e+04
5.776000000000000000e+04
5.709800000000000000e+04
5.648100000000000000e+04
5.558800000000000000e+04
5.485300000000000000e+04
5.426500000000000000e+04
5.354300000000000000e+04
5.300600000000000000e+04
5.246500000000000000e+04
5.200600000000000000e+04
5.166300000000000000e+04
5.078700000000000000e+04
5.073200000000000000e+04
4.974900000000000000e+04
4.936000000000000000e+04
4.871900000000000000e+04
4.835900000000000000e+04
4.766500000000000000e+04
4.762400000000000000e+04
4.662400000000000000e+04
4.650400000000000000e+04
4.575500000000000000e+04
4.549500000000000000e+04
4.467400000000000000e+04
4.445700000000000000e+04
4.385600000000000000e+04
4.335200000000000000e+04
4.332200000000000000e+04
4.257900000000000000e+04
4.222000000000000000e+04
4.224600000000000000e+04
4.158100000000000000e+04
4.123800000000000000e+04
4.033600000000000000e+04
4.069500000000000000e+04
4.008300000000000000e+04
3.939800000000000000e+04
3.928400000000000000e+04
3.859000000000000000e+04
3.842100000000000000e+04
3.789600000000000000e+04
3.738000000000000000e+04
3.738100000000000000e+04
3.715400000000000000e+04
3.690800000000000000e+04
3.654500000000000000e+04
3.624200000000000000e+04
3.552400000000000000e+04
3.535700000000000000e+04
3.533200000000000000e+04
3.463300000000000000e+04
3.463500000000000000e+04
3.417900000000000000e+04
3.370100000000000000e+04
3.366400000000000000e+04
3.306000000000000000e+04
3.280100000000000000e+04
3.271100000000000000e+04
3.193500000000000000e+04
3.189200000000000000e+04
3.134700000000000000e+04
3.172400000000000000e+04
3.096100000000000000e+04
3.073200000000000000e+04
3.063800000000000000e+04
3.049300000000000000e+04
3.006200000000000000e+04
3.008900000000000000e+04
2.962500000000000000e+04
2.911700000000000000e+04
2.891100000000000000e+04
2.903500000000000000e+04
2.839600000000000000e+04
2.810800000000000000e+04
2.813100000000000000e+04
2.789500000000000000e+04
2.762800000000000000e+04
2.734700000000000000e+04
2.709100000000000000e+04
2.705200000000000000e+04
2.684400000000000000e+04
2.654300000000000000e+04
2.641900000000000000e+04
2.621200000000000000e+04
2.562100000000000000e+04
2.568300000000000000e+04
2.549400000000000000e+04
2.528900000000000000e+04
2.506600000000000000e+04
2.480200000000000000e+04
2.462400000000000000e+04
2.423500000000000000e+04
2.430200000000000000e+04
2.404000000000000000e+04
2.386700000000000000e+04
2.400900000000000000e+04
2.314500000000000000e+04
2.344200000000000000e+04
2.315700000000000000e+04
2.289600000000000000e+04
2.263000000000000000e+04
2.291900000000000000e+04
2.273100000000000000e+04
2.247600000000000000e+04
2.217200000000000000e+04
2.215300000000000000e+04
2.212800000000000000e+04
2.171500000000000000e+04
2.181400000000000000e+04
2.128100000000000000e+04
2.133700000000000000e+04
2.111500000000000000e+04
2.103200000000000000e+04
2.088300000000000000e+04
2.049900000000000000e+04
2.025300000000000000e+04
2.043400000000000000e+04
2.049500000000000000e+04
2.022700000000000000e+04
2.017200000000000000e+04
1.991700000000000000e+04
1.967000000000000000e+04
1.963800000000000000e+04
1.942200000000000000e+04
1.924600000000000000e+04
1.919400000000000000e+04
1.884700000000000000e+04
1.879300000000000000e+04
1.866300000000000000e+04
1.880400000000000000e+04
1.855600000000000000e+04
1.862900000000000000e+04
1.826200000000000000e+04
1.826300000000000000e+04
1.843600000000000000e+04
1.809700000000000000e+04
1.767500000000000000e+04
1.794100000000000000e+04
1.779000000000000000e+04
1.750900000000000000e+04
1.749000000000000000e+04
1.732500000000000000e+04
1.711800000000000000e+04
1.692900000000000000e+04
1.713200000000000000e+04
1.697200000000000000e+04
1.699600000000000000e+04
1.659600000000000000e+04
1.649300000000000000e+04
1.635900000000000000e+04
1.646000000000000000e+04
1.630800000000000000e+04
1.625800000000000000e+04
1.607400000000000000e+04
1.600400000000000000e+04
1.581500000000000000e+04
1.574900000000000000e+04
1.585900000000000000e+04
1.557100000000000000e+04
1.545900000000000000e+04
1.516500000000000000e+04
1.537700000000000000e+04
1.496600000000000000e+04
1.519100000000000000e+04
1.485100000000000000e+04
1.480200000000000000e+04
1.492400000000000000e+04
1.467000000000000000e+04
1.447800000000000000e+04
1.462400000000000000e+04
1.455700000000000000e+04
1.440400000000000000e+04
1.418700000000000000e+04
1.433800000000000000e+04
1.422500000000000000e+04
1.380300000000000000e+04
1.410600000000000000e+04
1.369200000000000000e+04
1.376600000000000000e+04
1.388100000000000000e+04
1.345200000000000000e+04
1.347300000000000000e+04
1.356500000000000000e+04
1.342900000000000000e+04
1.359100000000000000e+04
1.328300000000000000e+04
1.319600000000000000e+04
1.308200000000000000e+04
1.310800000000000000e+04
1.296500000000000000e+04
1.283300000000000000e+04
1.261700000000000000e+04
1.280200000000000000e+04
1.254500000000000000e+04
1.260600000000000000e+04
1.251200000000000000e+04
1.215300000000000000e+04
1.245600000000000000e+04
1.213800000000000000e+04
1.222500000000000000e+04
1.228100000000000000e+04
1.195600000000000000e+04
1.215200000000000000e+04
1.228500000000000000e+04
1.199200000000000000e+04
1.195000000000000000e+04
1.154000000000000000e+04
1.149100000000000000e+04
1.146500000000000000e+04
1.165800000000000000e+04
1.147800000000000000e+04
1.142400000000000000e+04
1.139000000000000000e+04
1.112500000000000000e+04
1.111000000000000000e+04
1.115500000000000000e+04
1.105000000000000000e+04
1.124000000000000000e+04
1.102200000000000000e+04
1.094200000000000000e+04
1.095800000000000000e+04
1.086800000000000000e+04
1.069100000000000000e+04
1.069300000000000000e+04
1.074300000000000000e+04
1.051900000000000000e+04
1.046100000000000000e+04
1.040000000000000000e+04
1.045300000000000000e+04
1.043800000000000000e+04
1.034600000000000000e+04
1.017000000000000000e+04
1.025700000000000000e+04
1.006300000000000000e+04
1.013600000000000000e+04
1.022200000000000000e+04
9.956000000000000000e+03
9.999000000000000000e+03
9.906000000000000000e+03
9.857000000000000000e+03
9.819000000000000000e+03
9.755000000000000000e+03
9.776000000000000000e+03
9.908000000000000000e+03
9.637000000000000000e+03
9.764000000000000000e+03
9.494000000000000000e+03
9.511000000000000000e+03
9.481000000000000000e+03
9.453000000000000000e+03
9.480000000000000000e+03
9.374000000000000000e+03
9.269000000000000000e+03
9.425000000000000000e+03
8.947000000000000000e+03
9.081000000000000000e+03
8.910000000000000000e+03
9.133000000000000000e+03
8.926000000000000000e+03
8.894000000000000000e+03
8.975000000000000000e+03
8.844000000000000000e+03
8.931000000000000000e+03
8.784000000000000000e+03
8.835000000000000000e+03
8.820000000000000000e+03
8.666000000000000000e+03
8.752000000000000000e+03
8.556000000000000000e+03
8.501000000000000000e+03
8.662000000000000000e+03
8.457000000000000000e+03
8.500000000000000000e+03
8.453000000000000000e+03
8.368000000000000000e+03
8.295000000000000000e+03
8.308000000000000000e+03
8.380000000000000000e+03
8.228000000000000000e+03
8.151000000000000000e+03
7.970000000000000000e+03
8.002000000000000000e+03
8.001000000000000000e+03
8.035000000000000000e+03
8.109000000000000000e+03
7.933000000000000000e+03
7.853000000000000000e+03
7.960000000000000000e+03
7.853000000000000000e+03
7.923000000000000000e+03
7.715000000000000000e+03
7.763000000000000000e+03
7.755000000000000000e+03
7.720000000000000000e+03
7.738000000000000000e+03
7.668000000000000000e+03
7.628000000000000000e+03
7.631000000000000000e+03
7.533000000000000000e+03
7.389000000000000000e+03
7.401000000000000000e+03
7.345000000000000000e+03
7.548000000000000000e+03
7.325000000000000000e+03
7.425000000000000000e+03
7.334000000000000000e+03
7.284000000000000000e+03
7.239000000000000000e+03
7.268000000000000000e+03
7.127000000000000000e+03
7.389000000000000000e+03
7.259000000000000000e+03
7.117000000000000000e+03
7.053000000000000000e+03
6.971000000000000000e+03
6.964000000000000000e+03
6.913000000000000000e+03
6.918000000000000000e+03
6.964000000000000000e+03
6.866000000000000000e+03
6.897000000000000000e+03
6.900000000000000000e+03
6.811000000000000000e+03
6.653000000000000000e+03
6.766000000000000000e+03
6.593000000000000000e+03
6.682000000000000000e+03
6.783000000000000000e+03
6.699000000000000000e+03
6.556000000000000000e+03
6.572000000000000000e+03
6.596000000000000000e+03
6.578000000000000000e+03
6.488000000000000000e+03
6.420000000000000000e+03
6.498000000000000000e+03
6.393000000000000000e+03
6.442000000000000000e+03
6.365000000000000000e+03
6.395000000000000000e+03
6.372000000000000000e+03
6.231000000000000000e+03
