6.448400000000000000e+04
6.716100000000000000e+04
6.985800000000000000e+04
7.251400000000000000e+04
7.576700000000000000e+04
7.984500000000000000e+04
8.296300000000000000e+04
8.706500000000000000e+04
9.118300000000000000e+04
9.543700000000000000e+04
1.002320000000000000e+05
1.061490000000000000e+05
1.113060000000000000e+05
1.177230000000000000e+05
1.245690000000000000e+05
1.309720000000000000e+05
1.388530000000000000e+05
1.470440000000000000e+05
1.567180000000000000e+05
1.662110000000000000e+05
1.783270000000000000e+05
1.906360000000000000e+05
2.038090000000000000e+05
2.189700000000000000e+05
2.362380000000000000e+05
2.551870000000000000e+05
2.762450000000000000e+05
2.991990000000000000e+05
3.257450000000000000e+05
3.588380000000000000e+05
3.936160000000000000e+05
4.347750000000000000e+05
4.799230000000000000e+05
5.371090000000000000e+05
6.004710000000000000e+05
6.774860000000000000e+05
7.682070000000000000e+05
8.795910000000000000e+05
1.013326000000000000e+06
1.176962000000000000e+06
1.384018000000000000e+06
1.639305000000000000e+06
1.962231000000000000e+06
2.371487000000000000e+06
2.889623000000000000e+06
3.521167000000000000e+06
4.273624000000000000e+06
5.088095000000000000e+06
5.828736000000000000e+06
6.282089000000000000e+06
6.282456000000000000e+06
5.830206000000000000e+06
5.088378000000000000e+06
4.277154000000000000e+06
3.522275000000000000e+06
2.884174000000000000e+06
2.368065000000000000e+06
1.962511000000000000e+06
1.638859000000000000e+06
1.382089000000000000e+06
1.178717000000000000e+06
1.013898000000000000e+06
8.801740000000000000e+05
7.674070000000000000e+05
6.788060000000000000e+05
6.005780000000000000e+05
5.353420000000000000e+05
4.812670000000000000e+05
4.325800000000000000e+05
3.914190000000000000e+05
3.594980000000000000e+05
3.265520000000000000e+05
3.000540000000000000e+05
2.755580000000000000e+05
2.553510000000000000e+05
2.355000000000000000e+05
2.190270000000000000e+05
2.042240000000000000e+05
1.898770000000000000e+05
1.780200000000000000e+05
1.666630000000000000e+05
1.570850000000000000e+05
1.465260000000000000e+05
1.388100000000000000e+05
1.306490000000000000e+05
1.232190000000000000e+05
1.174120000000000000e+05
1.107420000000000000e+05
1.053300000000000000e+05
1.001250000000000000e+05
9.521200000000000000e+04
9.072900000000000000e+04
8.651000000000000000e+04
8.346600000000000000e+04
7.946200000000000000e+04
7.610800000000000000e+04
7.258400000000000000e+04
7.019100000000000000e+04
6.642500000000000000e+04
6.392500000000000000e+04
