6.453400000000000000e+04
6.691700000000000000e+04
7.022500000000000000e+04
7.259600000000000000e+04
7.659800000000000000e+04
7.876700000000000000e+04
8.300500000000000000e+04
8.679800000000000000e+04
9.112700000000000000e+04
9.546800000000000000e+04
9.966700000000000000e+04
1.056350000000000000e+05
1.111920000000000000e+05
1.175590000000000000e+05
1.235580000000000000e+05
1.306530000000000000e+05
1.388400000000000000e+05
1.470470000000000000e+05
1.563280000000000000e+05
1.670220000000000000e+05
1.780120000000000000e+05
1.900990000000000000e+05
2.034460000000000000e+05
2.182800000000000000e+05
2.361380000000000000e+05
2.538870000000000000e+05
2.762860000000000000e+05
3.003410000000000000e+05
3.276560000000000000e+05
3.583860000000000000e+05
3.939730000000000000e+05
4.328020000000000000e+05
4.807270000000000000e+05
5.355720000000000000e+05
6.015580000000000000e+05
6.778030000000000000e+05
7.704410000000000000e+05
8.794040000000000000e+05
1.014903000000000000e+06
1.178445000000000000e+06
1.381986000000000000e+06
1.639683000000000000e+06
1.962788000000000000e+06
2.370414000000000000e+06
2.885979000000000000e+06
3.522729000000000000e+06
4.276106000000000000e+06
5.093293000000000000e+06
5.828957000000000000e+06
6.282889000000000000e+06
6.282732000000000000e+06
5.830493000000000000e+06
5.089596000000000000e+06
4.275482000000000000e+06
3.519250000000000000e+06
2.885380000000000000e+06
2.369165000000000000e+06
1.964778000000000000e+06
1.636396000000000000e+06
1.382338000000000000e+06
1.178096000000000000e+06
1.014088000000000000e+06
8.803630000000000000e+05
7.687670000000000000e+05
6.779170000000000000e+05
6.008620000000000000e+05
5.364350000000000000e+05
4.809120000000000000e+05
4.337100000000000000e+05
3.930330000000000000e+05
3.576880000000000000e+05
3.263200000000000000e+05
2.990810000000000000e+05
2.749310000000000000e+05
2.545010000000000000e+05
2.354480000000000000e+05
2.195630000000000000e+05
2.034890000000000000e+05
1.887980000000000000e+05
1.778680000000000000e+05
1.662510000000000000e+05
1.561690000000000000e+05
1.471890000000000000e+05
1.385340000000000000e+05
1.306280000000000000e+05
1.239820000000000000e+05
1.175320000000000000e+05
1.113930000000000000e+05
1.053100000000000000e+05
1.006140000000000000e+05
9.512800000000000000e+04
9.133700000000000000e+04
8.732500000000000000e+04
8.309500000000000000e+04
7.885800000000000000e+04
7.586500000000000000e+04
7.337400000000000000e+04
7.027300000000000000e+04
6.725500000000000000e+04
6.435100000000000000e+04
