6.326000000000000000e+03
6.324000000000000000e+03
6.303000000000000000e+03
6.401000000000000000e+03
6.453000000000000000e+03
6.443000000000000000e+03
6.597000000000000000e+03
6.519000000000000000e+03
6.498000000000000000e+03
6.500000000000000000e+03
6.529000000000000000e+03
6.557000000000000000e+03
6.639000000000000000e+03
6.668000000000000000e+03
6.622000000000000000e+03
6.536000000000000000e+03
6.751000000000000000e+03
6.727000000000000000e+03
6.794000000000000000e+03
6.745000000000000000e+03
6.948000000000000000e+03
7.023000000000000000e+03
6.940000000000000000e+03
6.926000000000000000e+03
7.156000000000000000e+03
7.040000000000000000e+03
6.989000000000000000e+03
7.018000000000000000e+03
6.974000000000000000e+03
7.068000000000000000e+03
7.190000000000000000e+03
7.213000000000000000e+03
7.275000000000000000e+03
7.152000000000000000e+03
7.388000000000000000e+03
7.260000000000000000e+03
7.349000000000000000e+03
7.468000000000000000e+03
7.338000000000000000e+03
7.385000000000000000e+03
7.443000000000000000e+03
7.589000000000000000e+03
7.568000000000000000e+03
7.654000000000000000e+03
7.554000000000000000e+03
7.747000000000000000e+03
7.829000000000000000e+03
7.696000000000000000e+03
7.823000000000000000e+03
7.735000000000000000e+03
7.895000000000000000e+03
7.870000000000000000e+03
7.947000000000000000e+03
7.892000000000000000e+03
7.944000000000000000e+03
8.030000000000000000e+03
7.935000000000000000e+03
8.045000000000000000e+03
7.960000000000000000e+03
8.131000000000000000e+03
8.015000000000000000e+03
8.224000000000000000e+03
8.273000000000000000e+03
8.386000000000000000e+03
8.433000000000000000e+03
8.127000000000000000e+03
8.521000000000000000e+03
8.275000000000000000e+03
8.357000000000000000e+03
8.518000000000000000e+03
8.525000000000000000e+03
8.675000000000000000e+03
8.621000000000000000e+03
8.617000000000000000e+03
8.616000000000000000e+03
8.759000000000000000e+03
8.789000000000000000e+03
8.783000000000000000e+03
8.810000000000000000e+03
8.960000000000000000e+03
8.850000000000000000e+03
9.103000000000000000e+03
8.793000000000000000e+03
9.200000000000000000e+03
9.038000000000000000e+03
9.225000000000000000e+03
9.163000000000000000e+03
9.232000000000000000e+03
9.228000000000000000e+03
9.184000000000000000e+03
9.409000000000000000e+03
9.369000000000000000e+03
9.419000000000000000e+03
9.562000000000000000e+03
9.486000000000000000e+03
9.647000000000000000e+03
9.571000000000000000e+03
9.684000000000000000e+03
9.488000000000000000e+03
9.762000000000000000e+03
9.903000000000000000e+03
9.880000000000000000e+03
9.972000000000000000e+03
1.003700000000000000e+04
9.927000000000000000e+03
1.013900000000000000e+04
1.020000000000000000e+04
1.011600000000000000e+04
1.017900000000000000e+04
1.025200000000000000e+04
1.038800000000000000e+04
1.034900000000000000e+04
1.044900000000000000e+04
1.032700000000000000e+04
1.055800000000000000e+04
1.052600000000000000e+04
1.065300000000000000e+04
1.061200000000000000e+04
1.078500000000000000e+04
1.060100000000000000e+04
1.071400000000000000e+04
1.086800000000000000e+04
1.094400000000000000e+04
1.106500000000000000e+04
1.092700000000000000e+04
1.110400000000000000e+04
1.117600000000000000e+04
1.142800000000000000e+04
1.138200000000000000e+04
1.142800000000000000e+04
1.146900000000000000e+04
1.142200000000000000e+04
1.157100000000000000e+04
1.154800000000000000e+04
1.180800000000000000e+04
1.160600000000000000e+04
1.171100000000000000e+04
1.176200000000000000e+04
1.207100000000000000e+04
1.221000000000000000e+04
1.199900000000000000e+04
1.210900000000000000e+04
1.211600000000000000e+04
1.228500000000000000e+04
1.253100000000000000e+04
1.263100000000000000e+04
1.256500000000000000e+04
1.277800000000000000e+04
1.253100000000000000e+04
1.270900000000000000e+04
1.277100000000000000e+04
1.289900000000000000e+04
1.269500000000000000e+04
1.286400000000000000e+04
1.304000000000000000e+04
1.321200000000000000e+04
1.326800000000000000e+04
1.325500000000000000e+04
1.335300000000000000e+04
1.322400000000000000e+04
1.359700000000000000e+04
1.349900000000000000e+04
1.358500000000000000e+04
1.382900000000000000e+04
1.366600000000000000e+04
1.398600000000000000e+04
1.372600000000000000e+04
1.410200000000000000e+04
1.418900000000000000e+04
1.415100000000000000e+04
1.444300000000000000e+04
1.416500000000000000e+04
1.448500000000000000e+04
1.451700000000000000e+04
1.469800000000000000e+04
1.460100000000000000e+04
1.482700000000000000e+04
1.485600000000000000e+04
1.496500000000000000e+04
1.519300000000000000e+04
1.513700000000000000e+04
1.524200000000000000e+04
1.550200000000000000e+04
1.540800000000000000e+04
1.582700000000000000e+04
1.562700000000000000e+04
1.570900000000000000e+04
1.598600000000000000e+04
1.591100000000000000e+04
1.592700000000000000e+04
1.614800000000000000e+04
1.620800000000000000e+04
1.646500000000000000e+04
1.658300000000000000e+04
1.645600000000000000e+04
1.668300000000000000e+04
1.687400000000000000e+04
1.676600000000000000e+04
1.709200000000000000e+04
1.701500000000000000e+04
1.710800000000000000e+04
1.726500000000000000e+04
1.755000000000000000e+04
1.757700000000000000e+04
1.780000000000000000e+04
1.754600000000000000e+04
1.795700000000000000e+04
1.833900000000000000e+04
1.800000000000000000e+04
1.816300000000000000e+04
1.847600000000000000e+04
1.876700000000000000e+04
1.878200000000000000e+04
1.863200000000000000e+04
1.885300000000000000e+04
1.901500000000000000e+04
1.919200000000000000e+04
1.962500000000000000e+04
1.955700000000000000e+04
1.961600000000000000e+04
1.949000000000000000e+04
1.987500000000000000e+04
1.988100000000000000e+04
2.005500000000000000e+04
2.022200000000000000e+04
2.071600000000000000e+04
2.058200000000000000e+04
2.067000000000000000e+04
2.104000000000000000e+04
2.114100000000000000e+04
2.112100000000000000e+04
2.129100000000000000e+04
2.173700000000000000e+04
2.150100000000000000e+04
2.173100000000000000e+04
2.207500000000000000e+04
2.220800000000000000e+04
2.212100000000000000e+04
2.217000000000000000e+04
2.247500000000000000e+04
2.279200000000000000e+04
2.294100000000000000e+04
2.288700000000000000e+04
2.322100000000000000e+04
2.346300000000000000e+04
2.361500000000000000e+04
2.358600000000000000e+04
2.425400000000000000e+04
2.427700000000000000e+04
2.451000000000000000e+04
2.478300000000000000e+04
2.462500000000000000e+04
2.490500000000000000e+04
2.528300000000000000e+04
2.518000000000000000e+04
2.555800000000000000e+04
2.581900000000000000e+04
2.589400000000000000e+04
2.625100000000000000e+04
2.627600000000000000e+04
2.656800000000000000e+04
2.667200000000000000e+04
2.707500000000000000e+04
2.722900000000000000e+04
2.760800000000000000e+04
2.781800000000000000e+04
2.787300000000000000e+04
2.834100000000000000e+04
2.849900000000000000e+04
2.884100000000000000e+04
2.903500000000000000e+04
2.940100000000000000e+04
2.950000000000000000e+04
2.956400000000000000e+04
2.970300000000000000e+04
2.998200000000000000e+04
3.054000000000000000e+04
3.074400000000000000e+04
3.090400000000000000e+04
3.099900000000000000e+04
3.157500000000000000e+04
3.176900000000000000e+04
3.196000000000000000e+04
3.249600000000000000e+04
3.250400000000000000e+04
3.281200000000000000e+04
3.306100000000000000e+04
3.333100000000000000e+04
3.357300000000000000e+04
3.415300000000000000e+04
3.420100000000000000e+04
3.441900000000000000e+04
3.466700000000000000e+04
3.547100000000000000e+04
3.523500000000000000e+04
3.589300000000000000e+04
3.618800000000000000e+04
3.654700000000000000e+04
3.694700000000000000e+04
3.739200000000000000e+04
3.803600000000000000e+04
3.819900000000000000e+04
3.810000000000000000e+04
3.869900000000000000e+04
3.900200000000000000e+04
3.957200000000000000e+04
3.977900000000000000e+04
4.027700000000000000e+04
4.085600000000000000e+04
4.103200000000000000e+04
4.137800000000000000e+04
4.198800000000000000e+04
4.221300000000000000e+04
4.220600000000000000e+04
4.314600000000000000e+04
4.328200000000000000e+04
4.394600000000000000e+04
4.446200000000000000e+04
4.472100000000000000e+04
4.563400000000000000e+04
4.604400000000000000e+04
4.614600000000000000e+04
4.681000000000000000e+04
4.752600000000000000e+04
4.780400000000000000e+04
4.857500000000000000e+04
4.877000000000000000e+04
4.950400000000000000e+04
4.950500000000000000e+04
5.056300000000000000e+04
5.085000000000000000e+04
5.160200000000000000e+04
5.212200000000000000e+04
5.271200000000000000e+04
5.324300000000000000e+04
5.382500000000000000e+04
5.436300000000000000e+04
5.504400000000000000e+04
5.593800000000000000e+04
5.651100000000000000e+04
5.680600000000000000e+04
5.789700000000000000e+04
5.837000000000000000e+04
5.915700000000000000e+04
5.957800000000000000e+04
6.053000000000000000e+04
6.111800000000000000e+04
6.187900000000000000e+04
6.296100000000000000e+04
6.304000000000000000e+04
6.430200000000000000e+04
6.445000000000000000e+04
6.577900000000000000e+04
6.637600000000000000e+04
6.747000000000000000e+04
6.827900000000000000e+04
6.903600000000000000e+04
6.938800000000000000e+04
7.020400000000000000e+04
7.165600000000000000e+04
7.257400000000000000e+04
7.326900000000000000e+04
7.466900000000000000e+04
7.528200000000000000e+04
7.591900000000000000e+04
7.721800000000000000e+04
7.795000000000000000e+04
7.985700000000000000e+04
8.023200000000000000e+04
8.145600000000000000e+04
8.256300000000000000e+04
8.395100000000000000e+04
8.474400000000000000e+04
8.614300000000000000e+04
8.706900000000000000e+04
8.856400000000000000e+04
8.952200000000000000e+04
9.095500000000000000e+04
9.202400000000000000e+04
9.407100000000000000e+04
9.515300000000000000e+04
9.601100000000000000e+04
9.704200000000000000e+04
9.898200000000000000e+04
1.006950000000000000e+05
1.021550000000000000e+05
1.036530000000000000e+05
1.050280000000000000e+05
1.063990000000000000e+05
1.083280000000000000e+05
1.105110000000000000e+05
1.112480000000000000e+05
1.131740000000000000e+05
1.152730000000000000e+05
1.168220000000000000e+05
1.179970000000000000e+05
1.204170000000000000e+05
1.227510000000000000e+05
1.243540000000000000e+05
1.261320000000000000e+05
1.282070000000000000e+05
1.308010000000000000e+05
1.330670000000000000e+05
1.350450000000000000e+05
1.361890000000000000e+05
1.394250000000000000e+05
1.414100000000000000e+05
1.440620000000000000e+05
1.464010000000000000e+05
1.486700000000000000e+05
1.517680000000000000e+05
1.545880000000000000e+05
1.564800000000000000e+05
1.589550000000000000e+05
1.621090000000000000e+05
1.649990000000000000e+05
1.678800000000000000e+05
1.704720000000000000e+05
1.746630000000000000e+05
1.767060000000000000e+05
1.805020000000000000e+05
1.837390000000000000e+05
1.877680000000000000e+05
1.908320000000000000e+05
1.941850000000000000e+05
1.978150000000000000e+05
2.010670000000000000e+05
2.056380000000000000e+05
2.085640000000000000e+05
2.137550000000000000e+05
2.172710000000000000e+05
2.211650000000000000e+05
2.254590000000000000e+05
2.301700000000000000e+05
2.350800000000000000e+05
2.398600000000000000e+05
2.432550000000000000e+05
2.482990000000000000e+05
2.531500000000000000e+05
2.578580000000000000e+05
2.625050000000000000e+05
2.677100000000000000e+05
2.741260000000000000e+05
2.800620000000000000e+05
2.856670000000000000e+05
2.912760000000000000e+05
2.961480000000000000e+05
3.032230000000000000e+05
3.099160000000000000e+05
3.152640000000000000e+05
3.211830000000000000e+05
3.267570000000000000e+05
3.344540000000000000e+05
3.413060000000000000e+05
3.490330000000000000e+05
3.547090000000000000e+05
3.630450000000000000e+05
3.701750000000000000e+05
3.763880000000000000e+05
3.838720000000000000e+05
3.916330000000000000e+05
3.984350000000000000e+05
4.073600000000000000e+05
4.150300000000000000e+05
4.228020000000000000e+05
4.309700000000000000e+05
4.390760000000000000e+05
4.464550000000000000e+05
4.550720000000000000e+05
4.642670000000000000e+05
4.724180000000000000e+05
4.802310000000000000e+05
4.882860000000000000e+05
4.965230000000000000e+05
5.047450000000000000e+05
5.129080000000000000e+05
5.218340000000000000e+05
5.286800000000000000e+05
5.378590000000000000e+05
5.451880000000000000e+05
5.526970000000000000e+05
5.599710000000000000e+05
5.683880000000000000e+05
5.743110000000000000e+05
5.798350000000000000e+05
5.883500000000000000e+05
5.932420000000000000e+05
5.987500000000000000e+05
6.050710000000000000e+05
6.088890000000000000e+05
6.146100000000000000e+05
6.180710000000000000e+05
6.217220000000000000e+05
6.260980000000000000e+05
6.300180000000000000e+05
6.315680000000000000e+05
6.350790000000000000e+05
6.341440000000000000e+05
6.359820000000000000e+05
6.364470000000000000e+05
6.363440000000000000e+05
6.368590000000000000e+05
6.346010000000000000e+05
6.332930000000000000e+05
6.317470000000000000e+05
6.289100000000000000e+05
6.253020000000000000e+05
6.227530000000000000e+05
6.207070000000000000e+05
6.138970000000000000e+05
6.108150000000000000e+05
6.056160000000000000e+05
5.993490000000000000e+05
5.932640000000000000e+05
5.875950000000000000e+05
5.811610000000000000e+05
5.737310000000000000e+05
5.684820000000000000e+05
5.592330000000000000e+05
5.513010000000000000e+05
5.446360000000000000e+05
5.357830000000000000e+05
5.299850000000000000e+05
5.222290000000000000e+05
5.123670000000000000e+05
5.052220000000000000e+05
4.975390000000000000e+05
4.875540000000000000e+05
4.803310000000000000e+05
4.717190000000000000e+05
4.645470000000000000e+05
4.561560000000000000e+05
4.465190000000000000e+05
4.393430000000000000e+05
4.310560000000000000e+05
4.238670000000000000e+05
4.157190000000000000e+05
4.073320000000000000e+05
3.990600000000000000e+05
3.909890000000000000e+05
3.847690000000000000e+05
3.767980000000000000e+05
3.704820000000000000e+05
3.624950000000000000e+05
3.551160000000000000e+05
3.489580000000000000e+05
3.415900000000000000e+05
3.354510000000000000e+05
3.287460000000000000e+05
3.214560000000000000e+05
3.151780000000000000e+05
3.091790000000000000e+05
3.018560000000000000e+05
2.979550000000000000e+05
2.908440000000000000e+05
2.848030000000000000e+05
2.792230000000000000e+05
2.748190000000000000e+05
2.690850000000000000e+05
2.633900000000000000e+05
2.586270000000000000e+05
2.536210000000000000e+05
2.492450000000000000e+05
2.433250000000000000e+05
2.387360000000000000e+05
2.345720000000000000e+05
2.301160000000000000e+05
2.252370000000000000e+05
2.219260000000000000e+05
2.168430000000000000e+05
2.137350000000000000e+05
2.093060000000000000e+05
2.051620000000000000e+05
2.015750000000000000e+05
1.976540000000000000e+05
1.937390000000000000e+05
1.913430000000000000e+05
1.871880000000000000e+05
1.835880000000000000e+05
1.797400000000000000e+05
1.768670000000000000e+05
1.752940000000000000e+05
1.710600000000000000e+05
1.676540000000000000e+05
1.648420000000000000e+05
1.627140000000000000e+05
1.595660000000000000e+05
1.564520000000000000e+05
1.539840000000000000e+05
1.520450000000000000e+05
1.481610000000000000e+05
1.468030000000000000e+05
1.440490000000000000e+05
1.422790000000000000e+05
1.395580000000000000e+05
1.376510000000000000e+05
1.346100000000000000e+05
1.326260000000000000e+05
1.297830000000000000e+05
1.283400000000000000e+05
1.262860000000000000e+05
1.241520000000000000e+05
1.223200000000000000e+05
1.207120000000000000e+05
1.183610000000000000e+05
1.166700000000000000e+05
1.147810000000000000e+05
1.136180000000000000e+05
1.113560000000000000e+05
1.105580000000000000e+05
1.080540000000000000e+05
1.063440000000000000e+05
1.053190000000000000e+05
1.032980000000000000e+05
1.024700000000000000e+05
9.980900000000000000e+04
9.949900000000000000e+04
9.754100000000000000e+04
9.658500000000000000e+04
9.496700000000000000e+04
9.322400000000000000e+04
9.191100000000000000e+04
9.039000000000000000e+04
8.972100000000000000e+04
8.868800000000000000e+04
8.713900000000000000e+04
8.557400000000000000e+04
8.455600000000000000e+04
8.391800000000000000e+04
8.234000000000000000e+04
8.120500000000000000e+04
8.032400000000000000e+04
7.935700000000000000e+04
7.837600000000000000e+04
7.731100000000000000e+04
7.648300000000000000e+04
7.532500000000000000e+04
7.429300000000000000e+04
7.360700000000000000e+04
7.236200000000000000e+04
7.177900000000000000e+04
7.029800000000000000e+04
6.938100000000000000e+04
6.917300000000000000e+04
6.762800000000000000e+04
6.764400000000000000e+04
6.665700000000000000e+04
6.612800000000000000e+04
6.561700000000000000e+04
6.419300000000000000e+04
6.379100000000000000e+04
6.253300000000000000e+04
6.162100000000000000e+04
6.156100000000000000e+04
6.010600000000000000e+04
5.937700000000000000e+04
5.923200000000000000e+04
5.811400000000000000e+04
5.765900000000000000e+04
5.714100000000000000e+04
5.634400000000000000e+04
5.558600000000000000e+04
5.505400000000000000e+04
5.449500000000000000e+04
5.373000000000000000e+04
5.309600000000000000e+04
5.250400000000000000e+04
5.208000000000000000e+04
5.154600000000000000e+04
5.087600000000000000e+04
5.031000000000000000e+04
4.991400000000000000e+04
4.969700000000000000e+04
4.861700000000000000e+04
4.814100000000000000e+04
4.764400000000000000e+04
4.734900000000000000e+04
4.685400000000000000e+04
4.637400000000000000e+04
4.556500000000000000e+04
4.501400000000000000e+04
4.462100000000000000e+04
4.463500000000000000e+04
4.387700000000000000e+04
4.343800000000000000e+04
4.250300000000000000e+04
4.267400000000000000e+04
4.221200000000000000e+04
4.192500000000000000e+04
4.155800000000000000e+04
4.090000000000000000e+04
4.101800000000000000e+04
4.014600000000000000e+04
3.991400000000000000e+04
3.927900000000000000e+04
3.914200000000000000e+04
3.848100000000000000e+04
3.816500000000000000e+04
3.786600000000000000e+04
3.769400000000000000e+04
3.741100000000000000e+04
3.676000000000000000e+04
3.645200000000000000e+04
3.618300000000000000e+04
3.583300000000000000e+04
3.566900000000000000e+04
3.514900000000000000e+04
3.464500000000000000e+04
3.445800000000000000e+04
3.411200000000000000e+04
3.376600000000000000e+04
3.345600000000000000e+04
3.316300000000000000e+04
3.283900000000000000e+04
3.262300000000000000e+04
3.257100000000000000e+04
3.211000000000000000e+04
3.190300000000000000e+04
3.169400000000000000e+04
3.155900000000000000e+04
3.136500000000000000e+04
3.092200000000000000e+04
3.058600000000000000e+04
3.030100000000000000e+04
3.012300000000000000e+04
2.983200000000000000e+04
2.948900000000000000e+04
2.919100000000000000e+04
2.890500000000000000e+04
2.907300000000000000e+04
2.849900000000000000e+04
2.851900000000000000e+04
2.828200000000000000e+04
2.808900000000000000e+04
2.788800000000000000e+04
2.743100000000000000e+04
2.725500000000000000e+04
2.699400000000000000e+04
2.685700000000000000e+04
2.636000000000000000e+04
2.624800000000000000e+04
2.632200000000000000e+04
2.589100000000000000e+04
2.568300000000000000e+04
2.539900000000000000e+04
2.552900000000000000e+04
2.507600000000000000e+04
2.467100000000000000e+04
2.505300000000000000e+04
2.445500000000000000e+04
2.438000000000000000e+04
2.406700000000000000e+04
2.402300000000000000e+04
2.364500000000000000e+04
2.363000000000000000e+04
2.349700000000000000e+04
2.309900000000000000e+04
2.310400000000000000e+04
2.287100000000000000e+04
2.298600000000000000e+04
2.262800000000000000e+04
2.248600000000000000e+04
2.219300000000000000e+04
2.204500000000000000e+04
2.169500000000000000e+04
2.201900000000000000e+04
2.142900000000000000e+04
2.130700000000000000e+04
2.142000000000000000e+04
2.108200000000000000e+04
2.117000000000000000e+04
2.088100000000000000e+04
2.086000000000000000e+04
2.063900000000000000e+04
2.053100000000000000e+04
2.031900000000000000e+04
2.011200000000000000e+04
1.983400000000000000e+04
1.981500000000000000e+04
1.978500000000000000e+04
1.939000000000000000e+04
1.929200000000000000e+04
1.928700000000000000e+04
1.915000000000000000e+04
1.904100000000000000e+04
1.908700000000000000e+04
1.882800000000000000e+04
1.866400000000000000e+04
1.854400000000000000e+04
1.859000000000000000e+04
1.852000000000000000e+04
1.807500000000000000e+04
1.809900000000000000e+04
1.799700000000000000e+04
1.796200000000000000e+04
1.777800000000000000e+04
1.776400000000000000e+04
1.742900000000000000e+04
1.767300000000000000e+04
1.728300000000000000e+04
1.713800000000000000e+04
1.710600000000000000e+04
1.687500000000000000e+04
1.677600000000000000e+04
1.652600000000000000e+04
1.669700000000000000e+04
1.670500000000000000e+04
1.650700000000000000e+04
1.618100000000000000e+04
1.595900000000000000e+04
1.614600000000000000e+04
1.615000000000000000e+04
1.586600000000000000e+04
1.577800000000000000e+04
1.564300000000000000e+04
1.558400000000000000e+04
1.552900000000000000e+04
1.557100000000000000e+04
1.524700000000000000e+04
1.539900000000000000e+04
1.505200000000000000e+04
1.500500000000000000e+04
1.468900000000000000e+04
1.486200000000000000e+04
1.457500000000000000e+04
1.485600000000000000e+04
1.448900000000000000e+04
1.454100000000000000e+04
1.459900000000000000e+04
1.419300000000000000e+04
1.418300000000000000e+04
1.412900000000000000e+04
1.399000000000000000e+04
1.409400000000000000e+04
1.403400000000000000e+04
1.370300000000000000e+04
1.378600000000000000e+04
1.378500000000000000e+04
1.358700000000000000e+04
1.373900000000000000e+04
1.353000000000000000e+04
1.330800000000000000e+04
1.337100000000000000e+04
1.347000000000000000e+04
1.332200000000000000e+04
1.314700000000000000e+04
1.298600000000000000e+04
1.288200000000000000e+04
1.284400000000000000e+04
1.252200000000000000e+04
1.268000000000000000e+04
1.261200000000000000e+04
1.255000000000000000e+04
1.237700000000000000e+04
1.250300000000000000e+04
1.242400000000000000e+04
1.233000000000000000e+04
1.204500000000000000e+04
1.244000000000000000e+04
1.217300000000000000e+04
1.198100000000000000e+04
1.187900000000000000e+04
1.195000000000000000e+04
1.193300000000000000e+04
1.185800000000000000e+04
1.165500000000000000e+04
1.155300000000000000e+04
1.144000000000000000e+04
1.144600000000000000e+04
1.148500000000000000e+04
1.151500000000000000e+04
1.126000000000000000e+04
1.150400000000000000e+04
1.106400000000000000e+04
1.114700000000000000e+04
1.112100000000000000e+04
1.100400000000000000e+04
1.093900000000000000e+04
1.083100000000000000e+04
1.087300000000000000e+04
1.095500000000000000e+04
1.070100000000000000e+04
1.079900000000000000e+04
1.069600000000000000e+04
1.060700000000000000e+04
1.044800000000000000e+04
1.031800000000000000e+04
1.019800000000000000e+04
1.050000000000000000e+04
1.036400000000000000e+04
1.015800000000000000e+04
1.019700000000000000e+04
1.015900000000000000e+04
1.000600000000000000e+04
1.008500000000000000e+04
1.006700000000000000e+04
9.939000000000000000e+03
9.878000000000000000e+03
1.003900000000000000e+04
9.671000000000000000e+03
9.814000000000000000e+03
9.632000000000000000e+03
9.682000000000000000e+03
9.752000000000000000e+03
9.741000000000000000e+03
9.618000000000000000e+03
9.575000000000000000e+03
9.453000000000000000e+03
9.449000000000000000e+03
9.540000000000000000e+03
9.297000000000000000e+03
9.172000000000000000e+03
9.172000000000000000e+03
9.175000000000000000e+03
8.983000000000000000e+03
9.067000000000000000e+03
8.980000000000000000e+03
8.951000000000000000e+03
8.850000000000000000e+03
8.884000000000000000e+03
8.639000000000000000e+03
8.821000000000000000e+03
8.779000000000000000e+03
8.663000000000000000e+03
8.939000000000000000e+03
8.571000000000000000e+03
8.610000000000000000e+03
8.804000000000000000e+03
8.570000000000000000e+03
8.373000000000000000e+03
8.330000000000000000e+03
8.384000000000000000e+03
8.488000000000000000e+03
8.270000000000000000e+03
8.390000000000000000e+03
8.219000000000000000e+03
8.310000000000000000e+03
8.048000000000000000e+03
8.141000000000000000e+03
8.185000000000000000e+03
8.163000000000000000e+03
7.875000000000000000e+03
7.966000000000000000e+03
8.000000000000000000e+03
7.869000000000000000e+03
8.002000000000000000e+03
7.829000000000000000e+03
7.755000000000000000e+03
7.847000000000000000e+03
7.864000000000000000e+03
7.763000000000000000e+03
7.603000000000000000e+03
7.686000000000000000e+03
7.523000000000000000e+03
7.428000000000000000e+03
7.664000000000000000e+03
7.593000000000000000e+03
7.560000000000000000e+03
7.534000000000000000e+03
7.454000000000000000e+03
7.447000000000000000e+03
7.373000000000000000e+03
7.280000000000000000e+03
7.342000000000000000e+03
7.286000000000000000e+03
7.164000000000000000e+03
7.227000000000000000e+03
7.076000000000000000e+03
7.228000000000000000e+03
7.234000000000000000e+03
7.219000000000000000e+03
6.911000000000000000e+03
7.123000000000000000e+03
6.927000000000000000e+03
7.006000000000000000e+03
6.803000000000000000e+03
6.999000000000000000e+03
7.016000000000000000e+03
6.897000000000000000e+03
6.918000000000000000e+03
6.619000000000000000e+03
6.882000000000000000e+03
6.670000000000000000e+03
6.836000000000000000e+03
6.790000000000000000e+03
6.728000000000000000e+03
6.550000000000000000e+03
6.548000000000000000e+03
6.637000000000000000e+03
6.699000000000000000e+03
6.607000000000000000e+03
6.645000000000000000e+03
6.633000000000000000e+03
6.352000000000000000e+03
6.381000000000000000e+03
6.346000000000000000e+03
6.311000000000000000e+03
6.323000000000000000e+03
6.312000000000000000e+03
6.425000000000000000e+03
