6.451700000000000000e+04
6.680900000000000000e+04
6.939000000000000000e+04
7.246700000000000000e+04
7.621500000000000000e+04
7.928700000000000000e+04
8.313100000000000000e+04
8.741000000000000000e+04
9.135200000000000000e+04
9.564600000000000000e+04
1.003820000000000000e+05
1.053720000000000000e+05
1.111470000000000000e+05
1.170980000000000000e+05
1.239770000000000000e+05
1.312420000000000000e+05
1.388870000000000000e+05
1.472810000000000000e+05
1.565860000000000000e+05
1.661230000000000000e+05
1.775510000000000000e+05
1.895220000000000000e+05
2.039810000000000000e+05
2.193660000000000000e+05
2.348480000000000000e+05
2.548240000000000000e+05
2.765650000000000000e+05
2.999550000000000000e+05
3.269240000000000000e+05
3.584290000000000000e+05
3.930870000000000000e+05
4.336280000000000000e+05
4.800000000000000000e+05
5.356920000000000000e+05
5.998040000000000000e+05
6.775060000000000000e+05
7.690040000000000000e+05
8.790260000000000000e+05
1.013483000000000000e+06
1.177510000000000000e+06
1.382263000000000000e+06
1.640945000000000000e+06
1.960502000000000000e+06
2.368478000000000000e+06
2.887680000000000000e+06
3.522633000000000000e+06
4.274749000000000000e+06
5.087398000000000000e+06
5.828912000000000000e+06
6.280974000000000000e+06
6.285232000000000000e+06
5.831448000000000000e+06
5.092357000000000000e+06
4.277200000000000000e+06
3.524569000000000000e+06
2.884325000000000000e+06
2.369397000000000000e+06
1.962524000000000000e+06
1.640434000000000000e+06
1.383277000000000000e+06
1.177185000000000000e+06
1.013003000000000000e+06
8.799200000000000000e+05
7.691170000000000000e+05
6.774270000000000000e+05
6.002460000000000000e+05
5.352950000000000000e+05
4.796830000000000000e+05
4.333860000000000000e+05
3.928000000000000000e+05
3.567040000000000000e+05
3.272990000000000000e+05
2.989210000000000000e+05
2.770090000000000000e+05
2.548930000000000000e+05
2.359980000000000000e+05
2.181290000000000000e+05
2.043160000000000000e+05
1.898300000000000000e+05
1.787500000000000000e+05
1.672600000000000000e+05
1.567050000000000000e+05
1.470320000000000000e+05
1.388700000000000000e+05
1.320260000000000000e+05
1.238690000000000000e+05
1.171510000000000000e+05
1.119330000000000000e+05
1.056470000000000000e+05
1.002520000000000000e+05
9.569800000000000000e+04
9.073300000000000000e+04
8.684800000000000000e+04
8.289900000000000000e+04
7.967900000000000000e+04
7.618200000000000000e+04
7.296700000000000000e+04
7.034800000000000000e+04
6.703000000000000000e+04
6.514500000000000000e+04
