6.441400000000000000e+04
6.718500000000000000e+04
6.970500000000000000e+04
7.187400000000000000e+04
7.620300000000000000e+04
7.933300000000000000e+04
8.242000000000000000e+04
8.683700000000000000e+04
9.117800000000000000e+04
9.529200000000000000e+04
1.000760000000000000e+05
1.053600000000000000e+05
1.114530000000000000e+05
1.172510000000000000e+05
1.236610000000000000e+05
1.312270000000000000e+05
1.384580000000000000e+05
1.474790000000000000e+05
1.562670000000000000e+05
1.662530000000000000e+05
1.775080000000000000e+05
1.902810000000000000e+05
2.035930000000000000e+05
2.179860000000000000e+05
2.361560000000000000e+05
2.547150000000000000e+05
2.770660000000000000e+05
2.997300000000000000e+05
3.268220000000000000e+05
3.582690000000000000e+05
3.931120000000000000e+05
4.334510000000000000e+05
4.801160000000000000e+05
5.357730000000000000e+05
6.000060000000000000e+05
6.769150000000000000e+05
7.675900000000000000e+05
8.798530000000000000e+05
1.013029000000000000e+06
1.177926000000000000e+06
1.381558000000000000e+06
1.639784000000000000e+06
1.962080000000000000e+06
2.372179000000000000e+06
2.888168000000000000e+06
3.522325000000000000e+06
4.274197000000000000e+06
5.091309000000000000e+06
5.824093000000000000e+06
6.289887000000000000e+06
6.283926000000000000e+06
5.826342000000000000e+06
5.089176000000000000e+06
4.276191000000000000e+06
3.522661000000000000e+06
2.884827000000000000e+06
2.370458000000000000e+06
1.964043000000000000e+06
1.639493000000000000e+06
1.383818000000000000e+06
1.176996000000000000e+06
1.013613000000000000e+06
8.784290000000000000e+05
7.692490000000000000e+05
6.769020000000000000e+05
6.006510000000000000e+05
5.347450000000000000e+05
4.805490000000000000e+05
4.334610000000000000e+05
3.931650000000000000e+05
3.577040000000000000e+05
3.268360000000000000e+05
3.000840000000000000e+05
2.761740000000000000e+05
2.546840000000000000e+05
2.362720000000000000e+05
2.195570000000000000e+05
2.039780000000000000e+05
1.901790000000000000e+05
1.775840000000000000e+05
1.673900000000000000e+05
1.566480000000000000e+05
1.476270000000000000e+05
1.385890000000000000e+05
1.312140000000000000e+05
1.243010000000000000e+05
1.176690000000000000e+05
1.113230000000000000e+05
1.059440000000000000e+05
1.003590000000000000e+05
9.526900000000000000e+04
9.111500000000000000e+04
8.704400000000000000e+04
8.309400000000000000e+04
7.929700000000000000e+04
7.572500000000000000e+04
7.303400000000000000e+04
6.977600000000000000e+04
6.711900000000000000e+04
6.418300000000000000e+04
