6.405000000000000000e+03
6.331000000000000000e+03
6.288000000000000000e+03
6.312000000000000000e+03
6.298000000000000000e+03
6.411000000000000000e+03
6.187000000000000000e+03
6.393000000000000000e+03
6.414000000000000000e+03
6.589000000000000000e+03
6.457000000000000000e+03
6.593000000000000000e+03
6.582000000000000000e+03
6.656000000000000000e+03
6.768000000000000000e+03
6.697000000000000000e+03
6.710000000000000000e+03
6.759000000000000000e+03
6.821000000000000000e+03
6.714000000000000000e+03
6.633000000000000000e+03
6.833000000000000000e+03
6.823000000000000000e+03
6.909000000000000000e+03
7.050000000000000000e+03
6.955000000000000000e+03
7.066000000000000000e+03
7.205000000000000000e+03
7.153000000000000000e+03
7.158000000000000000e+03
7.121000000000000000e+03
7.159000000000000000e+03
7.169000000000000000e+03
7.198000000000000000e+03
7.312000000000000000e+03
7.186000000000000000e+03
7.324000000000000000e+03
7.327000000000000000e+03
7.530000000000000000e+03
7.515000000000000000e+03
7.534000000000000000e+03
7.537000000000000000e+03
7.501000000000000000e+03
7.625000000000000000e+03
7.758000000000000000e+03
7.621000000000000000e+03
7.543000000000000000e+03
7.629000000000000000e+03
7.646000000000000000e+03
7.603000000000000000e+03
7.723000000000000000e+03
7.757000000000000000e+03
7.705000000000000000e+03
7.879000000000000000e+03
7.969000000000000000e+03
8.055000000000000000e+03
8.094000000000000000e+03
7.982000000000000000e+03
8.030000000000000000e+03
8.161000000000000000e+03
8.085000000000000000e+03
8.212000000000000000e+03
8.154000000000000000e+03
8.208000000000000000e+03
8.442000000000000000e+03
8.389000000000000000e+03
8.344000000000000000e+03
8.420000000000000000e+03
8.464000000000000000e+03
8.331000000000000000e+03
8.677000000000000000e+03
8.477000000000000000e+03
8.706000000000000000e+03
8.728000000000000000e+03
8.544000000000000000e+03
8.604000000000000000e+03
8.915000000000000000e+03
8.787000000000000000e+03
8.695000000000000000e+03
9.028000000000000000e+03
8.954000000000000000e+03
9.116000000000000000e+03
8.934000000000000000e+03
9.024000000000000000e+03
9.096000000000000000e+03
9.281000000000000000e+03
9.196000000000000000e+03
9.270000000000000000e+03
9.276000000000000000e+03
9.225000000000000000e+03
9.546000000000000000e+03
9.247000000000000000e+03
9.660000000000000000e+03
9.548000000000000000e+03
9.607000000000000000e+03
9.484000000000000000e+03
9.720000000000000000e+03
9.779000000000000000e+03
9.802000000000000000e+03
9.730000000000000000e+03
9.914000000000000000e+03
9.868000000000000000e+03
9.843000000000000000e+03
9.945000000000000000e+03
1.000500000000000000e+04
1.004300000000000000e+04
1.012900000000000000e+04
1.020000000000000000e+04
1.029100000000000000e+04
1.027800000000000000e+04
1.026000000000000000e+04
1.028800000000000000e+04
1.052800000000000000e+04
1.045200000000000000e+04
1.053400000000000000e+04
1.048600000000000000e+04
1.059300000000000000e+04
1.080100000000000000e+04
1.077500000000000000e+04
1.083200000000000000e+04
1.087600000000000000e+04
1.102800000000000000e+04
1.080400000000000000e+04
1.102000000000000000e+04
1.102800000000000000e+04
1.114500000000000000e+04
1.113300000000000000e+04
1.124800000000000000e+04
1.152000000000000000e+04
1.143000000000000000e+04
1.155100000000000000e+04
1.150100000000000000e+04
1.151100000000000000e+04
1.162300000000000000e+04
1.189700000000000000e+04
1.182100000000000000e+04
1.164300000000000000e+04
1.179900000000000000e+04
1.188000000000000000e+04
1.214300000000000000e+04
1.196900000000000000e+04
1.206300000000000000e+04
1.230700000000000000e+04
1.218000000000000000e+04
1.239600000000000000e+04
1.240500000000000000e+04
1.269900000000000000e+04
1.269500000000000000e+04
1.271800000000000000e+04
1.282300000000000000e+04
1.267600000000000000e+04
1.287300000000000000e+04
1.297700000000000000e+04
1.304000000000000000e+04
1.327800000000000000e+04
1.315000000000000000e+04
1.334900000000000000e+04
1.322700000000000000e+04
1.345000000000000000e+04
1.354500000000000000e+04
1.362300000000000000e+04
1.360600000000000000e+04
1.354600000000000000e+04
1.375300000000000000e+04
1.397900000000000000e+04
1.394400000000000000e+04
1.391400000000000000e+04
1.430700000000000000e+04
1.411500000000000000e+04
1.411000000000000000e+04
1.435700000000000000e+04
1.454800000000000000e+04
1.434400000000000000e+04
1.468300000000000000e+04
1.460700000000000000e+04
1.481600000000000000e+04
1.508100000000000000e+04
1.498900000000000000e+04
1.497100000000000000e+04
1.519200000000000000e+04
1.490600000000000000e+04
1.542500000000000000e+04
1.541600000000000000e+04
1.554300000000000000e+04
1.573700000000000000e+04
1.569200000000000000e+04
1.548900000000000000e+04
1.609700000000000000e+04
1.621400000000000000e+04
1.615100000000000000e+04
1.618200000000000000e+04
1.605600000000000000e+04
1.653600000000000000e+04
1.656600000000000000e+04
1.666200000000000000e+04
1.672500000000000000e+04
1.687500000000000000e+04
1.699600000000000000e+04
1.709300000000000000e+04
1.706000000000000000e+04
1.727100000000000000e+04
1.749200000000000000e+04
1.740300000000000000e+04
1.791000000000000000e+04
1.782800000000000000e+04
1.773800000000000000e+04
1.788600000000000000e+04
1.817100000000000000e+04
1.814500000000000000e+04
1.846700000000000000e+04
1.846200000000000000e+04
1.841000000000000000e+04
1.860800000000000000e+04
1.876600000000000000e+04
1.872000000000000000e+04
1.905100000000000000e+04
1.900000000000000000e+04
1.918800000000000000e+04
1.958800000000000000e+04
1.939000000000000000e+04
1.958000000000000000e+04
1.984300000000000000e+04
1.993800000000000000e+04
2.016400000000000000e+04
2.029200000000000000e+04
2.045100000000000000e+04
2.061400000000000000e+04
2.074100000000000000e+04
2.078200000000000000e+04
2.128500000000000000e+04
2.132100000000000000e+04
2.116700000000000000e+04
2.143400000000000000e+04
2.197200000000000000e+04
2.184000000000000000e+04
2.202100000000000000e+04
2.221900000000000000e+04
2.235400000000000000e+04
2.227400000000000000e+04
2.230500000000000000e+04
2.293500000000000000e+04
2.294300000000000000e+04
2.291900000000000000e+04
2.325300000000000000e+04
2.336800000000000000e+04
2.361300000000000000e+04
2.394000000000000000e+04
2.395200000000000000e+04
2.430300000000000000e+04
2.455400000000000000e+04
2.456000000000000000e+04
2.484800000000000000e+04
2.494800000000000000e+04
2.502000000000000000e+04
2.535800000000000000e+04
2.544800000000000000e+04
2.580300000000000000e+04
2.591800000000000000e+04
2.636400000000000000e+04
2.642700000000000000e+04
2.650500000000000000e+04
2.662500000000000000e+04
2.710600000000000000e+04
2.739800000000000000e+04
2.738900000000000000e+04
2.782300000000000000e+04
2.790000000000000000e+04
2.838800000000000000e+04
2.840100000000000000e+04
2.870600000000000000e+04
2.891200000000000000e+04
2.932900000000000000e+04
2.921100000000000000e+04
2.940500000000000000e+04
2.993200000000000000e+04
3.037500000000000000e+04
3.039700000000000000e+04
3.055200000000000000e+04
3.073400000000000000e+04
3.102300000000000000e+04
3.171300000000000000e+04
3.173900000000000000e+04
3.222200000000000000e+04
3.229800000000000000e+04
3.253100000000000000e+04
3.261100000000000000e+04
3.338700000000000000e+04
3.329100000000000000e+04
3.366600000000000000e+04
3.383400000000000000e+04
3.440100000000000000e+04
3.478000000000000000e+04
3.509300000000000000e+04
3.527500000000000000e+04
3.539400000000000000e+04
3.566500000000000000e+04
3.606300000000000000e+04
3.647000000000000000e+04
3.693400000000000000e+04
3.730300000000000000e+04
3.763700000000000000e+04
3.822900000000000000e+04
3.858100000000000000e+04
3.863800000000000000e+04
3.927700000000000000e+04
3.937900000000000000e+04
4.000100000000000000e+04
4.021400000000000000e+04
4.051200000000000000e+04
4.091200000000000000e+04
4.160500000000000000e+04
4.172300000000000000e+04
4.245000000000000000e+04
4.254400000000000000e+04
4.304700000000000000e+04
4.391800000000000000e+04
4.411600000000000000e+04
4.459300000000000000e+04
4.505400000000000000e+04
4.526000000000000000e+04
4.563000000000000000e+04
4.617500000000000000e+04
4.694800000000000000e+04
4.728300000000000000e+04
4.768100000000000000e+04
4.831700000000000000e+04
4.839200000000000000e+04
4.946100000000000000e+04
4.961500000000000000e+04
5.037300000000000000e+04
5.103700000000000000e+04
5.162100000000000000e+04
5.193200000000000000e+04
5.253600000000000000e+04
5.307300000000000000e+04
5.383200000000000000e+04
5.456500000000000000e+04
5.560200000000000000e+04
5.588100000000000000e+04
5.605000000000000000e+04
5.762300000000000000e+04
5.780800000000000000e+04
5.792100000000000000e+04
5.886700000000000000e+04
5.904400000000000000e+04
6.014900000000000000e+04
6.086400000000000000e+04
6.165000000000000000e+04
6.246800000000000000e+04
6.345300000000000000e+04
6.376400000000000000e+04
6.475700000000000000e+04
6.539700000000000000e+04
6.675900000000000000e+04
6.758200000000000000e+04
6.809500000000000000e+04
6.874800000000000000e+04
6.989400000000000000e+04
7.134600000000000000e+04
7.166300000000000000e+04
7.241500000000000000e+04
7.373900000000000000e+04
7.435900000000000000e+04
7.494200000000000000e+04
7.625400000000000000e+04
7.707600000000000000e+04
7.810700000000000000e+04
7.962600000000000000e+04
7.991700000000000000e+04
8.136600000000000000e+04
8.293000000000000000e+04
8.378600000000000000e+04
8.451600000000000000e+04
8.642000000000000000e+04
8.737000000000000000e+04
8.848400000000000000e+04
8.990100000000000000e+04
9.095400000000000000e+04
9.179900000000000000e+04
9.354900000000000000e+04
9.519400000000000000e+04
9.581100000000000000e+04
9.748700000000000000e+04
9.909100000000000000e+04
1.004930000000000000e+05
1.015990000000000000e+05
1.036840000000000000e+05
1.052570000000000000e+05
1.068810000000000000e+05
1.080730000000000000e+05
1.099580000000000000e+05
1.114280000000000000e+05
1.137660000000000000e+05
1.145500000000000000e+05
1.170930000000000000e+05
1.190240000000000000e+05
1.206590000000000000e+05
1.221290000000000000e+05
1.247620000000000000e+05
1.259470000000000000e+05
1.279100000000000000e+05
1.308100000000000000e+05
1.322070000000000000e+05
1.350460000000000000e+05
1.364010000000000000e+05
1.390920000000000000e+05
1.411540000000000000e+05
1.439010000000000000e+05
1.464720000000000000e+05
1.486970000000000000e+05
1.516600000000000000e+05
1.531020000000000000e+05
1.569790000000000000e+05
1.593010000000000000e+05
1.625570000000000000e+05
1.652420000000000000e+05
1.678870000000000000e+05
1.705940000000000000e+05
1.736120000000000000e+05
1.776570000000000000e+05
1.800970000000000000e+05
1.828880000000000000e+05
1.877200000000000000e+05
1.903980000000000000e+05
1.944030000000000000e+05
1.981360000000000000e+05
2.013590000000000000e+05
2.059270000000000000e+05
2.097320000000000000e+05
2.131270000000000000e+05
2.168610000000000000e+05
2.214200000000000000e+05
2.253970000000000000e+05
2.305120000000000000e+05
2.354460000000000000e+05
2.386820000000000000e+05
2.436030000000000000e+05
2.482130000000000000e+05
2.538190000000000000e+05
2.589930000000000000e+05
2.638060000000000000e+05
2.685710000000000000e+05
2.743420000000000000e+05
2.798490000000000000e+05
2.850440000000000000e+05
2.905410000000000000e+05
2.970460000000000000e+05
3.025350000000000000e+05
3.091420000000000000e+05
3.145610000000000000e+05
3.217190000000000000e+05
3.275230000000000000e+05
3.346190000000000000e+05
3.411850000000000000e+05
3.483210000000000000e+05
3.557270000000000000e+05
3.624290000000000000e+05
3.701040000000000000e+05
3.769250000000000000e+05
3.839190000000000000e+05
3.917340000000000000e+05
3.991650000000000000e+05
4.069300000000000000e+05
4.153720000000000000e+05
4.240740000000000000e+05
4.312050000000000000e+05
4.392180000000000000e+05
4.479660000000000000e+05
4.554400000000000000e+05
4.637500000000000000e+05
4.724330000000000000e+05
4.812590000000000000e+05
4.887060000000000000e+05
4.962720000000000000e+05
5.057830000000000000e+05
5.139080000000000000e+05
5.225900000000000000e+05
5.303110000000000000e+05
5.374290000000000000e+05
5.447770000000000000e+05
5.526400000000000000e+05
5.599380000000000000e+05
5.670960000000000000e+05
5.726250000000000000e+05
5.814370000000000000e+05
5.872250000000000000e+05
5.929420000000000000e+05
5.987340000000000000e+05
6.048400000000000000e+05
6.112600000000000000e+05
6.145770000000000000e+05
6.181740000000000000e+05
6.245760000000000000e+05
6.254860000000000000e+05
6.285260000000000000e+05
6.327480000000000000e+05
6.331440000000000000e+05
6.345810000000000000e+05
6.358210000000000000e+05
6.375910000000000000e+05
6.356830000000000000e+05
6.355300000000000000e+05
6.345920000000000000e+05
6.331280000000000000e+05
6.316000000000000000e+05
6.299570000000000000e+05
6.252260000000000000e+05
6.219950000000000000e+05
6.173890000000000000e+05
6.142210000000000000e+05
6.090680000000000000e+05
6.050950000000000000e+05
5.997070000000000000e+05
5.912120000000000000e+05
5.865730000000000000e+05
5.817390000000000000e+05
5.753700000000000000e+05
5.658120000000000000e+05
5.594100000000000000e+05
5.524740000000000000e+05
5.459020000000000000e+05
5.367310000000000000e+05
5.297200000000000000e+05
5.210630000000000000e+05
5.139830000000000000e+05
5.066090000000000000e+05
4.972070000000000000e+05
4.893040000000000000e+05
4.794620000000000000e+05
4.718510000000000000e+05
4.644600000000000000e+05
4.564950000000000000e+05
4.471920000000000000e+05
4.385470000000000000e+05
4.324590000000000000e+05
4.227920000000000000e+05
4.150180000000000000e+05
4.073970000000000000e+05
3.994540000000000000e+05
3.916140000000000000e+05
3.849760000000000000e+05
3.769670000000000000e+05
3.699160000000000000e+05
3.621170000000000000e+05
3.555460000000000000e+05
3.488150000000000000e+05
3.418410000000000000e+05
3.343390000000000000e+05
3.275220000000000000e+05
3.216880000000000000e+05
3.143850000000000000e+05
3.084390000000000000e+05
3.032090000000000000e+05
2.965860000000000000e+05
2.905360000000000000e+05
2.851630000000000000e+05
2.797440000000000000e+05
2.753510000000000000e+05
2.682410000000000000e+05
2.626540000000000000e+05
2.579690000000000000e+05
2.536300000000000000e+05
2.484770000000000000e+05
2.438470000000000000e+05
2.396630000000000000e+05
2.339800000000000000e+05
2.296110000000000000e+05
2.252400000000000000e+05
2.218720000000000000e+05
2.177160000000000000e+05
2.130980000000000000e+05
2.089550000000000000e+05
2.054710000000000000e+05
2.010910000000000000e+05
1.975630000000000000e+05
1.940760000000000000e+05
1.909130000000000000e+05
1.870740000000000000e+05
1.834620000000000000e+05
1.806200000000000000e+05
1.775700000000000000e+05
1.737750000000000000e+05
1.708080000000000000e+05
1.672170000000000000e+05
1.648280000000000000e+05
1.628970000000000000e+05
1.582280000000000000e+05
1.565420000000000000e+05
1.539600000000000000e+05
1.516530000000000000e+05
1.488880000000000000e+05
1.465720000000000000e+05
1.445220000000000000e+05
1.412700000000000000e+05
1.398020000000000000e+05
1.363860000000000000e+05
1.348350000000000000e+05
1.319120000000000000e+05
1.303870000000000000e+05
1.285120000000000000e+05
1.265360000000000000e+05
1.245830000000000000e+05
1.218900000000000000e+05
1.204590000000000000e+05
1.186040000000000000e+05
1.170010000000000000e+05
1.148730000000000000e+05
1.127320000000000000e+05
1.113710000000000000e+05
1.095270000000000000e+05
1.080970000000000000e+05
1.064790000000000000e+05
1.045610000000000000e+05
1.034120000000000000e+05
1.014750000000000000e+05
1.004030000000000000e+05
9.917700000000000000e+04
9.772800000000000000e+04
9.619300000000000000e+04
9.446600000000000000e+04
9.330500000000000000e+04
9.227900000000000000e+04
9.062100000000000000e+04
8.994000000000000000e+04
8.862100000000000000e+04
8.696200000000000000e+04
8.624300000000000000e+04
8.497300000000000000e+04
8.348800000000000000e+04
8.240700000000000000e+04
8.129500000000000000e+04
8.074400000000000000e+04
7.930700000000000000e+04
7.815600000000000000e+04
7.766800000000000000e+04
7.653200000000000000e+04
7.545700000000000000e+04
7.437500000000000000e+04
7.256100000000000000e+04
7.200600000000000000e+04
7.162500000000000000e+04
7.000400000000000000e+04
6.973600000000000000e+04
6.907400000000000000e+04
6.780100000000000000e+04
6.736000000000000000e+04
6.640400000000000000e+04
6.554200000000000000e+04
6.463200000000000000e+04
6.392500000000000000e+04
6.282600000000000000e+04
6.288000000000000000e+04
6.186800000000000000e+04
6.091900000000000000e+04
6.026200000000000000e+04
6.006100000000000000e+04
5.884900000000000000e+04
5.850800000000000000e+04
5.742200000000000000e+04
5.691400000000000000e+04
5.593600000000000000e+04
5.588800000000000000e+04
5.480400000000000000e+04
5.450200000000000000e+04
5.410400000000000000e+04
5.337100000000000000e+04
5.276800000000000000e+04
5.235100000000000000e+04
5.151500000000000000e+04
5.067200000000000000e+04
5.018800000000000000e+04
4.960100000000000000e+04
4.905300000000000000e+04
4.890900000000000000e+04
4.823900000000000000e+04
4.789400000000000000e+04
4.741200000000000000e+04
4.662100000000000000e+04
4.631500000000000000e+04
4.577500000000000000e+04
4.542500000000000000e+04
4.467100000000000000e+04
4.469500000000000000e+04
4.400400000000000000e+04
4.361500000000000000e+04
4.287000000000000000e+04
4.279700000000000000e+04
4.255600000000000000e+04
4.202700000000000000e+04
4.130600000000000000e+04
4.100800000000000000e+04
4.048900000000000000e+04
3.999100000000000000e+04
3.972900000000000000e+04
3.937300000000000000e+04
3.901800000000000000e+04
3.881400000000000000e+04
3.852700000000000000e+04
3.819900000000000000e+04
3.774000000000000000e+04
3.720800000000000000e+04
3.656300000000000000e+04
3.654300000000000000e+04
3.620900000000000000e+04
3.651300000000000000e+04
3.559000000000000000e+04
3.526800000000000000e+04
3.503400000000000000e+04
3.456200000000000000e+04
3.407500000000000000e+04
3.393200000000000000e+04
3.360900000000000000e+04
3.351000000000000000e+04
3.288100000000000000e+04
3.244500000000000000e+04
3.221000000000000000e+04
3.210000000000000000e+04
3.193100000000000000e+04
3.166500000000000000e+04
3.129700000000000000e+04
3.112800000000000000e+04
3.059400000000000000e+04
3.066600000000000000e+04
3.049300000000000000e+04
2.988900000000000000e+04
3.008000000000000000e+04
2.946000000000000000e+04
2.907400000000000000e+04
2.881000000000000000e+04
2.887200000000000000e+04
2.855300000000000000e+04
2.848900000000000000e+04
2.811100000000000000e+04
2.771600000000000000e+04
2.736700000000000000e+04
2.734800000000000000e+04
2.720200000000000000e+04
2.698900000000000000e+04
2.698300000000000000e+04
2.653400000000000000e+04
2.639200000000000000e+04
2.620900000000000000e+04
2.626800000000000000e+04
2.597900000000000000e+04
2.564600000000000000e+04
2.517500000000000000e+04
2.527100000000000000e+04
2.513300000000000000e+04
2.465400000000000000e+04
2.490100000000000000e+04
2.451100000000000000e+04
2.458400000000000000e+04
2.370900000000000000e+04
2.377500000000000000e+04
2.351000000000000000e+04
2.340700000000000000e+04
2.353700000000000000e+04
2.299200000000000000e+04
2.304500000000000000e+04
2.279100000000000000e+04
2.270400000000000000e+04
2.236000000000000000e+04
2.238600000000000000e+04
2.215600000000000000e+04
2.176700000000000000e+04
2.157200000000000000e+04
2.161300000000000000e+04
2.130800000000000000e+04
2.118100000000000000e+04
2.109000000000000000e+04
2.098400000000000000e+04
2.090500000000000000e+04
2.101100000000000000e+04
2.050900000000000000e+04
2.051800000000000000e+04
2.043500000000000000e+04
2.023400000000000000e+04
1.994800000000000000e+04
1.988900000000000000e+04
1.989800000000000000e+04
1.963800000000000000e+04
1.954100000000000000e+04
1.934700000000000000e+04
1.935100000000000000e+04
1.926300000000000000e+04
1.882800000000000000e+04
1.860500000000000000e+04
1.879400000000000000e+04
1.858900000000000000e+04
1.847500000000000000e+04
1.829500000000000000e+04
1.805400000000000000e+04
1.804800000000000000e+04
1.788500000000000000e+04
1.796700000000000000e+04
1.804300000000000000e+04
1.777500000000000000e+04
1.738800000000000000e+04
1.720800000000000000e+04
1.726500000000000000e+04
1.678000000000000000e+04
1.690100000000000000e+04
1.683900000000000000e+04
1.670900000000000000e+04
1.672700000000000000e+04
1.651600000000000000e+04
1.639800000000000000e+04
1.630100000000000000e+04
1.633900000000000000e+04
1.600500000000000000e+04
1.612300000000000000e+04
1.602000000000000000e+04
1.596200000000000000e+04
1.567500000000000000e+04
1.569500000000000000e+04
1.565800000000000000e+04
1.546700000000000000e+04
1.541200000000000000e+04
1.531600000000000000e+04
1.510300000000000000e+04
1.533200000000000000e+04
1.511900000000000000e+04
1.481100000000000000e+04
1.482600000000000000e+04
1.469000000000000000e+04
1.469700000000000000e+04
1.466500000000000000e+04
1.479700000000000000e+04
1.451200000000000000e+04
1.445500000000000000e+04
1.418600000000000000e+04
1.437900000000000000e+04
1.412700000000000000e+04
1.400800000000000000e+04
1.389500000000000000e+04
1.378600000000000000e+04
1.375300000000000000e+04
1.361000000000000000e+04
1.383300000000000000e+04
1.347400000000000000e+04
1.333200000000000000e+04
1.345100000000000000e+04
1.326300000000000000e+04
1.323500000000000000e+04
1.317700000000000000e+04
1.286100000000000000e+04
1.297800000000000000e+04
1.273200000000000000e+04
1.270900000000000000e+04
1.277000000000000000e+04
1.255400000000000000e+04
1.280100000000000000e+04
1.258700000000000000e+04
1.244600000000000000e+04
1.242800000000000000e+04
1.215900000000000000e+04
1.212500000000000000e+04
1.238500000000000000e+04
1.204000000000000000e+04
1.196700000000000000e+04
1.193400000000000000e+04
1.200500000000000000e+04
1.186200000000000000e+04
1.186500000000000000e+04
1.185100000000000000e+04
1.184600000000000000e+04
1.159800000000000000e+04
1.156300000000000000e+04
1.143100000000000000e+04
1.144000000000000000e+04
1.127700000000000000e+04
1.127900000000000000e+04
1.118800000000000000e+04
1.135600000000000000e+04
1.116100000000000000e+04
1.112500000000000000e+04
1.109100000000000000e+04
1.112100000000000000e+04
1.110800000000000000e+04
1.079700000000000000e+04
1.064200000000000000e+04
1.070100000000000000e+04
1.078100000000000000e+04
1.065000000000000000e+04
1.074500000000000000e+04
1.061000000000000000e+04
1.070000000000000000e+04
1.033800000000000000e+04
1.012500000000000000e+04
1.034300000000000000e+04
1.020800000000000000e+04
1.021800000000000000e+04
1.005900000000000000e+04
1.009600000000000000e+04
1.007900000000000000e+04
9.900000000000000000e+03
9.975000000000000000e+03
9.952000000000000000e+03
9.723000000000000000e+03
9.877000000000000000e+03
9.769000000000000000e+03
9.586000000000000000e+03
9.580000000000000000e+03
9.438000000000000000e+03
9.522000000000000000e+03
9.280000000000000000e+03
9.684000000000000000e+03
9.419000000000000000e+03
9.350000000000000000e+03
9.391000000000000000e+03
9.259000000000000000e+03
9.292000000000000000e+03
9.248000000000000000e+03
9.178000000000000000e+03
9.128000000000000000e+03
8.790000000000000000e+03
8.925000000000000000e+03
8.895000000000000000e+03
8.911000000000000000e+03
9.064000000000000000e+03
8.737000000000000000e+03
8.895000000000000000e+03
8.710000000000000000e+03
8.678000000000000000e+03
8.747000000000000000e+03
8.507000000000000000e+03
8.537000000000000000e+03
8.619000000000000000e+03
8.411000000000000000e+03
8.483000000000000000e+03
8.441000000000000000e+03
8.426000000000000000e+03
8.531000000000000000e+03
8.190000000000000000e+03
8.323000000000000000e+03
8.271000000000000000e+03
8.354000000000000000e+03
8.228000000000000000e+03
8.111000000000000000e+03
8.178000000000000000e+03
8.113000000000000000e+03
7.819000000000000000e+03
8.026000000000000000e+03
7.953000000000000000e+03
7.939000000000000000e+03
7.838000000000000000e+03
7.848000000000000000e+03
7.884000000000000000e+03
7.723000000000000000e+03
7.827000000000000000e+03
7.843000000000000000e+03
7.627000000000000000e+03
7.767000000000000000e+03
7.720000000000000000e+03
7.541000000000000000e+03
7.654000000000000000e+03
7.659000000000000000e+03
7.511000000000000000e+03
7.414000000000000000e+03
7.453000000000000000e+03
7.268000000000000000e+03
7.524000000000000000e+03
7.172000000000000000e+03
7.394000000000000000e+03
7.273000000000000000e+03
7.256000000000000000e+03
7.094000000000000000e+03
7.256000000000000000e+03
7.034000000000000000e+03
7.190000000000000000e+03
7.090000000000000000e+03
7.024000000000000000e+03
6.986000000000000000e+03
6.869000000000000000e+03
7.127000000000000000e+03
6.802000000000000000e+03
6.976000000000000000e+03
6.936000000000000000e+03
6.918000000000000000e+03
6.838000000000000000e+03
6.789000000000000000e+03
6.762000000000000000e+03
6.764000000000000000e+03
6.787000000000000000e+03
6.781000000000000000e+03
6.840000000000000000e+03
6.705000000000000000e+03
6.595000000000000000e+03
6.633000000000000000e+03
6.614000000000000000e+03
6.533000000000000000e+03
6.491000000000000000e+03
6.513000000000000000e+03
6.460000000000000000e+03
6.377000000000000000e+03
6.430000000000000000e+03
6.534000000000000000e+03
6.399000000000000000e+03
6.404000000000000000e+03
6.296000000000000000e+03
