6.365000000000000000e+03
6.335000000000000000e+03
6.304000000000000000e+03
6.554000000000000000e+03
6.386000000000000000e+03
6.427000000000000000e+03
6.561000000000000000e+03
6.628000000000000000e+03
6.506000000000000000e+03
6.652000000000000000e+03
6.448000000000000000e+03
6.474000000000000000e+03
6.566000000000000000e+03
6.643000000000000000e+03
6.759000000000000000e+03
6.643000000000000000e+03
6.637000000000000000e+03
6.842000000000000000e+03
6.552000000000000000e+03
6.854000000000000000e+03
6.858000000000000000e+03
6.878000000000000000e+03
7.070000000000000000e+03
6.979000000000000000e+03
7.065000000000000000e+03
6.979000000000000000e+03
6.997000000000000000e+03
7.069000000000000000e+03
7.123000000000000000e+03
7.055000000000000000e+03
7.131000000000000000e+03
6.960000000000000000e+03
7.114000000000000000e+03
7.272000000000000000e+03
7.196000000000000000e+03
7.262000000000000000e+03
7.380000000000000000e+03
7.534000000000000000e+03
7.414000000000000000e+03
7.558000000000000000e+03
7.529000000000000000e+03
7.485000000000000000e+03
7.425000000000000000e+03
7.662000000000000000e+03
7.525000000000000000e+03
7.636000000000000000e+03
7.795000000000000000e+03
7.671000000000000000e+03
7.844000000000000000e+03
7.788000000000000000e+03
7.824000000000000000e+03
7.895000000000000000e+03
7.813000000000000000e+03
7.870000000000000000e+03
7.870000000000000000e+03
8.072000000000000000e+03
8.032000000000000000e+03
7.920000000000000000e+03
8.074000000000000000e+03
8.095000000000000000e+03
8.321000000000000000e+03
8.050000000000000000e+03
8.245000000000000000e+03
8.240000000000000000e+03
8.255000000000000000e+03
8.370000000000000000e+03
8.310000000000000000e+03
8.439000000000000000e+03
8.364000000000000000e+03
8.373000000000000000e+03
8.539000000000000000e+03
8.401000000000000000e+03
8.589000000000000000e+03
8.550000000000000000e+03
8.703000000000000000e+03
8.655000000000000000e+03
8.817000000000000000e+03
8.742000000000000000e+03
8.713000000000000000e+03
8.962000000000000000e+03
8.987000000000000000e+03
8.924000000000000000e+03
9.063000000000000000e+03
9.018000000000000000e+03
9.078000000000000000e+03
9.209000000000000000e+03
9.129000000000000000e+03
9.146000000000000000e+03
9.415000000000000000e+03
9.298000000000000000e+03
9.530000000000000000e+03
9.326000000000000000e+03
9.419000000000000000e+03
9.397000000000000000e+03
9.419000000000000000e+03
9.465000000000000000e+03
9.659000000000000000e+03
9.796000000000000000e+03
9.666000000000000000e+03
9.680000000000000000e+03
9.895000000000000000e+03
9.890000000000000000e+03
9.842000000000000000e+03
9.917000000000000000e+03
9.999000000000000000e+03
9.983000000000000000e+03
1.018600000000000000e+04
1.002800000000000000e+04
1.029200000000000000e+04
1.004500000000000000e+04
1.036900000000000000e+04
1.035000000000000000e+04
1.036800000000000000e+04
1.054000000000000000e+04
1.055200000000000000e+04
1.065500000000000000e+04
1.075100000000000000e+04
1.087400000000000000e+04
1.085500000000000000e+04
1.083700000000000000e+04
1.103000000000000000e+04
1.105200000000000000e+04
1.070900000000000000e+04
1.111200000000000000e+04
1.112600000000000000e+04
1.121600000000000000e+04
1.118600000000000000e+04
1.149900000000000000e+04
1.123800000000000000e+04
1.137600000000000000e+04
1.158000000000000000e+04
1.148800000000000000e+04
1.160200000000000000e+04
1.164500000000000000e+04
1.150800000000000000e+04
1.166400000000000000e+04
1.166500000000000000e+04
1.201000000000000000e+04
1.182800000000000000e+04
1.199200000000000000e+04
1.209700000000000000e+04
1.198700000000000000e+04
1.235300000000000000e+04
1.246700000000000000e+04
1.239200000000000000e+04
1.259400000000000000e+04
1.255100000000000000e+04
1.251800000000000000e+04
1.257800000000000000e+04
1.281700000000000000e+04
1.284300000000000000e+04
1.273300000000000000e+04
1.295600000000000000e+04
1.283600000000000000e+04
1.284100000000000000e+04
1.308900000000000000e+04
1.343300000000000000e+04
1.336000000000000000e+04
1.331400000000000000e+04
1.358800000000000000e+04
1.353600000000000000e+04
1.354000000000000000e+04
1.352400000000000000e+04
1.381100000000000000e+04
1.366500000000000000e+04
1.381000000000000000e+04
1.385300000000000000e+04
1.411000000000000000e+04
1.415100000000000000e+04
1.430000000000000000e+04
1.468000000000000000e+04
1.461500000000000000e+04
1.474000000000000000e+04
1.488100000000000000e+04
1.462100000000000000e+04
1.486100000000000000e+04
1.475000000000000000e+04
1.491100000000000000e+04
1.500600000000000000e+04
1.523900000000000000e+04
1.517700000000000000e+04
1.552900000000000000e+04
1.543400000000000000e+04
1.539500000000000000e+04
1.563100000000000000e+04
1.579200000000000000e+04
1.584800000000000000e+04
1.594300000000000000e+04
1.604200000000000000e+04
1.606100000000000000e+04
1.607300000000000000e+04
1.621200000000000000e+04
1.666600000000000000e+04
1.645100000000000000e+04
1.656200000000000000e+04
1.657000000000000000e+04
1.665600000000000000e+04
1.689800000000000000e+04
1.692500000000000000e+04
1.724400000000000000e+04
1.732100000000000000e+04
1.749900000000000000e+04
1.742000000000000000e+04
1.737300000000000000e+04
1.759500000000000000e+04
1.805900000000000000e+04
1.808000000000000000e+04
1.809500000000000000e+04
1.826700000000000000e+04
1.842800000000000000e+04
1.832100000000000000e+04
1.842100000000000000e+04
1.869000000000000000e+04
1.882300000000000000e+04
1.906900000000000000e+04
1.890000000000000000e+04
1.926000000000000000e+04
1.934900000000000000e+04
1.944300000000000000e+04
1.955100000000000000e+04
1.954800000000000000e+04
2.004300000000000000e+04
1.980900000000000000e+04
1.991900000000000000e+04
2.036600000000000000e+04
2.058000000000000000e+04
2.075200000000000000e+04
2.087700000000000000e+04
2.092400000000000000e+04
2.088300000000000000e+04
2.095200000000000000e+04
2.142400000000000000e+04
2.128700000000000000e+04
2.175700000000000000e+04
2.177500000000000000e+04
2.175000000000000000e+04
2.197200000000000000e+04
2.220400000000000000e+04
2.257500000000000000e+04
2.262600000000000000e+04
2.308300000000000000e+04
2.321700000000000000e+04
2.313700000000000000e+04
2.342400000000000000e+04
2.387200000000000000e+04
2.366700000000000000e+04
2.373900000000000000e+04
2.399600000000000000e+04
2.453200000000000000e+04
2.421300000000000000e+04
2.476300000000000000e+04
2.471200000000000000e+04
2.516400000000000000e+04
2.502000000000000000e+04
2.533600000000000000e+04
2.533700000000000000e+04
2.558400000000000000e+04
2.591200000000000000e+04
2.637300000000000000e+04
2.612700000000000000e+04
2.626400000000000000e+04
2.672000000000000000e+04
2.704600000000000000e+04
2.719900000000000000e+04
2.738500000000000000e+04
2.759400000000000000e+04
2.772500000000000000e+04
2.807200000000000000e+04
2.829100000000000000e+04
2.882200000000000000e+04
2.898200000000000000e+04
2.927700000000000000e+04
2.947800000000000000e+04
2.968900000000000000e+04
2.999100000000000000e+04
3.024500000000000000e+04
3.043500000000000000e+04
3.040000000000000000e+04
3.079400000000000000e+04
3.132900000000000000e+04
3.128900000000000000e+04
3.161400000000000000e+04
3.203800000000000000e+04
3.225500000000000000e+04
3.249300000000000000e+04
3.275200000000000000e+04
3.328400000000000000e+04
3.359800000000000000e+04
3.354500000000000000e+04
3.377700000000000000e+04
3.475600000000000000e+04
3.448500000000000000e+04
3.482400000000000000e+04
3.504100000000000000e+04
3.539400000000000000e+04
3.560400000000000000e+04
3.616600000000000000e+04
3.645600000000000000e+04
3.685800000000000000e+04
3.735500000000000000e+04
3.762600000000000000e+04
3.806700000000000000e+04
3.838700000000000000e+04
3.860200000000000000e+04
3.930200000000000000e+04
3.949000000000000000e+04
3.997400000000000000e+04
4.027500000000000000e+04
4.031100000000000000e+04
4.133600000000000000e+04
4.159600000000000000e+04
4.173100000000000000e+04
4.222300000000000000e+04
4.236700000000000000e+04
4.326300000000000000e+04
4.338300000000000000e+04
4.380200000000000000e+04
4.458200000000000000e+04
4.485600000000000000e+04
4.525400000000000000e+04
4.605600000000000000e+04
4.664500000000000000e+04
4.676800000000000000e+04
4.736800000000000000e+04
4.748100000000000000e+04
4.796800000000000000e+04
4.887200000000000000e+04
4.943200000000000000e+04
5.012500000000000000e+04
5.056200000000000000e+04
5.064500000000000000e+04
5.158900000000000000e+04
5.205700000000000000e+04
5.280800000000000000e+04
5.313200000000000000e+04
5.413600000000000000e+04
5.418800000000000000e+04
5.507000000000000000e+04
5.536700000000000000e+04
5.593700000000000000e+04
5.675700000000000000e+04
5.779900000000000000e+04
5.802800000000000000e+04
5.924400000000000000e+04
5.971100000000000000e+04
6.041200000000000000e+04
6.106000000000000000e+04
6.153200000000000000e+04
6.241800000000000000e+04
6.277200000000000000e+04
6.384400000000000000e+04
6.450800000000000000e+04
6.572700000000000000e+04
6.577900000000000000e+04
6.686300000000000000e+04
6.778700000000000000e+04
6.874000000000000000e+04
6.932300000000000000e+04
7.079400000000000000e+04
7.188400000000000000e+04
7.253800000000000000e+04
7.300300000000000000e+04
7.387300000000000000e+04
7.504300000000000000e+04
7.612600000000000000e+04
7.716100000000000000e+04
7.843200000000000000e+04
7.946500000000000000e+04
8.040600000000000000e+04
8.155500000000000000e+04
8.289700000000000000e+04
8.379300000000000000e+04
8.487200000000000000e+04
8.584800000000000000e+04
8.702100000000000000e+04
8.863000000000000000e+04
8.953000000000000000e+04
9.176600000000000000e+04
9.217700000000000000e+04
9.324900000000000000e+04
9.450600000000000000e+04
9.640900000000000000e+04
9.730300000000000000e+04
9.875100000000000000e+04
1.004160000000000000e+05
1.018820000000000000e+05
1.030270000000000000e+05
1.050900000000000000e+05
1.069640000000000000e+05
1.081720000000000000e+05
1.098810000000000000e+05
1.113070000000000000e+05
1.132670000000000000e+05
1.149880000000000000e+05
1.173800000000000000e+05
1.182670000000000000e+05
1.203330000000000000e+05
1.226510000000000000e+05
1.247250000000000000e+05
1.262020000000000000e+05
1.286740000000000000e+05
1.309520000000000000e+05
1.324780000000000000e+05
1.347070000000000000e+05
1.363580000000000000e+05
1.387500000000000000e+05
1.423960000000000000e+05
1.444940000000000000e+05
1.464840000000000000e+05
1.481670000000000000e+05
1.510380000000000000e+05
1.539650000000000000e+05
1.569540000000000000e+05
1.592440000000000000e+05
1.623780000000000000e+05
1.653360000000000000e+05
1.676690000000000000e+05
1.710940000000000000e+05
1.745180000000000000e+05
1.770270000000000000e+05
1.803010000000000000e+05
1.835470000000000000e+05
1.873720000000000000e+05
1.905790000000000000e+05
1.946710000000000000e+05
1.981470000000000000e+05
2.011830000000000000e+05
2.055640000000000000e+05
2.085770000000000000e+05
2.122220000000000000e+05
2.176910000000000000e+05
2.213600000000000000e+05
2.249320000000000000e+05
2.306250000000000000e+05
2.340540000000000000e+05
2.384760000000000000e+05
2.442260000000000000e+05
2.483760000000000000e+05
2.539180000000000000e+05
2.587010000000000000e+05
2.635100000000000000e+05
2.685120000000000000e+05
2.749390000000000000e+05
2.788400000000000000e+05
2.846880000000000000e+05
2.906300000000000000e+05
2.968440000000000000e+05
3.027610000000000000e+05
3.088810000000000000e+05
3.142610000000000000e+05
3.210070000000000000e+05
3.278930000000000000e+05
3.340560000000000000e+05
3.405920000000000000e+05
3.476300000000000000e+05
3.546020000000000000e+05
3.623650000000000000e+05
3.692240000000000000e+05
3.761740000000000000e+05
3.846690000000000000e+05
3.913690000000000000e+05
3.989020000000000000e+05
4.069680000000000000e+05
4.150480000000000000e+05
4.234900000000000000e+05
4.320560000000000000e+05
4.403910000000000000e+05
4.480040000000000000e+05
4.558160000000000000e+05
4.640660000000000000e+05
4.729320000000000000e+05
4.806510000000000000e+05
4.892210000000000000e+05
4.972150000000000000e+05
5.050790000000000000e+05
5.123760000000000000e+05
5.228650000000000000e+05
5.288290000000000000e+05
5.375130000000000000e+05
5.466210000000000000e+05
5.524860000000000000e+05
5.601520000000000000e+05
5.677690000000000000e+05
5.738070000000000000e+05
5.801090000000000000e+05
5.871090000000000000e+05
5.954160000000000000e+05
5.984140000000000000e+05
6.049280000000000000e+05
6.090020000000000000e+05
6.142980000000000000e+05
6.171250000000000000e+05
6.238230000000000000e+05
6.262760000000000000e+05
6.295280000000000000e+05
6.317880000000000000e+05
6.328750000000000000e+05
6.362010000000000000e+05
6.356520000000000000e+05
6.371160000000000000e+05
6.367010000000000000e+05
6.353450000000000000e+05
6.356320000000000000e+05
6.336920000000000000e+05
6.321360000000000000e+05
6.285370000000000000e+05
6.264400000000000000e+05
6.225420000000000000e+05
6.170870000000000000e+05
6.142490000000000000e+05
6.105610000000000000e+05
6.051450000000000000e+05
5.992360000000000000e+05
5.933770000000000000e+05
5.866060000000000000e+05
5.814560000000000000e+05
5.733200000000000000e+05
5.671550000000000000e+05
5.585650000000000000e+05
5.533440000000000000e+05
5.456190000000000000e+05
5.380150000000000000e+05
5.300640000000000000e+05
5.212510000000000000e+05
5.136660000000000000e+05
5.053410000000000000e+05
4.958570000000000000e+05
4.884040000000000000e+05
4.799610000000000000e+05
4.724060000000000000e+05
4.633000000000000000e+05
4.551660000000000000e+05
4.470090000000000000e+05
4.381860000000000000e+05
4.311070000000000000e+05
4.237970000000000000e+05
4.154630000000000000e+05
4.068600000000000000e+05
3.993780000000000000e+05
3.919450000000000000e+05
3.834580000000000000e+05
3.762990000000000000e+05
3.688500000000000000e+05
3.623750000000000000e+05
3.559010000000000000e+05
3.483550000000000000e+05
3.413790000000000000e+05
3.343340000000000000e+05
3.279160000000000000e+05
3.214290000000000000e+05
3.153850000000000000e+05
3.082160000000000000e+05
3.030920000000000000e+05
2.969430000000000000e+05
2.916010000000000000e+05
2.849410000000000000e+05
2.802620000000000000e+05
2.740000000000000000e+05
2.685670000000000000e+05
2.630250000000000000e+05
2.575530000000000000e+05
2.537330000000000000e+05
2.472640000000000000e+05
2.435680000000000000e+05
2.393800000000000000e+05
2.342800000000000000e+05
2.296400000000000000e+05
2.257740000000000000e+05
2.214300000000000000e+05
2.169930000000000000e+05
2.137520000000000000e+05
2.100220000000000000e+05
2.054690000000000000e+05
2.011780000000000000e+05
1.979220000000000000e+05
1.944070000000000000e+05
1.908810000000000000e+05
1.870500000000000000e+05
1.847390000000000000e+05
1.803900000000000000e+05
1.777330000000000000e+05
1.745260000000000000e+05
1.701750000000000000e+05
1.675180000000000000e+05
1.657340000000000000e+05
1.620410000000000000e+05
1.599950000000000000e+05
1.566690000000000000e+05
1.545200000000000000e+05
1.507880000000000000e+05
1.486400000000000000e+05
1.469340000000000000e+05
1.437340000000000000e+05
1.419240000000000000e+05
1.390010000000000000e+05
1.362340000000000000e+05
1.352700000000000000e+05
1.325040000000000000e+05
1.309400000000000000e+05
1.278340000000000000e+05
1.256830000000000000e+05
1.241680000000000000e+05
1.220650000000000000e+05
1.202330000000000000e+05
1.189830000000000000e+05
1.166400000000000000e+05
1.147930000000000000e+05
1.137700000000000000e+05
1.113620000000000000e+05
1.098900000000000000e+05
1.076990000000000000e+05
1.063390000000000000e+05
1.054600000000000000e+05
1.034490000000000000e+05
1.020310000000000000e+05
1.004170000000000000e+05
9.927100000000000000e+04
9.774900000000000000e+04
9.654100000000000000e+04
9.495400000000000000e+04
9.303600000000000000e+04
9.217300000000000000e+04
9.101900000000000000e+04
8.988800000000000000e+04
8.865300000000000000e+04
8.669100000000000000e+04
8.658000000000000000e+04
8.417600000000000000e+04
8.382100000000000000e+04
8.262300000000000000e+04
8.117400000000000000e+04
8.079800000000000000e+04
7.930400000000000000e+04
7.823200000000000000e+04
7.703600000000000000e+04
7.656800000000000000e+04
7.555100000000000000e+04
7.437700000000000000e+04
7.338400000000000000e+04
7.249400000000000000e+04
7.146700000000000000e+04
7.056800000000000000e+04
6.985700000000000000e+04
6.909300000000000000e+04
6.834300000000000000e+04
6.723600000000000000e+04
6.664400000000000000e+04
6.498300000000000000e+04
6.467900000000000000e+04
6.399700000000000000e+04
6.306100000000000000e+04
6.275300000000000000e+04
6.171400000000000000e+04
6.117200000000000000e+04
6.072300000000000000e+04
5.975300000000000000e+04
5.943600000000000000e+04
5.844100000000000000e+04
5.728100000000000000e+04
5.686600000000000000e+04
5.624000000000000000e+04
5.596700000000000000e+04
5.532800000000000000e+04
5.446300000000000000e+04
5.405000000000000000e+04
5.303400000000000000e+04
5.229500000000000000e+04
5.198300000000000000e+04
5.190500000000000000e+04
5.166700000000000000e+04
5.059300000000000000e+04
5.000400000000000000e+04
4.933600000000000000e+04
4.880200000000000000e+04
4.835600000000000000e+04
4.746200000000000000e+04
4.716600000000000000e+04
4.660700000000000000e+04
4.671900000000000000e+04
4.573800000000000000e+04
4.541900000000000000e+04
4.469400000000000000e+04
4.461600000000000000e+04
4.371400000000000000e+04
4.355600000000000000e+04
4.334900000000000000e+04
4.309400000000000000e+04
4.193400000000000000e+04
4.209700000000000000e+04
4.147600000000000000e+04
4.108500000000000000e+04
4.039200000000000000e+04
4.031500000000000000e+04
3.984100000000000000e+04
3.970700000000000000e+04
3.923600000000000000e+04
3.907400000000000000e+04
3.814200000000000000e+04
3.784100000000000000e+04
3.735900000000000000e+04
3.723200000000000000e+04
3.696600000000000000e+04
3.633600000000000000e+04
3.633100000000000000e+04
3.584800000000000000e+04
3.560600000000000000e+04
3.527500000000000000e+04
3.485900000000000000e+04
3.444700000000000000e+04
3.409200000000000000e+04
3.432400000000000000e+04
3.333400000000000000e+04
3.326100000000000000e+04
3.328300000000000000e+04
3.276900000000000000e+04
3.291100000000000000e+04
3.217800000000000000e+04
3.193800000000000000e+04
3.174500000000000000e+04
3.128500000000000000e+04
3.104400000000000000e+04
3.067700000000000000e+04
3.046600000000000000e+04
3.029700000000000000e+04
3.038200000000000000e+04
2.991900000000000000e+04
2.951200000000000000e+04
2.953500000000000000e+04
2.934700000000000000e+04
2.881200000000000000e+04
2.841400000000000000e+04
2.837400000000000000e+04
2.852100000000000000e+04
2.811800000000000000e+04
2.803800000000000000e+04
2.765500000000000000e+04
2.726000000000000000e+04
2.704400000000000000e+04
2.679200000000000000e+04
2.663700000000000000e+04
2.643700000000000000e+04
2.625900000000000000e+04
2.602200000000000000e+04
2.576800000000000000e+04
2.552200000000000000e+04
2.562200000000000000e+04
2.466600000000000000e+04
2.461100000000000000e+04
2.489900000000000000e+04
2.486600000000000000e+04
2.443800000000000000e+04
2.392800000000000000e+04
2.414100000000000000e+04
2.370200000000000000e+04
2.407800000000000000e+04
2.349500000000000000e+04
2.333900000000000000e+04
2.337500000000000000e+04
2.298900000000000000e+04
2.273800000000000000e+04
2.255700000000000000e+04
2.237900000000000000e+04
2.245300000000000000e+04
2.221100000000000000e+04
2.218000000000000000e+04
2.156100000000000000e+04
2.165600000000000000e+04
2.144300000000000000e+04
2.142600000000000000e+04
2.101700000000000000e+04
2.118900000000000000e+04
2.104800000000000000e+04
2.078700000000000000e+04
2.066100000000000000e+04
2.029100000000000000e+04
2.049000000000000000e+04
2.014000000000000000e+04
2.009200000000000000e+04
1.995100000000000000e+04
1.986700000000000000e+04
1.942500000000000000e+04
1.944200000000000000e+04
1.941600000000000000e+04
1.938500000000000000e+04
1.911100000000000000e+04
1.912100000000000000e+04
1.874600000000000000e+04
1.861600000000000000e+04
1.875400000000000000e+04
1.861000000000000000e+04
1.826700000000000000e+04
1.832000000000000000e+04
1.808700000000000000e+04
1.795400000000000000e+04
1.776000000000000000e+04
1.731900000000000000e+04
1.788300000000000000e+04
1.735100000000000000e+04
1.760800000000000000e+04
1.725700000000000000e+04
1.692200000000000000e+04
1.698900000000000000e+04
1.703100000000000000e+04
1.658200000000000000e+04
1.673600000000000000e+04
1.654000000000000000e+04
1.651400000000000000e+04
1.639900000000000000e+04
1.632800000000000000e+04
1.608700000000000000e+04
1.602900000000000000e+04
1.593800000000000000e+04
1.600700000000000000e+04
1.561100000000000000e+04
1.571000000000000000e+04
1.550000000000000000e+04
1.565100000000000000e+04
1.530800000000000000e+04
1.530200000000000000e+04
1.527900000000000000e+04
1.506000000000000000e+04
1.507500000000000000e+04
1.502400000000000000e+04
1.499600000000000000e+04
1.486100000000000000e+04
1.457200000000000000e+04
1.450600000000000000e+04
1.439600000000000000e+04
1.428900000000000000e+04
1.442800000000000000e+04
1.437200000000000000e+04
1.409700000000000000e+04
1.419300000000000000e+04
1.398800000000000000e+04
1.382000000000000000e+04
1.387100000000000000e+04
1.377800000000000000e+04
1.377300000000000000e+04
1.370700000000000000e+04
1.333200000000000000e+04
1.323400000000000000e+04
1.343700000000000000e+04
1.334200000000000000e+04
1.310200000000000000e+04
1.321100000000000000e+04
1.300000000000000000e+04
1.285700000000000000e+04
1.287700000000000000e+04
1.304700000000000000e+04
1.279200000000000000e+04
1.257500000000000000e+04
1.253800000000000000e+04
1.252600000000000000e+04
1.248800000000000000e+04
1.245500000000000000e+04
1.213200000000000000e+04
1.227600000000000000e+04
1.217100000000000000e+04
1.225000000000000000e+04
1.201100000000000000e+04
1.209900000000000000e+04
1.204000000000000000e+04
1.206100000000000000e+04
1.185100000000000000e+04
1.172800000000000000e+04
1.187600000000000000e+04
1.166400000000000000e+04
1.150100000000000000e+04
1.163000000000000000e+04
1.147100000000000000e+04
1.141300000000000000e+04
1.136200000000000000e+04
1.121900000000000000e+04
1.121700000000000000e+04
1.088200000000000000e+04
1.109900000000000000e+04
1.100600000000000000e+04
1.092400000000000000e+04
1.085000000000000000e+04
1.077500000000000000e+04
1.083800000000000000e+04
1.072200000000000000e+04
1.065400000000000000e+04
1.061700000000000000e+04
1.065400000000000000e+04
1.068100000000000000e+04
1.053300000000000000e+04
1.041600000000000000e+04
1.049700000000000000e+04
1.039600000000000000e+04
1.015400000000000000e+04
1.037300000000000000e+04
1.012000000000000000e+04
1.019800000000000000e+04
1.021300000000000000e+04
9.934000000000000000e+03
1.010600000000000000e+04
9.950000000000000000e+03
9.876000000000000000e+03
9.750000000000000000e+03
9.779000000000000000e+03
9.648000000000000000e+03
9.776000000000000000e+03
9.565000000000000000e+03
9.479000000000000000e+03
9.632000000000000000e+03
9.476000000000000000e+03
9.507000000000000000e+03
9.557000000000000000e+03
9.317000000000000000e+03
9.350000000000000000e+03
9.208000000000000000e+03
9.184000000000000000e+03
9.122000000000000000e+03
9.315000000000000000e+03
9.020000000000000000e+03
9.000000000000000000e+03
9.174000000000000000e+03
8.907000000000000000e+03
8.981000000000000000e+03
8.780000000000000000e+03
8.843000000000000000e+03
8.716000000000000000e+03
8.782000000000000000e+03
8.737000000000000000e+03
8.649000000000000000e+03
8.629000000000000000e+03
8.628000000000000000e+03
8.567000000000000000e+03
8.488000000000000000e+03
8.602000000000000000e+03
8.223000000000000000e+03
8.439000000000000000e+03
8.243000000000000000e+03
8.426000000000000000e+03
8.163000000000000000e+03
8.157000000000000000e+03
8.324000000000000000e+03
8.063000000000000000e+03
8.024000000000000000e+03
7.874000000000000000e+03
8.078000000000000000e+03
7.927000000000000000e+03
8.074000000000000000e+03
7.996000000000000000e+03
7.955000000000000000e+03
7.940000000000000000e+03
7.979000000000000000e+03
7.869000000000000000e+03
7.739000000000000000e+03
7.761000000000000000e+03
7.753000000000000000e+03
7.744000000000000000e+03
7.690000000000000000e+03
7.556000000000000000e+03
7.549000000000000000e+03
7.785000000000000000e+03
7.433000000000000000e+03
7.434000000000000000e+03
7.619000000000000000e+03
7.565000000000000000e+03
7.342000000000000000e+03
7.305000000000000000e+03
7.188000000000000000e+03
7.448000000000000000e+03
7.328000000000000000e+03
7.264000000000000000e+03
7.303000000000000000e+03
7.301000000000000000e+03
7.012000000000000000e+03
7.147000000000000000e+03
7.136000000000000000e+03
7.082000000000000000e+03
6.895000000000000000e+03
6.901000000000000000e+03
6.930000000000000000e+03
7.014000000000000000e+03
7.047000000000000000e+03
6.870000000000000000e+03
6.855000000000000000e+03
6.928000000000000000e+03
6.857000000000000000e+03
6.818000000000000000e+03
6.860000000000000000e+03
6.768000000000000000e+03
6.541000000000000000e+03
6.834000000000000000e+03
6.637000000000000000e+03
6.585000000000000000e+03
6.576000000000000000e+03
6.478000000000000000e+03
6.496000000000000000e+03
6.406000000000000000e+03
6.602000000000000000e+03
6.335000000000000000e+03
6.294000000000000000e+03
6.405000000000000000e+03
6.413000000000000000e+03
6.249000000000000000e+03
6.259000000000000000e+03
