6.316000000000000000e+03
6.229000000000000000e+03
6.378000000000000000e+03
6.366000000000000000e+03
6.448000000000000000e+03
6.494000000000000000e+03
6.486000000000000000e+03
6.534000000000000000e+03
6.434000000000000000e+03
6.524000000000000000e+03
6.501000000000000000e+03
6.678000000000000000e+03
6.622000000000000000e+03
6.627000000000000000e+03
6.581000000000000000e+03
6.698000000000000000e+03
6.814000000000000000e+03
6.731000000000000000e+03
6.713000000000000000e+03
6.949000000000000000e+03
6.928000000000000000e+03
6.938000000000000000e+03
6.874000000000000000e+03
6.782000000000000000e+03
6.701000000000000000e+03
7.000000000000000000e+03
7.159000000000000000e+03
7.049000000000000000e+03
7.125000000000000000e+03
7.012000000000000000e+03
7.318000000000000000e+03
7.081000000000000000e+03
7.172000000000000000e+03
7.219000000000000000e+03
7.293000000000000000e+03
7.262000000000000000e+03
7.380000000000000000e+03
7.368000000000000000e+03
7.373000000000000000e+03
7.469000000000000000e+03
7.448000000000000000e+03
7.362000000000000000e+03
7.404000000000000000e+03
7.495000000000000000e+03
7.535000000000000000e+03
7.608000000000000000e+03
7.619000000000000000e+03
7.772000000000000000e+03
7.627000000000000000e+03
7.582000000000000000e+03
7.827000000000000000e+03
7.827000000000000000e+03
7.841000000000000000e+03
7.883000000000000000e+03
7.997000000000000000e+03
7.957000000000000000e+03
8.104000000000000000e+03
8.022000000000000000e+03
8.058000000000000000e+03
8.308000000000000000e+03
8.122000000000000000e+03
8.190000000000000000e+03
8.291000000000000000e+03
8.137000000000000000e+03
8.352000000000000000e+03
8.397000000000000000e+03
8.306000000000000000e+03
8.307000000000000000e+03
8.532000000000000000e+03
8.441000000000000000e+03
8.576000000000000000e+03
8.580000000000000000e+03
8.691000000000000000e+03
8.645000000000000000e+03
8.807000000000000000e+03
8.765000000000000000e+03
8.743000000000000000e+03
8.580000000000000000e+03
8.834000000000000000e+03
8.925000000000000000e+03
8.810000000000000000e+03
9.068000000000000000e+03
8.961000000000000000e+03
8.971000000000000000e+03
9.003000000000000000e+03
9.145000000000000000e+03
9.083000000000000000e+03
9.147000000000000000e+03
9.237000000000000000e+03
9.324000000000000000e+03
9.308000000000000000e+03
9.595000000000000000e+03
9.418000000000000000e+03
9.394000000000000000e+03
9.650000000000000000e+03
9.685000000000000000e+03
9.559000000000000000e+03
9.606000000000000000e+03
9.729000000000000000e+03
9.716000000000000000e+03
9.777000000000000000e+03
9.931000000000000000e+03
9.924000000000000000e+03
9.924000000000000000e+03
1.000400000000000000e+04
9.981000000000000000e+03
1.029000000000000000e+04
1.027400000000000000e+04
1.025300000000000000e+04
1.013600000000000000e+04
1.032500000000000000e+04
1.035900000000000000e+04
1.044400000000000000e+04
1.048900000000000000e+04
1.052500000000000000e+04
1.049400000000000000e+04
1.056600000000000000e+04
1.077900000000000000e+04
1.075400000000000000e+04
1.082500000000000000e+04
1.081400000000000000e+04
1.100700000000000000e+04
1.073000000000000000e+04
1.102300000000000000e+04
1.092000000000000000e+04
1.124700000000000000e+04
1.131200000000000000e+04
1.128800000000000000e+04
1.108100000000000000e+04
1.137700000000000000e+04
1.157600000000000000e+04
1.146700000000000000e+04
1.150700000000000000e+04
1.164600000000000000e+04
1.169300000000000000e+04
1.178500000000000000e+04
1.176200000000000000e+04
1.165200000000000000e+04
1.201800000000000000e+04
1.198000000000000000e+04
1.200000000000000000e+04
1.225100000000000000e+04
1.215200000000000000e+04
1.230100000000000000e+04
1.239800000000000000e+04
1.244700000000000000e+04
1.230900000000000000e+04
1.248700000000000000e+04
1.260100000000000000e+04
1.283300000000000000e+04
1.277200000000000000e+04
1.281500000000000000e+04
1.270900000000000000e+04
1.310700000000000000e+04
1.319300000000000000e+04
1.349600000000000000e+04
1.317300000000000000e+04
1.336800000000000000e+04
1.340400000000000000e+04
1.349400000000000000e+04
1.360600000000000000e+04
1.351000000000000000e+04
1.372900000000000000e+04
1.387400000000000000e+04
1.374700000000000000e+04
1.386300000000000000e+04
1.394600000000000000e+04
1.421700000000000000e+04
1.417900000000000000e+04
1.423900000000000000e+04
1.437000000000000000e+04
1.455700000000000000e+04
1.441800000000000000e+04
1.463500000000000000e+04
1.468400000000000000e+04
1.475900000000000000e+04
1.480800000000000000e+04
1.504000000000000000e+04
1.489500000000000000e+04
1.514500000000000000e+04
1.511000000000000000e+04
1.527600000000000000e+04
1.543600000000000000e+04
1.535500000000000000e+04
1.547900000000000000e+04
1.553300000000000000e+04
1.577700000000000000e+04
1.580500000000000000e+04
1.600300000000000000e+04
1.615700000000000000e+04
1.599800000000000000e+04
1.640600000000000000e+04
1.661400000000000000e+04
1.651000000000000000e+04
1.669800000000000000e+04
1.679500000000000000e+04
1.663200000000000000e+04
1.684600000000000000e+04
1.709300000000000000e+04
1.707500000000000000e+04
1.729500000000000000e+04
1.749300000000000000e+04
1.744700000000000000e+04
1.754300000000000000e+04
1.768400000000000000e+04
1.799900000000000000e+04
1.796500000000000000e+04
1.812600000000000000e+04
1.820900000000000000e+04
1.827300000000000000e+04
1.828600000000000000e+04
1.853800000000000000e+04
1.859400000000000000e+04
1.886400000000000000e+04
1.889900000000000000e+04
1.913600000000000000e+04
1.904700000000000000e+04
1.937700000000000000e+04
1.933600000000000000e+04
1.967700000000000000e+04
1.980200000000000000e+04
1.983400000000000000e+04
1.977200000000000000e+04
2.031800000000000000e+04
2.019300000000000000e+04
2.015500000000000000e+04
2.080000000000000000e+04
2.088400000000000000e+04
2.100600000000000000e+04
2.106700000000000000e+04
2.127300000000000000e+04
2.104900000000000000e+04
2.150500000000000000e+04
2.147500000000000000e+04
2.173300000000000000e+04
2.224500000000000000e+04
2.188900000000000000e+04
2.227800000000000000e+04
2.235000000000000000e+04
2.235600000000000000e+04
2.292400000000000000e+04
2.296500000000000000e+04
2.299200000000000000e+04
2.320400000000000000e+04
2.342900000000000000e+04
2.371700000000000000e+04
2.384200000000000000e+04
2.372200000000000000e+04
2.447100000000000000e+04
2.456000000000000000e+04
2.444600000000000000e+04
2.475100000000000000e+04
2.477200000000000000e+04
2.532400000000000000e+04
2.528200000000000000e+04
2.551400000000000000e+04
2.564100000000000000e+04
2.582000000000000000e+04
2.618200000000000000e+04
2.657700000000000000e+04
2.676800000000000000e+04
2.662500000000000000e+04
2.708700000000000000e+04
2.757200000000000000e+04
2.749300000000000000e+04
2.803300000000000000e+04
2.751500000000000000e+04
2.805500000000000000e+04
2.857800000000000000e+04
2.858600000000000000e+04
2.887300000000000000e+04
2.888100000000000000e+04
2.903000000000000000e+04
2.956000000000000000e+04
2.969700000000000000e+04
3.011000000000000000e+04
2.991100000000000000e+04
3.053700000000000000e+04
3.102300000000000000e+04
3.107400000000000000e+04
3.117800000000000000e+04
3.195200000000000000e+04
3.188600000000000000e+04
3.232900000000000000e+04
3.217900000000000000e+04
3.262200000000000000e+04
3.296400000000000000e+04
3.340200000000000000e+04
3.399500000000000000e+04
3.396000000000000000e+04
3.430500000000000000e+04
3.472500000000000000e+04
3.477900000000000000e+04
3.487900000000000000e+04
3.573600000000000000e+04
3.563700000000000000e+04
3.620000000000000000e+04
3.652300000000000000e+04
3.686900000000000000e+04
3.716200000000000000e+04
3.800400000000000000e+04
3.801700000000000000e+04
3.836600000000000000e+04
3.877700000000000000e+04
3.904600000000000000e+04
3.934800000000000000e+04
3.990500000000000000e+04
4.003600000000000000e+04
4.103400000000000000e+04
4.074200000000000000e+04
4.191100000000000000e+04
4.187500000000000000e+04
4.261400000000000000e+04
4.312100000000000000e+04
4.335700000000000000e+04
4.380300000000000000e+04
4.403000000000000000e+04
4.467800000000000000e+04
4.500000000000000000e+04
4.567000000000000000e+04
4.580400000000000000e+04
4.632900000000000000e+04
4.682400000000000000e+04
4.704000000000000000e+04
4.780500000000000000e+04
4.821600000000000000e+04
4.908200000000000000e+04
4.917500000000000000e+04
4.983500000000000000e+04
5.025600000000000000e+04
5.102500000000000000e+04
5.144000000000000000e+04
5.173500000000000000e+04
5.259500000000000000e+04
5.321500000000000000e+04
5.365900000000000000e+04
5.401400000000000000e+04
5.504700000000000000e+04
5.568200000000000000e+04
5.644800000000000000e+04
5.717200000000000000e+04
5.784400000000000000e+04
5.846200000000000000e+04
5.912900000000000000e+04
5.947100000000000000e+04
6.001400000000000000e+04
6.129500000000000000e+04
6.177800000000000000e+04
6.285500000000000000e+04
6.304100000000000000e+04
6.404200000000000000e+04
6.564000000000000000e+04
6.564700000000000000e+04
6.621300000000000000e+04
6.693700000000000000e+04
6.821900000000000000e+04
6.884100000000000000e+04
6.912500000000000000e+04
7.097400000000000000e+04
7.139800000000000000e+04
7.310800000000000000e+04
7.362800000000000000e+04
7.437900000000000000e+04
7.529100000000000000e+04
7.579800000000000000e+04
7.677400000000000000e+04
7.867400000000000000e+04
7.986300000000000000e+04
8.015300000000000000e+04
8.151700000000000000e+04
8.282900000000000000e+04
8.356300000000000000e+04
8.480400000000000000e+04
8.620100000000000000e+04
8.712900000000000000e+04
8.896600000000000000e+04
8.936900000000000000e+04
9.156800000000000000e+04
9.251200000000000000e+04
9.314200000000000000e+04
9.528300000000000000e+04
9.617200000000000000e+04
9.746300000000000000e+04
9.862000000000000000e+04
1.003270000000000000e+05
1.019530000000000000e+05
1.037130000000000000e+05
1.048510000000000000e+05
1.067120000000000000e+05
1.081000000000000000e+05
1.093870000000000000e+05
1.111920000000000000e+05
1.129500000000000000e+05
1.151790000000000000e+05
1.168650000000000000e+05
1.182750000000000000e+05
1.200780000000000000e+05
1.219730000000000000e+05
1.251310000000000000e+05
1.270970000000000000e+05
1.284980000000000000e+05
1.305940000000000000e+05
1.323510000000000000e+05
1.343250000000000000e+05
1.367580000000000000e+05
1.381190000000000000e+05
1.416390000000000000e+05
1.441750000000000000e+05
1.464580000000000000e+05
1.489060000000000000e+05
1.504620000000000000e+05
1.535570000000000000e+05
1.573370000000000000e+05
1.597140000000000000e+05
1.623340000000000000e+05
1.652810000000000000e+05
1.678300000000000000e+05
1.702240000000000000e+05
1.739530000000000000e+05
1.770500000000000000e+05
1.808230000000000000e+05
1.838120000000000000e+05
1.870520000000000000e+05
1.903370000000000000e+05
1.942370000000000000e+05
1.980750000000000000e+05
2.015750000000000000e+05
2.055000000000000000e+05
2.086760000000000000e+05
2.126420000000000000e+05
2.164240000000000000e+05
2.219460000000000000e+05
2.251990000000000000e+05
2.295310000000000000e+05
2.354430000000000000e+05
2.384790000000000000e+05
2.431190000000000000e+05
2.488270000000000000e+05
2.534160000000000000e+05
2.585970000000000000e+05
2.634820000000000000e+05
2.693520000000000000e+05
2.734390000000000000e+05
2.799000000000000000e+05
2.846500000000000000e+05
2.898220000000000000e+05
2.961700000000000000e+05
3.031530000000000000e+05
3.092100000000000000e+05
3.149650000000000000e+05
3.218220000000000000e+05
3.279420000000000000e+05
3.347910000000000000e+05
3.412290000000000000e+05
3.498590000000000000e+05
3.557320000000000000e+05
3.627830000000000000e+05
3.693030000000000000e+05
3.769750000000000000e+05
3.843920000000000000e+05
3.916040000000000000e+05
3.987690000000000000e+05
4.073560000000000000e+05
4.159130000000000000e+05
4.240650000000000000e+05
4.307020000000000000e+05
4.398560000000000000e+05
4.483380000000000000e+05
4.553040000000000000e+05
4.642580000000000000e+05
4.719330000000000000e+05
4.805710000000000000e+05
4.900600000000000000e+05
4.968740000000000000e+05
5.050490000000000000e+05
5.130590000000000000e+05
5.214550000000000000e+05
5.290550000000000000e+05
5.366800000000000000e+05
5.449120000000000000e+05
5.522070000000000000e+05
5.600850000000000000e+05
5.674660000000000000e+05
5.738520000000000000e+05
5.824070000000000000e+05
5.864470000000000000e+05
5.936250000000000000e+05
5.988160000000000000e+05
6.054580000000000000e+05
6.111370000000000000e+05
6.140940000000000000e+05
6.193290000000000000e+05
6.233080000000000000e+05
6.259590000000000000e+05
6.293690000000000000e+05
6.320110000000000000e+05
6.336980000000000000e+05
6.341480000000000000e+05
6.368350000000000000e+05
6.366380000000000000e+05
6.354110000000000000e+05
6.355200000000000000e+05
6.341250000000000000e+05
6.322330000000000000e+05
6.319120000000000000e+05
6.278860000000000000e+05
6.255190000000000000e+05
6.228000000000000000e+05
6.178790000000000000e+05
6.147190000000000000e+05
6.076920000000000000e+05
6.037600000000000000e+05
5.983130000000000000e+05
5.945090000000000000e+05
5.880620000000000000e+05
5.803630000000000000e+05
5.747440000000000000e+05
5.665730000000000000e+05
5.604770000000000000e+05
5.513790000000000000e+05
5.458460000000000000e+05
5.377720000000000000e+05
5.297190000000000000e+05
5.209180000000000000e+05
5.112310000000000000e+05
5.049960000000000000e+05
4.970640000000000000e+05
4.895690000000000000e+05
4.801990000000000000e+05
4.726540000000000000e+05
4.640680000000000000e+05
4.569690000000000000e+05
4.476570000000000000e+05
4.394290000000000000e+05
4.312210000000000000e+05
4.243820000000000000e+05
4.165230000000000000e+05
4.063280000000000000e+05
4.006100000000000000e+05
3.914980000000000000e+05
3.844080000000000000e+05
3.768980000000000000e+05
3.700070000000000000e+05
3.632740000000000000e+05
3.560300000000000000e+05
3.486740000000000000e+05
3.406730000000000000e+05
3.346240000000000000e+05
3.289110000000000000e+05
3.209040000000000000e+05
3.148820000000000000e+05
3.081790000000000000e+05
3.024240000000000000e+05
2.965630000000000000e+05
2.902330000000000000e+05
2.860020000000000000e+05
2.796860000000000000e+05
2.733650000000000000e+05
2.687300000000000000e+05
2.627210000000000000e+05
2.573130000000000000e+05
2.530210000000000000e+05
2.482140000000000000e+05
2.444910000000000000e+05
2.396260000000000000e+05
2.342140000000000000e+05
2.300890000000000000e+05
2.253730000000000000e+05
2.211240000000000000e+05
2.175010000000000000e+05
2.134250000000000000e+05
2.093040000000000000e+05
2.055580000000000000e+05
2.014580000000000000e+05
1.980790000000000000e+05
1.938900000000000000e+05
1.908510000000000000e+05
1.869490000000000000e+05
1.850490000000000000e+05
1.805970000000000000e+05
1.769780000000000000e+05
1.741240000000000000e+05
1.712630000000000000e+05
1.687610000000000000e+05
1.650680000000000000e+05
1.617400000000000000e+05
1.595220000000000000e+05
1.569570000000000000e+05
1.546350000000000000e+05
1.519890000000000000e+05
1.486990000000000000e+05
1.462010000000000000e+05
1.437050000000000000e+05
1.415020000000000000e+05
1.397450000000000000e+05
1.368850000000000000e+05
1.346300000000000000e+05
1.321540000000000000e+05
1.307520000000000000e+05
1.285280000000000000e+05
1.263200000000000000e+05
1.241100000000000000e+05
1.221820000000000000e+05
1.201140000000000000e+05
1.189650000000000000e+05
1.172710000000000000e+05
1.150930000000000000e+05
1.131140000000000000e+05
1.112680000000000000e+05
1.099010000000000000e+05
1.081180000000000000e+05
1.062630000000000000e+05
1.044790000000000000e+05
1.033880000000000000e+05
1.014520000000000000e+05
1.005960000000000000e+05
9.897900000000000000e+04
9.725000000000000000e+04
9.608500000000000000e+04
9.489700000000000000e+04
9.358100000000000000e+04
9.246700000000000000e+04
9.027000000000000000e+04
8.994700000000000000e+04
8.860500000000000000e+04
8.720700000000000000e+04
8.646400000000000000e+04
8.538200000000000000e+04
8.373600000000000000e+04
8.252900000000000000e+04
8.202000000000000000e+04
8.063200000000000000e+04
7.937100000000000000e+04
7.797900000000000000e+04
7.717100000000000000e+04
7.612800000000000000e+04
7.530100000000000000e+04
7.457000000000000000e+04
7.341200000000000000e+04
7.198600000000000000e+04
7.123900000000000000e+04
7.056700000000000000e+04
6.990000000000000000e+04
6.914200000000000000e+04
6.833900000000000000e+04
6.771000000000000000e+04
6.637900000000000000e+04
6.605000000000000000e+04
6.517900000000000000e+04
6.415800000000000000e+04
6.304500000000000000e+04
6.232200000000000000e+04
6.147600000000000000e+04
6.085700000000000000e+04
6.068200000000000000e+04
5.968400000000000000e+04
5.844000000000000000e+04
5.858500000000000000e+04
5.766000000000000000e+04
5.696800000000000000e+04
5.612700000000000000e+04
5.554400000000000000e+04
5.498800000000000000e+04
5.469400000000000000e+04
5.352100000000000000e+04
5.353200000000000000e+04
5.280500000000000000e+04
5.217000000000000000e+04
5.144200000000000000e+04
5.090800000000000000e+04
4.996700000000000000e+04
4.958400000000000000e+04
4.911600000000000000e+04
4.875200000000000000e+04
4.837800000000000000e+04
4.802600000000000000e+04
4.698000000000000000e+04
4.690100000000000000e+04
4.616600000000000000e+04
4.587200000000000000e+04
4.532700000000000000e+04
4.497500000000000000e+04
4.463900000000000000e+04
4.386300000000000000e+04
4.369900000000000000e+04
4.324600000000000000e+04
4.278100000000000000e+04
4.254700000000000000e+04
4.196900000000000000e+04
4.164400000000000000e+04
4.144900000000000000e+04
4.041400000000000000e+04
3.968100000000000000e+04
4.005300000000000000e+04
3.932200000000000000e+04
3.887700000000000000e+04
3.883800000000000000e+04
3.842900000000000000e+04
3.792900000000000000e+04
3.751300000000000000e+04
3.752100000000000000e+04
3.698800000000000000e+04
3.660800000000000000e+04
3.627300000000000000e+04
3.559700000000000000e+04
3.569300000000000000e+04
3.550000000000000000e+04
3.489000000000000000e+04
3.443600000000000000e+04
3.426400000000000000e+04
3.425900000000000000e+04
3.362300000000000000e+04
3.349600000000000000e+04
3.315300000000000000e+04
3.295600000000000000e+04
3.275400000000000000e+04
3.245000000000000000e+04
3.185300000000000000e+04
3.163700000000000000e+04
3.151100000000000000e+04
3.135500000000000000e+04
3.107200000000000000e+04
3.055200000000000000e+04
3.026300000000000000e+04
2.969800000000000000e+04
2.970100000000000000e+04
2.961000000000000000e+04
2.935800000000000000e+04
2.909900000000000000e+04
2.869600000000000000e+04
2.844600000000000000e+04
2.829600000000000000e+04
2.817400000000000000e+04
2.831700000000000000e+04
2.770100000000000000e+04
2.747500000000000000e+04
2.744400000000000000e+04
2.724600000000000000e+04
2.645900000000000000e+04
2.650400000000000000e+04
2.608600000000000000e+04
2.603200000000000000e+04
2.585600000000000000e+04
2.598500000000000000e+04
2.541500000000000000e+04
2.531400000000000000e+04
2.517400000000000000e+04
2.515800000000000000e+04
2.472500000000000000e+04
2.437700000000000000e+04
2.424300000000000000e+04
2.406600000000000000e+04
2.387500000000000000e+04
2.386700000000000000e+04
2.348900000000000000e+04
2.345300000000000000e+04
2.332700000000000000e+04
2.321300000000000000e+04
2.281900000000000000e+04
2.272500000000000000e+04
2.254500000000000000e+04
2.245900000000000000e+04
2.233900000000000000e+04
2.211400000000000000e+04
2.177800000000000000e+04
2.167000000000000000e+04
2.165000000000000000e+04
2.132900000000000000e+04
2.137500000000000000e+04
2.118700000000000000e+04
2.095200000000000000e+04
2.059200000000000000e+04
2.084200000000000000e+04
2.064800000000000000e+04
2.027900000000000000e+04
2.002300000000000000e+04
1.998300000000000000e+04
2.022600000000000000e+04
1.975700000000000000e+04
1.972600000000000000e+04
1.948000000000000000e+04
1.917000000000000000e+04
1.938200000000000000e+04
1.928100000000000000e+04
1.937300000000000000e+04
1.901700000000000000e+04
1.872600000000000000e+04
1.887500000000000000e+04
1.858700000000000000e+04
1.834600000000000000e+04
1.857600000000000000e+04
1.802000000000000000e+04
1.832700000000000000e+04
1.799800000000000000e+04
1.795900000000000000e+04
1.782500000000000000e+04
1.747500000000000000e+04
1.738500000000000000e+04
1.734400000000000000e+04
1.714500000000000000e+04
1.699500000000000000e+04
1.706400000000000000e+04
1.683200000000000000e+04
1.693700000000000000e+04
1.665200000000000000e+04
1.648300000000000000e+04
1.674000000000000000e+04
1.637300000000000000e+04
1.625200000000000000e+04
1.623900000000000000e+04
1.603500000000000000e+04
1.582100000000000000e+04
1.572900000000000000e+04
1.576300000000000000e+04
1.577000000000000000e+04
1.542400000000000000e+04
1.549900000000000000e+04
1.528700000000000000e+04
1.514000000000000000e+04
1.532000000000000000e+04
1.514400000000000000e+04
1.489000000000000000e+04
1.500500000000000000e+04
1.483400000000000000e+04
1.463200000000000000e+04
1.469000000000000000e+04
1.448600000000000000e+04
1.438000000000000000e+04
1.447200000000000000e+04
1.432000000000000000e+04
1.412500000000000000e+04
1.423300000000000000e+04
1.396900000000000000e+04
1.396800000000000000e+04
1.388300000000000000e+04
1.372700000000000000e+04
1.377900000000000000e+04
1.354400000000000000e+04
1.361600000000000000e+04
1.352700000000000000e+04
1.338200000000000000e+04
1.347900000000000000e+04
1.306700000000000000e+04
1.326600000000000000e+04
1.307500000000000000e+04
1.291700000000000000e+04
1.309200000000000000e+04
1.293000000000000000e+04
1.261300000000000000e+04
1.292300000000000000e+04
1.276200000000000000e+04
1.268700000000000000e+04
1.261700000000000000e+04
1.226700000000000000e+04
1.228600000000000000e+04
1.223900000000000000e+04
1.228900000000000000e+04
1.218600000000000000e+04
1.226200000000000000e+04
1.217500000000000000e+04
1.202100000000000000e+04
1.215700000000000000e+04
1.180700000000000000e+04
1.184500000000000000e+04
1.181700000000000000e+04
1.175800000000000000e+04
1.151900000000000000e+04
1.162600000000000000e+04
1.153600000000000000e+04
1.166100000000000000e+04
1.131300000000000000e+04
1.142900000000000000e+04
1.103700000000000000e+04
1.103100000000000000e+04
1.115700000000000000e+04
1.107500000000000000e+04
1.091000000000000000e+04
1.099200000000000000e+04
1.102100000000000000e+04
1.084600000000000000e+04
1.079300000000000000e+04
1.078500000000000000e+04
1.054700000000000000e+04
1.064300000000000000e+04
1.062600000000000000e+04
1.057400000000000000e+04
1.072200000000000000e+04
1.043900000000000000e+04
1.039800000000000000e+04
1.027800000000000000e+04
1.019500000000000000e+04
1.022000000000000000e+04
1.007100000000000000e+04
1.021000000000000000e+04
9.925000000000000000e+03
9.984000000000000000e+03
9.861000000000000000e+03
9.943000000000000000e+03
9.943000000000000000e+03
9.885000000000000000e+03
9.690000000000000000e+03
9.642000000000000000e+03
9.671000000000000000e+03
9.478000000000000000e+03
9.405000000000000000e+03
9.576000000000000000e+03
9.497000000000000000e+03
9.328000000000000000e+03
9.328000000000000000e+03
9.389000000000000000e+03
9.278000000000000000e+03
9.189000000000000000e+03
9.308000000000000000e+03
9.386000000000000000e+03
9.022000000000000000e+03
9.123000000000000000e+03
9.034000000000000000e+03
8.967000000000000000e+03
9.042000000000000000e+03
8.927000000000000000e+03
8.977000000000000000e+03
8.845000000000000000e+03
8.877000000000000000e+03
8.865000000000000000e+03
8.878000000000000000e+03
8.733000000000000000e+03
8.650000000000000000e+03
8.587000000000000000e+03
8.558000000000000000e+03
8.421000000000000000e+03
8.448000000000000000e+03
8.414000000000000000e+03
8.508000000000000000e+03
8.333000000000000000e+03
8.433000000000000000e+03
8.287000000000000000e+03
8.328000000000000000e+03
8.210000000000000000e+03
8.141000000000000000e+03
8.231000000000000000e+03
8.025000000000000000e+03
8.146000000000000000e+03
7.942000000000000000e+03
7.956000000000000000e+03
7.942000000000000000e+03
7.775000000000000000e+03
7.903000000000000000e+03
7.653000000000000000e+03
7.661000000000000000e+03
7.991000000000000000e+03
7.760000000000000000e+03
7.631000000000000000e+03
7.627000000000000000e+03
7.786000000000000000e+03
7.525000000000000000e+03
7.680000000000000000e+03
7.509000000000000000e+03
7.370000000000000000e+03
7.430000000000000000e+03
7.483000000000000000e+03
7.352000000000000000e+03
7.508000000000000000e+03
7.219000000000000000e+03
7.227000000000000000e+03
7.221000000000000000e+03
7.273000000000000000e+03
7.292000000000000000e+03
7.241000000000000000e+03
7.133000000000000000e+03
7.050000000000000000e+03
7.053000000000000000e+03
7.130000000000000000e+03
7.221000000000000000e+03
6.947000000000000000e+03
7.060000000000000000e+03
6.866000000000000000e+03
6.826000000000000000e+03
6.973000000000000000e+03
6.792000000000000000e+03
6.985000000000000000e+03
6.933000000000000000e+03
6.663000000000000000e+03
6.766000000000000000e+03
6.696000000000000000e+03
6.810000000000000000e+03
6.695000000000000000e+03
6.686000000000000000e+03
6.590000000000000000e+03
6.729000000000000000e+03
6.525000000000000000e+03
6.688000000000000000e+03
6.421000000000000000e+03
6.505000000000000000e+03
6.393000000000000000e+03
6.577000000000000000e+03
6.517000000000000000e+03
6.408000000000000000e+03
6.295000000000000000e+03
6.383000000000000000e+03
6.324000000000000000e+03
