6.467000000000000000e+04
6.707100000000000000e+04
6.965200000000000000e+04
7.309500000000000000e+04
7.576500000000000000e+04
7.918500000000000000e+04
8.346900000000000000e+04
8.675500000000000000e+04
9.086400000000000000e+04
9.594300000000000000e+04
1.002190000000000000e+05
1.049600000000000000e+05
1.109750000000000000e+05
1.171890000000000000e+05
1.244180000000000000e+05
1.310880000000000000e+05
1.391590000000000000e+05
1.470560000000000000e+05
1.563310000000000000e+05
1.661940000000000000e+05
1.777870000000000000e+05
1.894040000000000000e+05
2.041730000000000000e+05
2.196950000000000000e+05
2.350910000000000000e+05
2.546970000000000000e+05
2.752200000000000000e+05
3.000080000000000000e+05
3.267690000000000000e+05
3.571310000000000000e+05
3.935610000000000000e+05
4.331920000000000000e+05
4.809020000000000000e+05
5.363490000000000000e+05
6.006150000000000000e+05
6.766420000000000000e+05
7.696290000000000000e+05
8.783220000000000000e+05
1.014299000000000000e+06
1.177779000000000000e+06
1.384695000000000000e+06
1.640072000000000000e+06
1.962110000000000000e+06
2.369190000000000000e+06
2.889128000000000000e+06
3.522678000000000000e+06
4.274096000000000000e+06
5.090579000000000000e+06
5.827729000000000000e+06
6.287184000000000000e+06
6.281842000000000000e+06
5.827542000000000000e+06
5.088609000000000000e+06
4.277505000000000000e+06
3.521850000000000000e+06
2.883774000000000000e+06
2.372133000000000000e+06
1.960589000000000000e+06
1.640024000000000000e+06
1.383382000000000000e+06
1.176247000000000000e+06
1.012032000000000000e+06
8.794630000000000000e+05
7.699410000000000000e+05
6.764510000000000000e+05
6.001560000000000000e+05
5.366850000000000000e+05
4.814540000000000000e+05
4.339700000000000000e+05
3.927180000000000000e+05
3.572980000000000000e+05
3.264260000000000000e+05
3.006390000000000000e+05
2.757660000000000000e+05
2.545860000000000000e+05
2.359670000000000000e+05
2.194230000000000000e+05
2.040980000000000000e+05
1.895320000000000000e+05
1.778640000000000000e+05
1.666180000000000000e+05
1.567460000000000000e+05
1.468520000000000000e+05
1.386160000000000000e+05
1.303760000000000000e+05
1.241920000000000000e+05
1.171680000000000000e+05
1.111200000000000000e+05
1.053220000000000000e+05
1.000780000000000000e+05
9.600000000000000000e+04
9.090300000000000000e+04
8.675800000000000000e+04
8.248700000000000000e+04
7.942600000000000000e+04
7.629300000000000000e+04
7.302300000000000000e+04
6.962100000000000000e+04
6.692400000000000000e+04
6.448200000000000000e+04
