6.466800000000000000e+04
6.668800000000000000e+04
6.983900000000000000e+04
7.231300000000000000e+04
7.598400000000000000e+04
7.940500000000000000e+04
8.256200000000000000e+04
8.712400000000000000e+04
9.117200000000000000e+04
9.553800000000000000e+04
1.000420000000000000e+05
1.055600000000000000e+05
1.113560000000000000e+05
1.175760000000000000e+05
1.241960000000000000e+05
1.306640000000000000e+05
1.391730000000000000e+05
1.471660000000000000e+05
1.561630000000000000e+05
1.669350000000000000e+05
1.789330000000000000e+05
1.901940000000000000e+05
2.033110000000000000e+05
2.191970000000000000e+05
2.362650000000000000e+05
2.547410000000000000e+05
2.764720000000000000e+05
2.989610000000000000e+05
3.265890000000000000e+05
3.572620000000000000e+05
3.930100000000000000e+05
4.338590000000000000e+05
4.815210000000000000e+05
5.361130000000000000e+05
5.996590000000000000e+05
6.766320000000000000e+05
7.676100000000000000e+05
8.781280000000000000e+05
1.011746000000000000e+06
1.179855000000000000e+06
1.384046000000000000e+06
1.638983000000000000e+06
1.962746000000000000e+06
2.369085000000000000e+06
2.883499000000000000e+06
3.522297000000000000e+06
4.273247000000000000e+06
5.088629000000000000e+06
5.829911000000000000e+06
6.282467000000000000e+06
6.280506000000000000e+06
5.826274000000000000e+06
5.093521000000000000e+06
4.278417000000000000e+06
3.523988000000000000e+06
2.886167000000000000e+06
2.371750000000000000e+06
1.963189000000000000e+06
1.638369000000000000e+06
1.382967000000000000e+06
1.179494000000000000e+06
1.013375000000000000e+06
8.805470000000000000e+05
7.669570000000000000e+05
6.761210000000000000e+05
5.994760000000000000e+05
5.364390000000000000e+05
4.807810000000000000e+05
4.344300000000000000e+05
3.916190000000000000e+05
3.584330000000000000e+05
3.274060000000000000e+05
2.993830000000000000e+05
2.759160000000000000e+05
2.545070000000000000e+05
2.364200000000000000e+05
2.186590000000000000e+05
2.038110000000000000e+05
1.900600000000000000e+05
1.779030000000000000e+05
1.662870000000000000e+05
1.564290000000000000e+05
1.469390000000000000e+05
1.387310000000000000e+05
1.314780000000000000e+05
1.234490000000000000e+05
1.171310000000000000e+05
1.115630000000000000e+05
1.059500000000000000e+05
1.001750000000000000e+05
9.604700000000000000e+04
9.093300000000000000e+04
8.682900000000000000e+04
8.267800000000000000e+04
7.925200000000000000e+04
7.659500000000000000e+04
7.287500000000000000e+04
6.981600000000000000e+04
6.681900000000000000e+04
6.416600000000000000e+04
