6.426100000000000000e+04
6.672600000000000000e+04
7.000200000000000000e+04
7.276700000000000000e+04
7.625700000000000000e+04
7.945200000000000000e+04
8.301900000000000000e+04
8.776000000000000000e+04
9.152400000000000000e+04
9.518300000000000000e+04
1.001430000000000000e+05
1.056780000000000000e+05
1.113370000000000000e+05
1.168020000000000000e+05
1.237450000000000000e+05
1.305710000000000000e+05
1.385280000000000000e+05
1.466200000000000000e+05
1.567260000000000000e+05
1.669270000000000000e+05
1.781840000000000000e+05
1.903140000000000000e+05
2.037820000000000000e+05
2.193590000000000000e+05
2.365760000000000000e+05
2.541980000000000000e+05
2.757350000000000000e+05
2.990520000000000000e+05
3.262110000000000000e+05
3.584840000000000000e+05
3.929070000000000000e+05
4.335620000000000000e+05
4.799630000000000000e+05
5.363250000000000000e+05
6.011360000000000000e+05
6.780330000000000000e+05
7.698300000000000000e+05
8.802450000000000000e+05
1.014281000000000000e+06
1.176349000000000000e+06
1.381984000000000000e+06
1.640699000000000000e+06
1.964013000000000000e+06
2.371562000000000000e+06
2.884629000000000000e+06
3.520554000000000000e+06
4.276101000000000000e+06
5.092670000000000000e+06
5.824498000000000000e+06
6.284854000000000000e+06
6.288443000000000000e+06
5.826952000000000000e+06
5.085622000000000000e+06
4.276341000000000000e+06
3.522421000000000000e+06
2.887932000000000000e+06
2.370898000000000000e+06
1.963014000000000000e+06
1.639355000000000000e+06
1.384008000000000000e+06
1.179287000000000000e+06
1.011889000000000000e+06
8.776010000000000000e+05
7.692350000000000000e+05
6.763420000000000000e+05
6.006500000000000000e+05
5.356400000000000000e+05
4.810500000000000000e+05
4.341970000000000000e+05
3.925980000000000000e+05
3.573960000000000000e+05
3.271350000000000000e+05
3.002080000000000000e+05
2.760330000000000000e+05
2.548740000000000000e+05
2.358090000000000000e+05
2.191080000000000000e+05
2.032520000000000000e+05
1.897760000000000000e+05
1.772440000000000000e+05
1.668510000000000000e+05
1.562270000000000000e+05
1.476730000000000000e+05
1.387020000000000000e+05
1.308520000000000000e+05
1.235340000000000000e+05
1.171620000000000000e+05
1.110780000000000000e+05
1.053710000000000000e+05
1.004080000000000000e+05
9.565800000000000000e+04
9.113100000000000000e+04
8.747400000000000000e+04
8.284900000000000000e+04
7.921000000000000000e+04
7.638800000000000000e+04
7.250300000000000000e+04
6.940100000000000000e+04
6.664900000000000000e+04
6.382600000000000000e+04
