6.476700000000000000e+04
6.722300000000000000e+04
6.987300000000000000e+04
7.286900000000000000e+04
7.614300000000000000e+04
7.924000000000000000e+04
8.226600000000000000e+04
8.755600000000000000e+04
9.117600000000000000e+04
9.591400000000000000e+04
1.007490000000000000e+05
1.056710000000000000e+05
1.112380000000000000e+05
1.176870000000000000e+05
1.242470000000000000e+05
1.312530000000000000e+05
1.386920000000000000e+05
1.468820000000000000e+05
1.568710000000000000e+05
1.667820000000000000e+05
1.781350000000000000e+05
1.907580000000000000e+05
2.035620000000000000e+05
2.184210000000000000e+05
2.364660000000000000e+05
2.549660000000000000e+05
2.747610000000000000e+05
2.991440000000000000e+05
3.271500000000000000e+05
3.569420000000000000e+05
3.929420000000000000e+05
4.330840000000000000e+05
4.811260000000000000e+05
5.359490000000000000e+05
6.006640000000000000e+05
6.781920000000000000e+05
7.696430000000000000e+05
8.791310000000000000e+05
1.013437000000000000e+06
1.178306000000000000e+06
1.382881000000000000e+06
1.639243000000000000e+06
1.962848000000000000e+06
2.370626000000000000e+06
2.884862000000000000e+06
3.523930000000000000e+06
4.276493000000000000e+06
5.091077000000000000e+06
5.833451000000000000e+06
6.279020000000000000e+06
6.284133000000000000e+06
5.820877000000000000e+06
5.093754000000000000e+06
4.272301000000000000e+06
3.524218000000000000e+06
2.887581000000000000e+06
2.370371000000000000e+06
1.961339000000000000e+06
1.638950000000000000e+06
1.381605000000000000e+06
1.178892000000000000e+06
1.012427000000000000e+06
8.804400000000000000e+05
7.670400000000000000e+05
6.773820000000000000e+05
6.019440000000000000e+05
5.362650000000000000e+05
4.806830000000000000e+05
4.327000000000000000e+05
3.925230000000000000e+05
3.576750000000000000e+05
3.266360000000000000e+05
2.995120000000000000e+05
2.759670000000000000e+05
2.548670000000000000e+05
2.351900000000000000e+05
2.182240000000000000e+05
2.033600000000000000e+05
1.902760000000000000e+05
1.778390000000000000e+05
1.664340000000000000e+05
1.559530000000000000e+05
1.465460000000000000e+05
1.391090000000000000e+05
1.310120000000000000e+05
1.238270000000000000e+05
1.163980000000000000e+05
1.111830000000000000e+05
1.059170000000000000e+05
1.006130000000000000e+05
9.555000000000000000e+04
9.104200000000000000e+04
8.684300000000000000e+04
8.226100000000000000e+04
8.017900000000000000e+04
7.569900000000000000e+04
7.260600000000000000e+04
7.017200000000000000e+04
6.664400000000000000e+04
6.392800000000000000e+04
