6.444600000000000000e+04
6.721800000000000000e+04
6.935000000000000000e+04
7.292700000000000000e+04
7.623400000000000000e+04
7.952900000000000000e+04
8.302800000000000000e+04
8.615700000000000000e+04
9.117800000000000000e+04
9.517100000000000000e+04
1.000970000000000000e+05
1.061850000000000000e+05
1.110410000000000000e+05
1.177420000000000000e+05
1.234390000000000000e+05
1.310760000000000000e+05
1.385250000000000000e+05
1.473670000000000000e+05
1.560120000000000000e+05
1.663130000000000000e+05
1.778380000000000000e+05
1.899990000000000000e+05
2.039170000000000000e+05
2.187270000000000000e+05
2.354640000000000000e+05
2.552660000000000000e+05
2.750550000000000000e+05
3.011900000000000000e+05
3.260430000000000000e+05
3.591410000000000000e+05
3.926470000000000000e+05
4.342060000000000000e+05
4.806010000000000000e+05
5.356580000000000000e+05
6.010700000000000000e+05
6.772430000000000000e+05
7.689910000000000000e+05
8.789140000000000000e+05
1.012857000000000000e+06
1.178087000000000000e+06
1.383550000000000000e+06
1.639248000000000000e+06
1.963455000000000000e+06
2.371015000000000000e+06
2.886363000000000000e+06
3.524301000000000000e+06
4.277143000000000000e+06
5.089656000000000000e+06
5.831415000000000000e+06
6.283765000000000000e+06
6.277834000000000000e+06
5.826632000000000000e+06
5.091157000000000000e+06
4.275924000000000000e+06
3.523365000000000000e+06
2.884568000000000000e+06
2.372036000000000000e+06
1.961335000000000000e+06
1.637907000000000000e+06
1.383349000000000000e+06
1.179403000000000000e+06
1.014183000000000000e+06
8.787370000000000000e+05
7.703320000000000000e+05
6.765340000000000000e+05
6.005000000000000000e+05
5.362040000000000000e+05
4.800190000000000000e+05
4.337140000000000000e+05
3.932040000000000000e+05
3.576510000000000000e+05
3.271840000000000000e+05
2.993350000000000000e+05
2.757700000000000000e+05
2.548350000000000000e+05
2.353430000000000000e+05
2.190120000000000000e+05
2.031570000000000000e+05
1.897620000000000000e+05
1.772000000000000000e+05
1.663150000000000000e+05
1.567010000000000000e+05
1.471490000000000000e+05
1.393840000000000000e+05
1.313030000000000000e+05
1.240400000000000000e+05
1.171550000000000000e+05
1.115080000000000000e+05
1.057900000000000000e+05
1.005490000000000000e+05
9.589000000000000000e+04
9.132300000000000000e+04
8.676800000000000000e+04
8.345000000000000000e+04
7.950000000000000000e+04
7.550800000000000000e+04
7.317800000000000000e+04
6.946000000000000000e+04
6.699500000000000000e+04
6.459600000000000000e+04
