6.245000000000000000e+03
6.319000000000000000e+03
6.250000000000000000e+03
6.269000000000000000e+03
6.278000000000000000e+03
6.397000000000000000e+03
6.399000000000000000e+03
6.613000000000000000e+03
6.478000000000000000e+03
6.580000000000000000e+03
6.601000000000000000e+03
6.730000000000000000e+03
6.632000000000000000e+03
6.691000000000000000e+03
6.633000000000000000e+03
6.710000000000000000e+03
6.812000000000000000e+03
6.703000000000000000e+03
6.936000000000000000e+03
6.905000000000000000e+03
6.881000000000000000e+03
6.966000000000000000e+03
6.913000000000000000e+03
7.018000000000000000e+03
6.878000000000000000e+03
6.928000000000000000e+03
6.934000000000000000e+03
7.068000000000000000e+03
7.232000000000000000e+03
7.239000000000000000e+03
7.141000000000000000e+03
7.284000000000000000e+03
7.208000000000000000e+03
7.254000000000000000e+03
7.333000000000000000e+03
7.266000000000000000e+03
7.421000000000000000e+03
7.367000000000000000e+03
7.262000000000000000e+03
7.235000000000000000e+03
7.438000000000000000e+03
7.459000000000000000e+03
7.385000000000000000e+03
7.607000000000000000e+03
7.623000000000000000e+03
7.586000000000000000e+03
7.591000000000000000e+03
7.595000000000000000e+03
7.593000000000000000e+03
7.673000000000000000e+03
7.954000000000000000e+03
7.868000000000000000e+03
7.743000000000000000e+03
7.810000000000000000e+03
7.885000000000000000e+03
8.067000000000000000e+03
7.998000000000000000e+03
7.909000000000000000e+03
8.011000000000000000e+03
8.002000000000000000e+03
8.004000000000000000e+03
8.092000000000000000e+03
8.119000000000000000e+03
8.266000000000000000e+03
8.408000000000000000e+03
8.380000000000000000e+03
8.339000000000000000e+03
8.575000000000000000e+03
8.539000000000000000e+03
8.539000000000000000e+03
8.342000000000000000e+03
8.562000000000000000e+03
8.357000000000000000e+03
8.670000000000000000e+03
8.666000000000000000e+03
8.773000000000000000e+03
8.713000000000000000e+03
8.695000000000000000e+03
8.883000000000000000e+03
8.762000000000000000e+03
8.795000000000000000e+03
9.094000000000000000e+03
8.999000000000000000e+03
8.992000000000000000e+03
9.208000000000000000e+03
9.227000000000000000e+03
9.236000000000000000e+03
9.155000000000000000e+03
9.232000000000000000e+03
9.197000000000000000e+03
9.354000000000000000e+03
9.470000000000000000e+03
9.603000000000000000e+03
9.540000000000000000e+03
9.569000000000000000e+03
9.357000000000000000e+03
9.419000000000000000e+03
9.574000000000000000e+03
9.574000000000000000e+03
9.934000000000000000e+03
9.760000000000000000e+03
9.959000000000000000e+03
9.944000000000000000e+03
1.000800000000000000e+04
9.939000000000000000e+03
9.985000000000000000e+03
1.009400000000000000e+04
1.011600000000000000e+04
1.030200000000000000e+04
1.034700000000000000e+04
1.019800000000000000e+04
1.042500000000000000e+04
1.050600000000000000e+04
1.084700000000000000e+04
1.043400000000000000e+04
1.051800000000000000e+04
1.074200000000000000e+04
1.076500000000000000e+04
1.076500000000000000e+04
1.098400000000000000e+04
1.085600000000000000e+04
1.091200000000000000e+04
1.085700000000000000e+04
1.092800000000000000e+04
1.096200000000000000e+04
1.111200000000000000e+04
1.118600000000000000e+04
1.118300000000000000e+04
1.127000000000000000e+04
1.131300000000000000e+04
1.140700000000000000e+04
1.149600000000000000e+04
1.150300000000000000e+04
1.174200000000000000e+04
1.189600000000000000e+04
1.178400000000000000e+04
1.188400000000000000e+04
1.205200000000000000e+04
1.200800000000000000e+04
1.194400000000000000e+04
1.198100000000000000e+04
1.214000000000000000e+04
1.211500000000000000e+04
1.218900000000000000e+04
1.210200000000000000e+04
1.230500000000000000e+04
1.261900000000000000e+04
1.253900000000000000e+04
1.258800000000000000e+04
1.268300000000000000e+04
1.265300000000000000e+04
1.292300000000000000e+04
1.296200000000000000e+04
1.292800000000000000e+04
1.300400000000000000e+04
1.308400000000000000e+04
1.333400000000000000e+04
1.304300000000000000e+04
1.337200000000000000e+04
1.359100000000000000e+04
1.360200000000000000e+04
1.364400000000000000e+04
1.328600000000000000e+04
1.360900000000000000e+04
1.386300000000000000e+04
1.409500000000000000e+04
1.384200000000000000e+04
1.437700000000000000e+04
1.437300000000000000e+04
1.429500000000000000e+04
1.450100000000000000e+04
1.450100000000000000e+04
1.461000000000000000e+04
1.447200000000000000e+04
1.472200000000000000e+04
1.483100000000000000e+04
1.508500000000000000e+04
1.496900000000000000e+04
1.491400000000000000e+04
1.528900000000000000e+04
1.505300000000000000e+04
1.526300000000000000e+04
1.521300000000000000e+04
1.553100000000000000e+04
1.548500000000000000e+04
1.554200000000000000e+04
1.579100000000000000e+04
1.579300000000000000e+04
1.597800000000000000e+04
1.599800000000000000e+04
1.611600000000000000e+04
1.649000000000000000e+04
1.643100000000000000e+04
1.657600000000000000e+04
1.678100000000000000e+04
1.661100000000000000e+04
1.670400000000000000e+04
1.674200000000000000e+04
1.711900000000000000e+04
1.743500000000000000e+04
1.715700000000000000e+04
1.765600000000000000e+04
1.755200000000000000e+04
1.793500000000000000e+04
1.765800000000000000e+04
1.780700000000000000e+04
1.789500000000000000e+04
1.816600000000000000e+04
1.807000000000000000e+04
1.854100000000000000e+04
1.827900000000000000e+04
1.862000000000000000e+04
1.866700000000000000e+04
1.903800000000000000e+04
1.880200000000000000e+04
1.909900000000000000e+04
1.916500000000000000e+04
1.936700000000000000e+04
1.930000000000000000e+04
1.972700000000000000e+04
1.967800000000000000e+04
1.990500000000000000e+04
1.988600000000000000e+04
2.015600000000000000e+04
2.025300000000000000e+04
2.050500000000000000e+04
2.069300000000000000e+04
2.069500000000000000e+04
2.080600000000000000e+04
2.102500000000000000e+04
2.107800000000000000e+04
2.127000000000000000e+04
2.143000000000000000e+04
2.161900000000000000e+04
2.188700000000000000e+04
2.222000000000000000e+04
2.246300000000000000e+04
2.227900000000000000e+04
2.225700000000000000e+04
2.254600000000000000e+04
2.278000000000000000e+04
2.309200000000000000e+04
2.329500000000000000e+04
2.321200000000000000e+04
2.359300000000000000e+04
2.363000000000000000e+04
2.361900000000000000e+04
2.395900000000000000e+04
2.423700000000000000e+04
2.435700000000000000e+04
2.413200000000000000e+04
2.489900000000000000e+04
2.519000000000000000e+04
2.533100000000000000e+04
2.525400000000000000e+04
2.562400000000000000e+04
2.548200000000000000e+04
2.587000000000000000e+04
2.629800000000000000e+04
2.630100000000000000e+04
2.650200000000000000e+04
2.676300000000000000e+04
2.710900000000000000e+04
2.709400000000000000e+04
2.760900000000000000e+04
2.782900000000000000e+04
2.792200000000000000e+04
2.812400000000000000e+04
2.850700000000000000e+04
2.871300000000000000e+04
2.869400000000000000e+04
2.878700000000000000e+04
2.931800000000000000e+04
2.958400000000000000e+04
2.973800000000000000e+04
3.026300000000000000e+04
3.021700000000000000e+04
3.095300000000000000e+04
3.132300000000000000e+04
3.103400000000000000e+04
3.158500000000000000e+04
3.154700000000000000e+04
3.195900000000000000e+04
3.213500000000000000e+04
3.241800000000000000e+04
3.282200000000000000e+04
3.310700000000000000e+04
3.305100000000000000e+04
3.359500000000000000e+04
3.427800000000000000e+04
3.408900000000000000e+04
3.476400000000000000e+04
3.506400000000000000e+04
3.503900000000000000e+04
3.546700000000000000e+04
3.598300000000000000e+04
3.603600000000000000e+04
3.647100000000000000e+04
3.687700000000000000e+04
3.738200000000000000e+04
3.777000000000000000e+04
3.818800000000000000e+04
3.812200000000000000e+04
3.858200000000000000e+04
3.942500000000000000e+04
3.954600000000000000e+04
3.969300000000000000e+04
4.038900000000000000e+04
4.065300000000000000e+04
4.124800000000000000e+04
4.145000000000000000e+04
4.144800000000000000e+04
4.202000000000000000e+04
4.300900000000000000e+04
4.313700000000000000e+04
4.351000000000000000e+04
4.394900000000000000e+04
4.436100000000000000e+04
4.509700000000000000e+04
4.551300000000000000e+04
4.620300000000000000e+04
4.594800000000000000e+04
4.689600000000000000e+04
4.753200000000000000e+04
4.804400000000000000e+04
4.807100000000000000e+04
4.855200000000000000e+04
4.919700000000000000e+04
4.987500000000000000e+04
5.034300000000000000e+04
5.081400000000000000e+04
5.158900000000000000e+04
5.229700000000000000e+04
5.298300000000000000e+04
5.321200000000000000e+04
5.377100000000000000e+04
5.448500000000000000e+04
5.487300000000000000e+04
5.570500000000000000e+04
5.639300000000000000e+04
5.716300000000000000e+04
5.746000000000000000e+04
5.844300000000000000e+04
5.885600000000000000e+04
5.956100000000000000e+04
6.032100000000000000e+04
6.098300000000000000e+04
6.200900000000000000e+04
6.272000000000000000e+04
6.340300000000000000e+04
6.423700000000000000e+04
6.476600000000000000e+04
6.554300000000000000e+04
6.631200000000000000e+04
6.745500000000000000e+04
6.804300000000000000e+04
6.870900000000000000e+04
6.994500000000000000e+04
7.073600000000000000e+04
7.163500000000000000e+04
7.250200000000000000e+04
7.348800000000000000e+04
7.432800000000000000e+04
7.486400000000000000e+04
7.653200000000000000e+04
7.743200000000000000e+04
7.814200000000000000e+04
7.906900000000000000e+04
8.056500000000000000e+04
8.147300000000000000e+04
8.296500000000000000e+04
8.361700000000000000e+04
8.414300000000000000e+04
8.590000000000000000e+04
8.677500000000000000e+04
8.845700000000000000e+04
8.990200000000000000e+04
9.121500000000000000e+04
9.192400000000000000e+04
9.340200000000000000e+04
9.542200000000000000e+04
9.658900000000000000e+04
9.810700000000000000e+04
9.883200000000000000e+04
1.004820000000000000e+05
1.017510000000000000e+05
1.029550000000000000e+05
1.051700000000000000e+05
1.065890000000000000e+05
1.081060000000000000e+05
1.099360000000000000e+05
1.116400000000000000e+05
1.129920000000000000e+05
1.153460000000000000e+05
1.166990000000000000e+05
1.182670000000000000e+05
1.209480000000000000e+05
1.227740000000000000e+05
1.244210000000000000e+05
1.259010000000000000e+05
1.278970000000000000e+05
1.301490000000000000e+05
1.328470000000000000e+05
1.347010000000000000e+05
1.368080000000000000e+05
1.392500000000000000e+05
1.413480000000000000e+05
1.443800000000000000e+05
1.463760000000000000e+05
1.485360000000000000e+05
1.512620000000000000e+05
1.547600000000000000e+05
1.567280000000000000e+05
1.599260000000000000e+05
1.625910000000000000e+05
1.644810000000000000e+05
1.683150000000000000e+05
1.711770000000000000e+05
1.741150000000000000e+05
1.771580000000000000e+05
1.805570000000000000e+05
1.837510000000000000e+05
1.874420000000000000e+05
1.899370000000000000e+05
1.947680000000000000e+05
1.972960000000000000e+05
2.016630000000000000e+05
2.052860000000000000e+05
2.094210000000000000e+05
2.128960000000000000e+05
2.172130000000000000e+05
2.213440000000000000e+05
2.245620000000000000e+05
2.301690000000000000e+05
2.345970000000000000e+05
2.388950000000000000e+05
2.437840000000000000e+05
2.480160000000000000e+05
2.535210000000000000e+05
2.587410000000000000e+05
2.641110000000000000e+05
2.690720000000000000e+05
2.746080000000000000e+05
2.792380000000000000e+05
2.866840000000000000e+05
2.905730000000000000e+05
2.975630000000000000e+05
3.033650000000000000e+05
3.089230000000000000e+05
3.157420000000000000e+05
3.204400000000000000e+05
3.274850000000000000e+05
3.358300000000000000e+05
3.412460000000000000e+05
3.484710000000000000e+05
3.551820000000000000e+05
3.618600000000000000e+05
3.698030000000000000e+05
3.755700000000000000e+05
3.843760000000000000e+05
3.920450000000000000e+05
4.013590000000000000e+05
4.068630000000000000e+05
4.163050000000000000e+05
4.239360000000000000e+05
4.295540000000000000e+05
4.387140000000000000e+05
4.468100000000000000e+05
4.547410000000000000e+05
4.644620000000000000e+05
4.718280000000000000e+05
4.798260000000000000e+05
4.872130000000000000e+05
4.970040000000000000e+05
5.049730000000000000e+05
5.149040000000000000e+05
5.199490000000000000e+05
5.286850000000000000e+05
5.369390000000000000e+05
5.451620000000000000e+05
5.519690000000000000e+05
5.587050000000000000e+05
5.677580000000000000e+05
5.738440000000000000e+05
5.816970000000000000e+05
5.875190000000000000e+05
5.932460000000000000e+05
5.996800000000000000e+05
6.044790000000000000e+05
6.085470000000000000e+05
6.144230000000000000e+05
6.198620000000000000e+05
6.212630000000000000e+05
6.250520000000000000e+05
6.284610000000000000e+05
6.300980000000000000e+05
6.341100000000000000e+05
6.360940000000000000e+05
6.361420000000000000e+05
6.354120000000000000e+05
6.360510000000000000e+05
6.363680000000000000e+05
6.362020000000000000e+05
6.346830000000000000e+05
6.320040000000000000e+05
6.287070000000000000e+05
6.269340000000000000e+05
6.226140000000000000e+05
6.198560000000000000e+05
6.135610000000000000e+05
6.094960000000000000e+05
6.031050000000000000e+05
5.974350000000000000e+05
5.940000000000000000e+05
5.866750000000000000e+05
5.810910000000000000e+05
5.744550000000000000e+05
5.664320000000000000e+05
5.590150000000000000e+05
5.519040000000000000e+05
5.449270000000000000e+05
5.376550000000000000e+05
5.298810000000000000e+05
5.210640000000000000e+05
5.131730000000000000e+05
5.062050000000000000e+05
4.954030000000000000e+05
4.885820000000000000e+05
4.809200000000000000e+05
4.710360000000000000e+05
4.638400000000000000e+05
4.570440000000000000e+05
4.472240000000000000e+05
4.398760000000000000e+05
4.316440000000000000e+05
4.235200000000000000e+05
4.148600000000000000e+05
4.072720000000000000e+05
4.008110000000000000e+05
3.934100000000000000e+05
3.843880000000000000e+05
3.768530000000000000e+05
3.696640000000000000e+05
3.629080000000000000e+05
3.564570000000000000e+05
3.483730000000000000e+05
3.420410000000000000e+05
3.345060000000000000e+05
3.271670000000000000e+05
3.225250000000000000e+05
3.149270000000000000e+05
3.088270000000000000e+05
3.034340000000000000e+05
2.959420000000000000e+05
2.907290000000000000e+05
2.854800000000000000e+05
2.797410000000000000e+05
2.733810000000000000e+05
2.692520000000000000e+05
2.633750000000000000e+05
2.588090000000000000e+05
2.531740000000000000e+05
2.485420000000000000e+05
2.441600000000000000e+05
2.394040000000000000e+05
2.345290000000000000e+05
2.296070000000000000e+05
2.263300000000000000e+05
2.204660000000000000e+05
2.166650000000000000e+05
2.128260000000000000e+05
2.089750000000000000e+05
2.057600000000000000e+05
2.019000000000000000e+05
1.982170000000000000e+05
1.946920000000000000e+05
1.904810000000000000e+05
1.879150000000000000e+05
1.836940000000000000e+05
1.802050000000000000e+05
1.768010000000000000e+05
1.738250000000000000e+05
1.712650000000000000e+05
1.678650000000000000e+05
1.649270000000000000e+05
1.626530000000000000e+05
1.593640000000000000e+05
1.571770000000000000e+05
1.536160000000000000e+05
1.509480000000000000e+05
1.492320000000000000e+05
1.465690000000000000e+05
1.437080000000000000e+05
1.411570000000000000e+05
1.394160000000000000e+05
1.373020000000000000e+05
1.340400000000000000e+05
1.329880000000000000e+05
1.301800000000000000e+05
1.287480000000000000e+05
1.257260000000000000e+05
1.240150000000000000e+05
1.222160000000000000e+05
1.199340000000000000e+05
1.187000000000000000e+05
1.166530000000000000e+05
1.152270000000000000e+05
1.134190000000000000e+05
1.118120000000000000e+05
1.103620000000000000e+05
1.081930000000000000e+05
1.069360000000000000e+05
1.052200000000000000e+05
1.034460000000000000e+05
1.019200000000000000e+05
1.000770000000000000e+05
9.941000000000000000e+04
9.786300000000000000e+04
9.611000000000000000e+04
9.492100000000000000e+04
9.390400000000000000e+04
9.201400000000000000e+04
9.066500000000000000e+04
8.921200000000000000e+04
8.904800000000000000e+04
8.710500000000000000e+04
8.616300000000000000e+04
8.513400000000000000e+04
8.402700000000000000e+04
8.195500000000000000e+04
8.189400000000000000e+04
8.104100000000000000e+04
7.986200000000000000e+04
7.839900000000000000e+04
7.728700000000000000e+04
7.613900000000000000e+04
7.535200000000000000e+04
7.444800000000000000e+04
7.340900000000000000e+04
7.269100000000000000e+04
7.169200000000000000e+04
7.120700000000000000e+04
7.002000000000000000e+04
6.864700000000000000e+04
6.848200000000000000e+04
6.729800000000000000e+04
6.652400000000000000e+04
6.556000000000000000e+04
6.498600000000000000e+04
6.410900000000000000e+04
6.381600000000000000e+04
6.253300000000000000e+04
6.196000000000000000e+04
6.122600000000000000e+04
6.027600000000000000e+04
5.967900000000000000e+04
5.928800000000000000e+04
5.802500000000000000e+04
5.777000000000000000e+04
5.711100000000000000e+04
5.644300000000000000e+04
5.553300000000000000e+04
5.506000000000000000e+04
5.384400000000000000e+04
5.389200000000000000e+04
5.326500000000000000e+04
5.274000000000000000e+04
5.244400000000000000e+04
5.131600000000000000e+04
5.097300000000000000e+04
5.052100000000000000e+04
4.995000000000000000e+04
4.899400000000000000e+04
4.882900000000000000e+04
4.796600000000000000e+04
4.734900000000000000e+04
4.744400000000000000e+04
4.660400000000000000e+04
4.615900000000000000e+04
4.590700000000000000e+04
4.520500000000000000e+04
4.487000000000000000e+04
4.410200000000000000e+04
4.407200000000000000e+04
4.358000000000000000e+04
4.336900000000000000e+04
4.251100000000000000e+04
4.231300000000000000e+04
4.184200000000000000e+04
4.174200000000000000e+04
4.119600000000000000e+04
4.070900000000000000e+04
4.041800000000000000e+04
3.980400000000000000e+04
3.955900000000000000e+04
3.902600000000000000e+04
3.884900000000000000e+04
3.854900000000000000e+04
3.814100000000000000e+04
3.766300000000000000e+04
3.739900000000000000e+04
3.696800000000000000e+04
3.617200000000000000e+04
3.616000000000000000e+04
3.594900000000000000e+04
3.548600000000000000e+04
3.537700000000000000e+04
3.483400000000000000e+04
3.466400000000000000e+04
3.421900000000000000e+04
3.392800000000000000e+04
3.361300000000000000e+04
3.353800000000000000e+04
3.292600000000000000e+04
3.265900000000000000e+04
3.274400000000000000e+04
3.210400000000000000e+04
3.189200000000000000e+04
3.187200000000000000e+04
3.157000000000000000e+04
3.111000000000000000e+04
3.102200000000000000e+04
3.053000000000000000e+04
3.030400000000000000e+04
3.010000000000000000e+04
2.957300000000000000e+04
2.957200000000000000e+04
2.941800000000000000e+04
2.942800000000000000e+04
2.880400000000000000e+04
2.863200000000000000e+04
2.869800000000000000e+04
2.802100000000000000e+04
2.796300000000000000e+04
2.761800000000000000e+04
2.735500000000000000e+04
2.719900000000000000e+04
2.743800000000000000e+04
2.666300000000000000e+04
2.645200000000000000e+04
2.649400000000000000e+04
2.621100000000000000e+04
2.582800000000000000e+04
2.543700000000000000e+04
2.567600000000000000e+04
2.547800000000000000e+04
2.537600000000000000e+04
2.491200000000000000e+04
2.481400000000000000e+04
2.455100000000000000e+04
2.401900000000000000e+04
2.415700000000000000e+04
2.428000000000000000e+04
2.380000000000000000e+04
2.363700000000000000e+04
2.371400000000000000e+04
2.317900000000000000e+04
2.304300000000000000e+04
2.274900000000000000e+04
2.303400000000000000e+04
2.243200000000000000e+04
2.242400000000000000e+04
2.213000000000000000e+04
2.221600000000000000e+04
2.205400000000000000e+04
2.161200000000000000e+04
2.161900000000000000e+04
2.136900000000000000e+04
2.108300000000000000e+04
2.136000000000000000e+04
2.089100000000000000e+04
2.094600000000000000e+04
2.065600000000000000e+04
2.053500000000000000e+04
2.074500000000000000e+04
2.018300000000000000e+04
1.993100000000000000e+04
1.988500000000000000e+04
1.998800000000000000e+04
1.973300000000000000e+04
1.983800000000000000e+04
1.954900000000000000e+04
1.917700000000000000e+04
1.915100000000000000e+04
1.926000000000000000e+04
1.895000000000000000e+04
1.881800000000000000e+04
1.857200000000000000e+04
1.841800000000000000e+04
1.833700000000000000e+04
1.832100000000000000e+04
1.784300000000000000e+04
1.805500000000000000e+04
1.801500000000000000e+04
1.780400000000000000e+04
1.755400000000000000e+04
1.766400000000000000e+04
1.749600000000000000e+04
1.737200000000000000e+04
1.716500000000000000e+04
1.703100000000000000e+04
1.708500000000000000e+04
1.673000000000000000e+04
1.688900000000000000e+04
1.693100000000000000e+04
1.668400000000000000e+04
1.637700000000000000e+04
1.666100000000000000e+04
1.638100000000000000e+04
1.612200000000000000e+04
1.616200000000000000e+04
1.606700000000000000e+04
1.588900000000000000e+04
1.601900000000000000e+04
1.579700000000000000e+04
1.534500000000000000e+04
1.560700000000000000e+04
1.542300000000000000e+04
1.534000000000000000e+04
1.502000000000000000e+04
1.522200000000000000e+04
1.506600000000000000e+04
1.474500000000000000e+04
1.496700000000000000e+04
1.461100000000000000e+04
1.463700000000000000e+04
1.457700000000000000e+04
1.471800000000000000e+04
1.437200000000000000e+04
1.429000000000000000e+04
1.419600000000000000e+04
1.430200000000000000e+04
1.415900000000000000e+04
1.394800000000000000e+04
1.374000000000000000e+04
1.372600000000000000e+04
1.396300000000000000e+04
1.387000000000000000e+04
1.355600000000000000e+04
1.354600000000000000e+04
1.348400000000000000e+04
1.326800000000000000e+04
1.323200000000000000e+04
1.328200000000000000e+04
1.307300000000000000e+04
1.341600000000000000e+04
1.305100000000000000e+04
1.296200000000000000e+04
1.290100000000000000e+04
1.265900000000000000e+04
1.265200000000000000e+04
1.263800000000000000e+04
1.270100000000000000e+04
1.261900000000000000e+04
1.217700000000000000e+04
1.223100000000000000e+04
1.224300000000000000e+04
1.240600000000000000e+04
1.203100000000000000e+04
1.220200000000000000e+04
1.207800000000000000e+04
1.186400000000000000e+04
1.198600000000000000e+04
1.174200000000000000e+04
1.194000000000000000e+04
1.148800000000000000e+04
1.145600000000000000e+04
1.151200000000000000e+04
1.144400000000000000e+04
1.147200000000000000e+04
1.147800000000000000e+04
1.134600000000000000e+04
1.146500000000000000e+04
1.116200000000000000e+04
1.114700000000000000e+04
1.119100000000000000e+04
1.106200000000000000e+04
1.091900000000000000e+04
1.074200000000000000e+04
1.088300000000000000e+04
1.085400000000000000e+04
1.068300000000000000e+04
1.060500000000000000e+04
1.059800000000000000e+04
1.053600000000000000e+04
1.047200000000000000e+04
1.028300000000000000e+04
1.034900000000000000e+04
1.042000000000000000e+04
1.040700000000000000e+04
1.010100000000000000e+04
1.025200000000000000e+04
1.000500000000000000e+04
1.018800000000000000e+04
1.017300000000000000e+04
9.855000000000000000e+03
9.800000000000000000e+03
1.008400000000000000e+04
9.739000000000000000e+03
9.863000000000000000e+03
9.690000000000000000e+03
9.692000000000000000e+03
9.657000000000000000e+03
9.547000000000000000e+03
9.539000000000000000e+03
9.498000000000000000e+03
9.559000000000000000e+03
9.392000000000000000e+03
9.446000000000000000e+03
9.312000000000000000e+03
9.140000000000000000e+03
9.180000000000000000e+03
9.385000000000000000e+03
9.164000000000000000e+03
9.276000000000000000e+03
8.969000000000000000e+03
8.987000000000000000e+03
9.094000000000000000e+03
8.776000000000000000e+03
8.879000000000000000e+03
8.988000000000000000e+03
8.787000000000000000e+03
8.734000000000000000e+03
8.766000000000000000e+03
8.624000000000000000e+03
8.850000000000000000e+03
8.659000000000000000e+03
8.691000000000000000e+03
8.413000000000000000e+03
8.476000000000000000e+03
8.359000000000000000e+03
8.496000000000000000e+03
8.436000000000000000e+03
8.433000000000000000e+03
8.249000000000000000e+03
8.238000000000000000e+03
8.266000000000000000e+03
8.221000000000000000e+03
8.227000000000000000e+03
8.155000000000000000e+03
7.832000000000000000e+03
8.030000000000000000e+03
8.026000000000000000e+03
8.080000000000000000e+03
7.833000000000000000e+03
7.832000000000000000e+03
7.932000000000000000e+03
7.808000000000000000e+03
7.678000000000000000e+03
7.846000000000000000e+03
7.759000000000000000e+03
7.680000000000000000e+03
7.647000000000000000e+03
7.759000000000000000e+03
7.555000000000000000e+03
7.547000000000000000e+03
7.563000000000000000e+03
7.433000000000000000e+03
7.455000000000000000e+03
7.508000000000000000e+03
7.344000000000000000e+03
7.398000000000000000e+03
7.441000000000000000e+03
7.198000000000000000e+03
7.359000000000000000e+03
7.386000000000000000e+03
7.218000000000000000e+03
7.149000000000000000e+03
7.125000000000000000e+03
7.198000000000000000e+03
7.112000000000000000e+03
7.185000000000000000e+03
7.212000000000000000e+03
6.964000000000000000e+03
6.920000000000000000e+03
6.954000000000000000e+03
6.941000000000000000e+03
6.931000000000000000e+03
7.042000000000000000e+03
6.950000000000000000e+03
6.932000000000000000e+03
6.851000000000000000e+03
6.732000000000000000e+03
6.782000000000000000e+03
6.671000000000000000e+03
6.648000000000000000e+03
6.723000000000000000e+03
6.621000000000000000e+03
6.596000000000000000e+03
6.569000000000000000e+03
6.472000000000000000e+03
6.519000000000000000e+03
6.556000000000000000e+03
6.357000000000000000e+03
6.427000000000000000e+03
6.453000000000000000e+03
6.430000000000000000e+03
6.408000000000000000e+03
6.258000000000000000e+03
6.228000000000000000e+03
