6.294000000000000000e+03
6.264000000000000000e+03
6.350000000000000000e+03
6.526000000000000000e+03
6.245000000000000000e+03
6.491000000000000000e+03
6.447000000000000000e+03
6.441000000000000000e+03
6.615000000000000000e+03
6.626000000000000000e+03
6.519000000000000000e+03
6.559000000000000000e+03
6.495000000000000000e+03
6.780000000000000000e+03
6.719000000000000000e+03
6.741000000000000000e+03
6.762000000000000000e+03
6.770000000000000000e+03
6.830000000000000000e+03
6.909000000000000000e+03
6.826000000000000000e+03
6.893000000000000000e+03
6.773000000000000000e+03
7.008000000000000000e+03
6.999000000000000000e+03
6.884000000000000000e+03
7.102000000000000000e+03
7.079000000000000000e+03
7.108000000000000000e+03
6.983000000000000000e+03
7.066000000000000000e+03
7.220000000000000000e+03
7.142000000000000000e+03
7.319000000000000000e+03
7.345000000000000000e+03
7.340000000000000000e+03
7.508000000000000000e+03
7.310000000000000000e+03
7.458000000000000000e+03
7.576000000000000000e+03
7.478000000000000000e+03
7.468000000000000000e+03
7.489000000000000000e+03
7.486000000000000000e+03
7.549000000000000000e+03
7.618000000000000000e+03
7.721000000000000000e+03
7.602000000000000000e+03
7.715000000000000000e+03
7.740000000000000000e+03
7.883000000000000000e+03
7.743000000000000000e+03
7.994000000000000000e+03
7.843000000000000000e+03
7.688000000000000000e+03
8.125000000000000000e+03
8.120000000000000000e+03
7.828000000000000000e+03
7.848000000000000000e+03
8.036000000000000000e+03
8.153000000000000000e+03
8.128000000000000000e+03
8.399000000000000000e+03
8.246000000000000000e+03
8.195000000000000000e+03
8.400000000000000000e+03
8.340000000000000000e+03
8.323000000000000000e+03
8.433000000000000000e+03
8.376000000000000000e+03
8.567000000000000000e+03
8.648000000000000000e+03
8.679000000000000000e+03
8.620000000000000000e+03
8.802000000000000000e+03
8.925000000000000000e+03
8.902000000000000000e+03
8.747000000000000000e+03
8.882000000000000000e+03
8.881000000000000000e+03
8.871000000000000000e+03
8.998000000000000000e+03
8.908000000000000000e+03
9.040000000000000000e+03
9.155000000000000000e+03
9.157000000000000000e+03
9.069000000000000000e+03
9.277000000000000000e+03
9.011000000000000000e+03
9.136000000000000000e+03
9.257000000000000000e+03
9.468000000000000000e+03
9.574000000000000000e+03
9.664000000000000000e+03
9.459000000000000000e+03
9.600000000000000000e+03
9.589000000000000000e+03
9.728000000000000000e+03
9.841000000000000000e+03
9.840000000000000000e+03
9.724000000000000000e+03
9.962000000000000000e+03
9.677000000000000000e+03
9.984000000000000000e+03
1.008800000000000000e+04
1.020600000000000000e+04
1.005900000000000000e+04
1.030200000000000000e+04
1.036800000000000000e+04
1.036100000000000000e+04
1.027700000000000000e+04
1.047300000000000000e+04
1.013300000000000000e+04
1.066700000000000000e+04
1.069000000000000000e+04
1.037000000000000000e+04
1.068500000000000000e+04
1.081200000000000000e+04
1.059600000000000000e+04
1.079900000000000000e+04
1.081000000000000000e+04
1.085100000000000000e+04
1.105900000000000000e+04
1.111900000000000000e+04
1.113400000000000000e+04
1.123700000000000000e+04
1.094200000000000000e+04
1.126400000000000000e+04
1.119500000000000000e+04
1.139600000000000000e+04
1.137900000000000000e+04
1.167600000000000000e+04
1.156300000000000000e+04
1.170700000000000000e+04
1.170500000000000000e+04
1.164800000000000000e+04
1.183900000000000000e+04
1.185600000000000000e+04
1.195400000000000000e+04
1.218000000000000000e+04
1.222900000000000000e+04
1.209100000000000000e+04
1.218100000000000000e+04
1.240900000000000000e+04
1.242600000000000000e+04
1.247800000000000000e+04
1.234000000000000000e+04
1.248400000000000000e+04
1.256100000000000000e+04
1.262900000000000000e+04
1.275900000000000000e+04
1.295700000000000000e+04
1.317100000000000000e+04
1.298800000000000000e+04
1.302500000000000000e+04
1.295200000000000000e+04
1.330000000000000000e+04
1.326700000000000000e+04
1.354800000000000000e+04
1.337700000000000000e+04
1.359900000000000000e+04
1.397700000000000000e+04
1.360200000000000000e+04
1.387000000000000000e+04
1.373400000000000000e+04
1.403500000000000000e+04
1.392000000000000000e+04
1.406900000000000000e+04
1.422100000000000000e+04
1.428400000000000000e+04
1.422400000000000000e+04
1.432200000000000000e+04
1.446100000000000000e+04
1.432700000000000000e+04
1.460100000000000000e+04
1.472100000000000000e+04
1.477000000000000000e+04
1.488900000000000000e+04
1.497800000000000000e+04
1.500500000000000000e+04
1.531100000000000000e+04
1.549100000000000000e+04
1.562100000000000000e+04
1.550900000000000000e+04
1.556600000000000000e+04
1.570200000000000000e+04
1.586900000000000000e+04
1.585800000000000000e+04
1.614400000000000000e+04
1.607900000000000000e+04
1.607900000000000000e+04
1.637100000000000000e+04
1.642800000000000000e+04
1.663200000000000000e+04
1.679400000000000000e+04
1.674600000000000000e+04
1.665100000000000000e+04
1.676700000000000000e+04
1.705300000000000000e+04
1.702100000000000000e+04
1.728400000000000000e+04
1.728300000000000000e+04
1.750900000000000000e+04
1.750800000000000000e+04
1.781200000000000000e+04
1.767500000000000000e+04
1.801200000000000000e+04
1.809300000000000000e+04
1.807700000000000000e+04
1.837000000000000000e+04
1.856600000000000000e+04
1.847400000000000000e+04
1.880600000000000000e+04
1.877100000000000000e+04
1.902800000000000000e+04
1.910600000000000000e+04
1.919800000000000000e+04
1.943700000000000000e+04
1.966800000000000000e+04
1.936600000000000000e+04
1.961300000000000000e+04
1.989800000000000000e+04
2.000600000000000000e+04
2.024600000000000000e+04
2.012600000000000000e+04
2.022700000000000000e+04
2.061700000000000000e+04
2.086400000000000000e+04
2.083200000000000000e+04
2.105700000000000000e+04
2.099400000000000000e+04
2.147800000000000000e+04
2.144400000000000000e+04
2.149600000000000000e+04
2.174000000000000000e+04
2.205100000000000000e+04
2.214800000000000000e+04
2.225300000000000000e+04
2.255400000000000000e+04
2.260800000000000000e+04
2.272300000000000000e+04
2.285200000000000000e+04
2.312000000000000000e+04
2.349500000000000000e+04
2.385100000000000000e+04
2.367400000000000000e+04
2.373000000000000000e+04
2.403700000000000000e+04
2.447300000000000000e+04
2.460100000000000000e+04
2.472900000000000000e+04
2.503100000000000000e+04
2.493400000000000000e+04
2.520400000000000000e+04
2.517300000000000000e+04
2.540200000000000000e+04
2.578500000000000000e+04
2.600500000000000000e+04
2.607500000000000000e+04
2.645200000000000000e+04
2.652900000000000000e+04
2.660800000000000000e+04
2.698900000000000000e+04
2.708800000000000000e+04
2.752800000000000000e+04
2.756400000000000000e+04
2.804200000000000000e+04
2.811600000000000000e+04
2.849800000000000000e+04
2.868800000000000000e+04
2.908800000000000000e+04
2.899100000000000000e+04
2.939900000000000000e+04
2.987500000000000000e+04
2.965100000000000000e+04
3.031800000000000000e+04
3.069600000000000000e+04
3.058100000000000000e+04
3.096500000000000000e+04
3.101900000000000000e+04
3.130200000000000000e+04
3.132900000000000000e+04
3.202000000000000000e+04
3.239500000000000000e+04
3.257100000000000000e+04
3.253600000000000000e+04
3.303800000000000000e+04
3.328900000000000000e+04
3.356800000000000000e+04
3.398600000000000000e+04
3.402600000000000000e+04
3.480600000000000000e+04
3.514500000000000000e+04
3.548800000000000000e+04
3.546000000000000000e+04
3.598000000000000000e+04
3.642400000000000000e+04
3.629300000000000000e+04
3.664200000000000000e+04
3.691700000000000000e+04
3.775800000000000000e+04
3.775000000000000000e+04
3.801800000000000000e+04
3.830500000000000000e+04
3.914000000000000000e+04
3.965000000000000000e+04
3.975900000000000000e+04
4.045900000000000000e+04
4.064700000000000000e+04
4.118400000000000000e+04
4.181800000000000000e+04
4.189200000000000000e+04
4.260100000000000000e+04
4.261600000000000000e+04
4.314600000000000000e+04
4.370600000000000000e+04
4.410500000000000000e+04
4.432300000000000000e+04
4.483000000000000000e+04
4.512500000000000000e+04
4.577800000000000000e+04
4.592200000000000000e+04
4.663200000000000000e+04
4.729600000000000000e+04
4.758600000000000000e+04
4.843300000000000000e+04
4.860500000000000000e+04
4.913700000000000000e+04
4.981800000000000000e+04
5.032200000000000000e+04
5.128500000000000000e+04
5.184400000000000000e+04
5.181300000000000000e+04
5.263700000000000000e+04
5.314300000000000000e+04
5.337900000000000000e+04
5.436700000000000000e+04
5.484000000000000000e+04
5.549500000000000000e+04
5.647800000000000000e+04
5.711000000000000000e+04
5.783800000000000000e+04
5.828400000000000000e+04
5.912500000000000000e+04
5.946600000000000000e+04
6.017100000000000000e+04
6.061100000000000000e+04
6.193600000000000000e+04
6.253400000000000000e+04
6.359600000000000000e+04
6.385800000000000000e+04
6.450700000000000000e+04
6.604000000000000000e+04
6.646500000000000000e+04
6.709000000000000000e+04
6.794400000000000000e+04
6.859700000000000000e+04
6.960500000000000000e+04
7.073500000000000000e+04
7.164000000000000000e+04
7.255400000000000000e+04
7.351200000000000000e+04
7.442100000000000000e+04
7.537700000000000000e+04
7.633200000000000000e+04
7.739200000000000000e+04
7.792200000000000000e+04
7.984800000000000000e+04
8.024100000000000000e+04
8.214800000000000000e+04
8.327400000000000000e+04
8.362700000000000000e+04
8.473500000000000000e+04
8.619000000000000000e+04
8.726700000000000000e+04
8.820400000000000000e+04
8.952400000000000000e+04
9.102100000000000000e+04
9.201900000000000000e+04
9.342900000000000000e+04
9.505200000000000000e+04
9.611700000000000000e+04
9.757400000000000000e+04
9.875000000000000000e+04
1.004080000000000000e+05
1.013970000000000000e+05
1.031380000000000000e+05
1.048140000000000000e+05
1.067470000000000000e+05
1.085640000000000000e+05
1.098430000000000000e+05
1.121120000000000000e+05
1.137910000000000000e+05
1.154750000000000000e+05
1.170060000000000000e+05
1.190150000000000000e+05
1.201030000000000000e+05
1.225880000000000000e+05
1.237380000000000000e+05
1.264390000000000000e+05
1.279830000000000000e+05
1.311480000000000000e+05
1.327180000000000000e+05
1.346050000000000000e+05
1.371840000000000000e+05
1.389690000000000000e+05
1.420100000000000000e+05
1.442150000000000000e+05
1.465140000000000000e+05
1.491760000000000000e+05
1.513690000000000000e+05
1.541810000000000000e+05
1.573070000000000000e+05
1.585150000000000000e+05
1.621550000000000000e+05
1.654060000000000000e+05
1.686240000000000000e+05
1.719100000000000000e+05
1.741620000000000000e+05
1.770330000000000000e+05
1.800320000000000000e+05
1.835700000000000000e+05
1.873710000000000000e+05
1.901120000000000000e+05
1.941250000000000000e+05
1.978580000000000000e+05
2.022800000000000000e+05
2.050330000000000000e+05
2.086680000000000000e+05
2.127030000000000000e+05
2.167330000000000000e+05
2.212280000000000000e+05
2.255840000000000000e+05
2.299050000000000000e+05
2.341350000000000000e+05
2.390550000000000000e+05
2.427640000000000000e+05
2.485620000000000000e+05
2.531560000000000000e+05
2.588390000000000000e+05
2.629970000000000000e+05
2.689620000000000000e+05
2.733470000000000000e+05
2.797740000000000000e+05
2.843580000000000000e+05
2.906260000000000000e+05
2.963470000000000000e+05
3.009800000000000000e+05
3.088340000000000000e+05
3.148210000000000000e+05
3.217060000000000000e+05
3.267250000000000000e+05
3.354850000000000000e+05
3.422540000000000000e+05
3.484640000000000000e+05
3.543160000000000000e+05
3.619330000000000000e+05
3.687070000000000000e+05
3.781020000000000000e+05
3.841940000000000000e+05
3.923820000000000000e+05
3.994470000000000000e+05
4.079720000000000000e+05
4.142740000000000000e+05
4.237730000000000000e+05
4.320190000000000000e+05
4.392290000000000000e+05
4.481120000000000000e+05
4.556810000000000000e+05
4.642830000000000000e+05
4.721890000000000000e+05
4.804810000000000000e+05
4.885290000000000000e+05
4.971310000000000000e+05
5.056280000000000000e+05
5.120910000000000000e+05
5.219850000000000000e+05
5.298040000000000000e+05
5.365990000000000000e+05
5.444930000000000000e+05
5.522690000000000000e+05
5.595020000000000000e+05
5.666460000000000000e+05
5.746050000000000000e+05
5.806860000000000000e+05
5.877850000000000000e+05
5.931510000000000000e+05
5.997840000000000000e+05
6.052020000000000000e+05
6.094430000000000000e+05
6.137460000000000000e+05
6.192550000000000000e+05
6.229640000000000000e+05
6.256430000000000000e+05
6.281780000000000000e+05
6.318080000000000000e+05
6.337050000000000000e+05
6.345690000000000000e+05
6.368560000000000000e+05
6.348240000000000000e+05
6.369160000000000000e+05
6.349800000000000000e+05
6.362720000000000000e+05
6.338680000000000000e+05
6.319800000000000000e+05
6.295320000000000000e+05
6.269030000000000000e+05
6.225840000000000000e+05
6.193670000000000000e+05
6.145860000000000000e+05
6.099470000000000000e+05
6.044020000000000000e+05
5.994040000000000000e+05
5.941450000000000000e+05
5.868470000000000000e+05
5.802830000000000000e+05
5.726730000000000000e+05
5.680410000000000000e+05
5.595530000000000000e+05
5.523940000000000000e+05
5.447920000000000000e+05
5.359420000000000000e+05
5.296790000000000000e+05
5.201850000000000000e+05
5.137380000000000000e+05
5.030830000000000000e+05
4.961440000000000000e+05
4.890920000000000000e+05
4.783780000000000000e+05
4.720890000000000000e+05
4.635530000000000000e+05
4.557860000000000000e+05
4.476140000000000000e+05
4.394180000000000000e+05
4.320360000000000000e+05
4.239670000000000000e+05
4.142120000000000000e+05
4.080830000000000000e+05
3.992060000000000000e+05
3.934100000000000000e+05
3.841020000000000000e+05
3.776220000000000000e+05
3.691520000000000000e+05
3.625720000000000000e+05
3.560210000000000000e+05
3.483830000000000000e+05
3.407480000000000000e+05
3.345220000000000000e+05
3.285270000000000000e+05
3.211960000000000000e+05
3.158980000000000000e+05
3.101980000000000000e+05
3.027910000000000000e+05
2.965470000000000000e+05
2.908620000000000000e+05
2.856670000000000000e+05
2.783920000000000000e+05
2.742060000000000000e+05
2.692650000000000000e+05
2.641440000000000000e+05
2.588140000000000000e+05
2.535900000000000000e+05
2.481340000000000000e+05
2.435370000000000000e+05
2.392580000000000000e+05
2.341920000000000000e+05
2.299480000000000000e+05
2.259400000000000000e+05
2.208470000000000000e+05
2.177370000000000000e+05
2.129660000000000000e+05
2.091340000000000000e+05
2.047270000000000000e+05
2.012260000000000000e+05
1.976710000000000000e+05
1.942880000000000000e+05
1.901240000000000000e+05
1.873560000000000000e+05
1.836180000000000000e+05
1.807860000000000000e+05
1.769810000000000000e+05
1.740450000000000000e+05
1.713850000000000000e+05
1.677280000000000000e+05
1.652840000000000000e+05
1.624250000000000000e+05
1.596500000000000000e+05
1.560870000000000000e+05
1.544530000000000000e+05
1.513370000000000000e+05
1.489310000000000000e+05
1.466200000000000000e+05
1.441670000000000000e+05
1.416540000000000000e+05
1.391430000000000000e+05
1.374210000000000000e+05
1.349520000000000000e+05
1.317830000000000000e+05
1.305800000000000000e+05
1.284260000000000000e+05
1.262340000000000000e+05
1.245550000000000000e+05
1.228300000000000000e+05
1.206870000000000000e+05
1.179960000000000000e+05
1.168560000000000000e+05
1.149060000000000000e+05
1.131890000000000000e+05
1.119310000000000000e+05
1.099240000000000000e+05
1.084970000000000000e+05
1.068330000000000000e+05
1.045730000000000000e+05
1.035710000000000000e+05
1.019590000000000000e+05
1.003980000000000000e+05
9.902900000000000000e+04
9.775600000000000000e+04
9.621700000000000000e+04
9.499000000000000000e+04
9.361700000000000000e+04
9.200700000000000000e+04
9.062400000000000000e+04
8.935900000000000000e+04
8.839700000000000000e+04
8.732400000000000000e+04
8.593900000000000000e+04
8.453400000000000000e+04
8.385400000000000000e+04
8.285900000000000000e+04
8.153000000000000000e+04
8.067600000000000000e+04
7.940900000000000000e+04
7.832200000000000000e+04
7.741800000000000000e+04
7.620400000000000000e+04
7.551400000000000000e+04
7.421500000000000000e+04
7.327900000000000000e+04
7.281500000000000000e+04
7.099000000000000000e+04
7.061800000000000000e+04
6.982700000000000000e+04
6.890200000000000000e+04
6.818900000000000000e+04
6.705700000000000000e+04
6.701300000000000000e+04
6.535600000000000000e+04
6.442800000000000000e+04
6.378000000000000000e+04
6.368100000000000000e+04
6.283400000000000000e+04
6.161300000000000000e+04
6.092700000000000000e+04
6.016200000000000000e+04
5.931300000000000000e+04
5.882300000000000000e+04
5.800600000000000000e+04
5.760500000000000000e+04
5.719600000000000000e+04
5.675800000000000000e+04
5.589900000000000000e+04
5.473600000000000000e+04
5.475100000000000000e+04
5.350000000000000000e+04
5.299300000000000000e+04
5.182100000000000000e+04
5.199600000000000000e+04
5.145100000000000000e+04
5.112800000000000000e+04
5.022900000000000000e+04
4.983700000000000000e+04
4.916300000000000000e+04
4.912300000000000000e+04
4.839900000000000000e+04
4.772000000000000000e+04
4.736000000000000000e+04
4.662000000000000000e+04
4.667000000000000000e+04
4.554400000000000000e+04
4.513900000000000000e+04
4.519100000000000000e+04
4.492100000000000000e+04
4.397600000000000000e+04
4.387000000000000000e+04
4.301400000000000000e+04
4.275100000000000000e+04
4.275900000000000000e+04
4.173700000000000000e+04
4.137600000000000000e+04
4.096000000000000000e+04
4.070000000000000000e+04
4.044300000000000000e+04
3.994000000000000000e+04
3.898500000000000000e+04
3.917100000000000000e+04
3.867400000000000000e+04
3.847000000000000000e+04
3.800500000000000000e+04
3.752900000000000000e+04
3.748700000000000000e+04
3.744900000000000000e+04
3.676500000000000000e+04
3.650900000000000000e+04
3.562900000000000000e+04
3.569300000000000000e+04
3.543100000000000000e+04
3.495100000000000000e+04
3.447500000000000000e+04
3.448100000000000000e+04
3.408600000000000000e+04
3.354100000000000000e+04
3.379200000000000000e+04
3.304300000000000000e+04
3.284900000000000000e+04
3.239900000000000000e+04
3.236500000000000000e+04
3.201400000000000000e+04
3.175100000000000000e+04
3.147800000000000000e+04
3.121000000000000000e+04
3.062500000000000000e+04
3.062100000000000000e+04
3.089200000000000000e+04
2.985100000000000000e+04
2.966800000000000000e+04
2.968000000000000000e+04
2.961900000000000000e+04
2.904600000000000000e+04
2.853400000000000000e+04
2.852600000000000000e+04
2.833700000000000000e+04
2.810700000000000000e+04
2.815200000000000000e+04
2.746400000000000000e+04
2.742500000000000000e+04
2.730600000000000000e+04
2.682300000000000000e+04
2.629500000000000000e+04
2.665700000000000000e+04
2.648600000000000000e+04
2.637500000000000000e+04
2.599200000000000000e+04
2.561400000000000000e+04
2.568800000000000000e+04
2.540300000000000000e+04
2.490900000000000000e+04
2.517200000000000000e+04
2.475600000000000000e+04
2.458400000000000000e+04
2.420700000000000000e+04
2.436000000000000000e+04
2.400600000000000000e+04
2.358600000000000000e+04
2.376500000000000000e+04
2.368200000000000000e+04
2.341900000000000000e+04
2.360500000000000000e+04
2.290500000000000000e+04
2.266700000000000000e+04
2.262500000000000000e+04
2.224800000000000000e+04
2.229200000000000000e+04
2.217500000000000000e+04
2.203500000000000000e+04
2.174000000000000000e+04
2.176100000000000000e+04
2.160600000000000000e+04
2.138600000000000000e+04
2.111500000000000000e+04
2.083200000000000000e+04
2.093700000000000000e+04
2.077400000000000000e+04
2.039200000000000000e+04
2.040600000000000000e+04
2.002400000000000000e+04
2.022800000000000000e+04
1.995300000000000000e+04
1.978900000000000000e+04
1.995200000000000000e+04
1.976700000000000000e+04
1.938000000000000000e+04
1.926000000000000000e+04
1.920900000000000000e+04
1.893900000000000000e+04
1.897000000000000000e+04
1.885600000000000000e+04
1.878200000000000000e+04
1.842200000000000000e+04
1.844600000000000000e+04
1.829400000000000000e+04
1.808600000000000000e+04
1.791300000000000000e+04
1.794200000000000000e+04
1.764200000000000000e+04
1.758600000000000000e+04
1.759100000000000000e+04
1.739800000000000000e+04
1.724900000000000000e+04
1.740100000000000000e+04
1.709200000000000000e+04
1.706200000000000000e+04
1.693600000000000000e+04
1.698500000000000000e+04
1.686200000000000000e+04
1.655100000000000000e+04
1.658800000000000000e+04
1.646500000000000000e+04
1.613100000000000000e+04
1.627900000000000000e+04
1.610600000000000000e+04
1.568500000000000000e+04
1.587900000000000000e+04
1.566800000000000000e+04
1.573200000000000000e+04
1.575400000000000000e+04
1.561300000000000000e+04
1.538400000000000000e+04
1.513600000000000000e+04
1.522400000000000000e+04
1.497300000000000000e+04
1.505500000000000000e+04
1.482200000000000000e+04
1.467800000000000000e+04
1.478100000000000000e+04
1.475600000000000000e+04
1.459500000000000000e+04
1.455200000000000000e+04
1.440700000000000000e+04
1.428300000000000000e+04
1.431900000000000000e+04
1.445400000000000000e+04
1.410700000000000000e+04
1.386300000000000000e+04
1.408700000000000000e+04
1.379100000000000000e+04
1.367400000000000000e+04
1.366100000000000000e+04
1.357700000000000000e+04
1.370100000000000000e+04
1.343400000000000000e+04
1.327100000000000000e+04
1.316500000000000000e+04
1.312800000000000000e+04
1.318900000000000000e+04
1.321400000000000000e+04
1.302300000000000000e+04
1.273000000000000000e+04
1.272200000000000000e+04
1.270500000000000000e+04
1.279400000000000000e+04
1.245500000000000000e+04
1.245800000000000000e+04
1.238500000000000000e+04
1.248500000000000000e+04
1.244400000000000000e+04
1.212700000000000000e+04
1.226800000000000000e+04
1.215500000000000000e+04
1.183100000000000000e+04
1.207900000000000000e+04
1.199700000000000000e+04
1.192400000000000000e+04
1.203100000000000000e+04
1.171300000000000000e+04
1.185300000000000000e+04
1.150100000000000000e+04
1.154900000000000000e+04
1.159000000000000000e+04
1.128800000000000000e+04
1.146700000000000000e+04
1.130700000000000000e+04
1.115200000000000000e+04
1.131500000000000000e+04
1.116300000000000000e+04
1.095100000000000000e+04
1.122200000000000000e+04
1.115400000000000000e+04
1.100400000000000000e+04
1.082000000000000000e+04
1.098900000000000000e+04
1.066800000000000000e+04
1.091900000000000000e+04
1.078800000000000000e+04
1.064100000000000000e+04
1.063400000000000000e+04
1.036800000000000000e+04
1.042300000000000000e+04
1.039100000000000000e+04
1.039000000000000000e+04
1.025000000000000000e+04
1.021300000000000000e+04
9.963000000000000000e+03
1.011100000000000000e+04
1.009700000000000000e+04
1.026400000000000000e+04
9.911000000000000000e+03
9.946000000000000000e+03
9.854000000000000000e+03
1.007600000000000000e+04
9.902000000000000000e+03
9.695000000000000000e+03
9.661000000000000000e+03
9.492000000000000000e+03
9.457000000000000000e+03
9.516000000000000000e+03
9.328000000000000000e+03
9.376000000000000000e+03
9.641000000000000000e+03
9.377000000000000000e+03
9.227000000000000000e+03
9.306000000000000000e+03
9.218000000000000000e+03
9.164000000000000000e+03
9.154000000000000000e+03
9.062000000000000000e+03
8.978000000000000000e+03
8.947000000000000000e+03
9.066000000000000000e+03
8.970000000000000000e+03
8.821000000000000000e+03
8.829000000000000000e+03
8.844000000000000000e+03
8.784000000000000000e+03
8.900000000000000000e+03
8.673000000000000000e+03
8.567000000000000000e+03
8.426000000000000000e+03
8.504000000000000000e+03
8.612000000000000000e+03
8.597000000000000000e+03
8.445000000000000000e+03
8.399000000000000000e+03
8.150000000000000000e+03
8.343000000000000000e+03
8.121000000000000000e+03
8.327000000000000000e+03
8.206000000000000000e+03
8.066000000000000000e+03
8.222000000000000000e+03
8.007000000000000000e+03
8.090000000000000000e+03
8.063000000000000000e+03
7.960000000000000000e+03
7.997000000000000000e+03
8.025000000000000000e+03
7.862000000000000000e+03
7.879000000000000000e+03
7.927000000000000000e+03
8.021000000000000000e+03
7.741000000000000000e+03
7.836000000000000000e+03
7.507000000000000000e+03
7.634000000000000000e+03
7.785000000000000000e+03
7.551000000000000000e+03
7.683000000000000000e+03
7.600000000000000000e+03
7.457000000000000000e+03
7.445000000000000000e+03
7.451000000000000000e+03
7.430000000000000000e+03
7.267000000000000000e+03
7.320000000000000000e+03
7.262000000000000000e+03
7.236000000000000000e+03
7.211000000000000000e+03
7.281000000000000000e+03
7.182000000000000000e+03
7.101000000000000000e+03
7.118000000000000000e+03
6.969000000000000000e+03
7.193000000000000000e+03
6.989000000000000000e+03
6.904000000000000000e+03
6.815000000000000000e+03
6.988000000000000000e+03
6.778000000000000000e+03
6.919000000000000000e+03
6.860000000000000000e+03
6.916000000000000000e+03
6.844000000000000000e+03
6.837000000000000000e+03
6.698000000000000000e+03
6.490000000000000000e+03
6.719000000000000000e+03
6.512000000000000000e+03
6.776000000000000000e+03
6.563000000000000000e+03
6.476000000000000000e+03
6.513000000000000000e+03
6.441000000000000000e+03
6.323000000000000000e+03
6.261000000000000000e+03
6.550000000000000000e+03
6.408000000000000000e+03
6.326000000000000000e+03
6.348000000000000000e+03
6.291000000000000000e+03
6.467000000000000000e+03
