6.187000000000000000e+03
6.457000000000000000e+03
6.307000000000000000e+03
6.338000000000000000e+03
6.268000000000000000e+03
6.434000000000000000e+03
6.476000000000000000e+03
6.478000000000000000e+03
6.369000000000000000e+03
6.617000000000000000e+03
6.659000000000000000e+03
6.479000000000000000e+03
6.564000000000000000e+03
6.666000000000000000e+03
6.672000000000000000e+03
6.636000000000000000e+03
6.764000000000000000e+03
7.041000000000000000e+03
6.867000000000000000e+03
6.806000000000000000e+03
6.728000000000000000e+03
6.951000000000000000e+03
6.733000000000000000e+03
6.940000000000000000e+03
7.090000000000000000e+03
7.086000000000000000e+03
6.881000000000000000e+03
7.063000000000000000e+03
7.164000000000000000e+03
7.212000000000000000e+03
7.220000000000000000e+03
7.191000000000000000e+03
7.152000000000000000e+03
7.287000000000000000e+03
7.238000000000000000e+03
7.246000000000000000e+03
7.327000000000000000e+03
7.354000000000000000e+03
7.208000000000000000e+03
7.224000000000000000e+03
7.603000000000000000e+03
7.475000000000000000e+03
7.744000000000000000e+03
7.561000000000000000e+03
7.421000000000000000e+03
7.627000000000000000e+03
7.490000000000000000e+03
7.645000000000000000e+03
7.634000000000000000e+03
7.768000000000000000e+03
7.821000000000000000e+03
7.796000000000000000e+03
7.980000000000000000e+03
7.716000000000000000e+03
7.885000000000000000e+03
7.872000000000000000e+03
8.016000000000000000e+03
8.162000000000000000e+03
8.079000000000000000e+03
7.965000000000000000e+03
8.140000000000000000e+03
8.143000000000000000e+03
8.126000000000000000e+03
8.215000000000000000e+03
8.229000000000000000e+03
8.537000000000000000e+03
8.359000000000000000e+03
8.372000000000000000e+03
8.465000000000000000e+03
8.528000000000000000e+03
8.553000000000000000e+03
8.541000000000000000e+03
8.569000000000000000e+03
8.646000000000000000e+03
8.581000000000000000e+03
8.638000000000000000e+03
8.754000000000000000e+03
8.675000000000000000e+03
8.860000000000000000e+03
8.968000000000000000e+03
8.799000000000000000e+03
9.125000000000000000e+03
9.084000000000000000e+03
9.029000000000000000e+03
9.031000000000000000e+03
9.312000000000000000e+03
9.208000000000000000e+03
9.230000000000000000e+03
9.404000000000000000e+03
9.310000000000000000e+03
9.491000000000000000e+03
9.392000000000000000e+03
9.582000000000000000e+03
9.319000000000000000e+03
9.304000000000000000e+03
9.479000000000000000e+03
9.462000000000000000e+03
9.656000000000000000e+03
9.765000000000000000e+03
9.615000000000000000e+03
9.571000000000000000e+03
9.815000000000000000e+03
9.876000000000000000e+03
1.010300000000000000e+04
9.832000000000000000e+03
9.882000000000000000e+03
1.013800000000000000e+04
1.017600000000000000e+04
1.032200000000000000e+04
1.031100000000000000e+04
1.041000000000000000e+04
1.038400000000000000e+04
1.049500000000000000e+04
1.035600000000000000e+04
1.047400000000000000e+04
1.055300000000000000e+04
1.066900000000000000e+04
1.064500000000000000e+04
1.077900000000000000e+04
1.082000000000000000e+04
1.095000000000000000e+04
1.078400000000000000e+04
1.082500000000000000e+04
1.110000000000000000e+04
1.104700000000000000e+04
1.130500000000000000e+04
1.108000000000000000e+04
1.112700000000000000e+04
1.121300000000000000e+04
1.130200000000000000e+04
1.134100000000000000e+04
1.150300000000000000e+04
1.145900000000000000e+04
1.161300000000000000e+04
1.167500000000000000e+04
1.195100000000000000e+04
1.187600000000000000e+04
1.197900000000000000e+04
1.207600000000000000e+04
1.198400000000000000e+04
1.228000000000000000e+04
1.208300000000000000e+04
1.216400000000000000e+04
1.229500000000000000e+04
1.238900000000000000e+04
1.238600000000000000e+04
1.279100000000000000e+04
1.258900000000000000e+04
1.260200000000000000e+04
1.285100000000000000e+04
1.273800000000000000e+04
1.294100000000000000e+04
1.286800000000000000e+04
1.284100000000000000e+04
1.301000000000000000e+04
1.292800000000000000e+04
1.322500000000000000e+04
1.324600000000000000e+04
1.330500000000000000e+04
1.348900000000000000e+04
1.356600000000000000e+04
1.366700000000000000e+04
1.363900000000000000e+04
1.361500000000000000e+04
1.374700000000000000e+04
1.404900000000000000e+04
1.390300000000000000e+04
1.397300000000000000e+04
1.426200000000000000e+04
1.431700000000000000e+04
1.439000000000000000e+04
1.450600000000000000e+04
1.446200000000000000e+04
1.455700000000000000e+04
1.477300000000000000e+04
1.462000000000000000e+04
1.483200000000000000e+04
1.508100000000000000e+04
1.490500000000000000e+04
1.510400000000000000e+04
1.522800000000000000e+04
1.540500000000000000e+04
1.553700000000000000e+04
1.548200000000000000e+04
1.553600000000000000e+04
1.592400000000000000e+04
1.577100000000000000e+04
1.561600000000000000e+04
1.606900000000000000e+04
1.601200000000000000e+04
1.624700000000000000e+04
1.620900000000000000e+04
1.647800000000000000e+04
1.636000000000000000e+04
1.688500000000000000e+04
1.678200000000000000e+04
1.660800000000000000e+04
1.710900000000000000e+04
1.706200000000000000e+04
1.705800000000000000e+04
1.744700000000000000e+04
1.739000000000000000e+04
1.736000000000000000e+04
1.762300000000000000e+04
1.772600000000000000e+04
1.812000000000000000e+04
1.793900000000000000e+04
1.816500000000000000e+04
1.826300000000000000e+04
1.829700000000000000e+04
1.868400000000000000e+04
1.819000000000000000e+04
1.880700000000000000e+04
1.881000000000000000e+04
1.892900000000000000e+04
1.892700000000000000e+04
1.921200000000000000e+04
1.939500000000000000e+04
1.948800000000000000e+04
1.978400000000000000e+04
1.986600000000000000e+04
1.978300000000000000e+04
1.970300000000000000e+04
2.029900000000000000e+04
2.019200000000000000e+04
2.022500000000000000e+04
2.048300000000000000e+04
2.058800000000000000e+04
2.103300000000000000e+04
2.104200000000000000e+04
2.124100000000000000e+04
2.106100000000000000e+04
2.131300000000000000e+04
2.184100000000000000e+04
2.190300000000000000e+04
2.189400000000000000e+04
2.232500000000000000e+04
2.226200000000000000e+04
2.213100000000000000e+04
2.255900000000000000e+04
2.284300000000000000e+04
2.321600000000000000e+04
2.325700000000000000e+04
2.319300000000000000e+04
2.346800000000000000e+04
2.367800000000000000e+04
2.387200000000000000e+04
2.421500000000000000e+04
2.413400000000000000e+04
2.442000000000000000e+04
2.484500000000000000e+04
2.490700000000000000e+04
2.502800000000000000e+04
2.502500000000000000e+04
2.542800000000000000e+04
2.542900000000000000e+04
2.593900000000000000e+04
2.600600000000000000e+04
2.652700000000000000e+04
2.636000000000000000e+04
2.670700000000000000e+04
2.698300000000000000e+04
2.695600000000000000e+04
2.709500000000000000e+04
2.750700000000000000e+04
2.792300000000000000e+04
2.785500000000000000e+04
2.835700000000000000e+04
2.821200000000000000e+04
2.887000000000000000e+04
2.891300000000000000e+04
2.925700000000000000e+04
2.930800000000000000e+04
2.925000000000000000e+04
3.000600000000000000e+04
3.007300000000000000e+04
3.013000000000000000e+04
3.061200000000000000e+04
3.066300000000000000e+04
3.107000000000000000e+04
3.157600000000000000e+04
3.190000000000000000e+04
3.195000000000000000e+04
3.222100000000000000e+04
3.251900000000000000e+04
3.288000000000000000e+04
3.322400000000000000e+04
3.345500000000000000e+04
3.385500000000000000e+04
3.384200000000000000e+04
3.387900000000000000e+04
3.476300000000000000e+04
3.512200000000000000e+04
3.537200000000000000e+04
3.565400000000000000e+04
3.567900000000000000e+04
3.630000000000000000e+04
3.662700000000000000e+04
3.656700000000000000e+04
3.719900000000000000e+04
3.736100000000000000e+04
3.822600000000000000e+04
3.851700000000000000e+04
3.837900000000000000e+04
3.908500000000000000e+04
3.957600000000000000e+04
3.970900000000000000e+04
4.019800000000000000e+04
4.094500000000000000e+04
4.108300000000000000e+04
4.121200000000000000e+04
4.190800000000000000e+04
4.212200000000000000e+04
4.312900000000000000e+04
4.327600000000000000e+04
4.375000000000000000e+04
4.401900000000000000e+04
4.425200000000000000e+04
4.469200000000000000e+04
4.541700000000000000e+04
4.532600000000000000e+04
4.605400000000000000e+04
4.660800000000000000e+04
4.733700000000000000e+04
4.782300000000000000e+04
4.841300000000000000e+04
4.859800000000000000e+04
4.935300000000000000e+04
4.990700000000000000e+04
5.020900000000000000e+04
5.069700000000000000e+04
5.129700000000000000e+04
5.224700000000000000e+04
5.251000000000000000e+04
5.325900000000000000e+04
5.326900000000000000e+04
5.445500000000000000e+04
5.485800000000000000e+04
5.580500000000000000e+04
5.623500000000000000e+04
5.689700000000000000e+04
5.732300000000000000e+04
5.805600000000000000e+04
5.893400000000000000e+04
6.009200000000000000e+04
6.021000000000000000e+04
6.114700000000000000e+04
6.157200000000000000e+04
6.293200000000000000e+04
6.367500000000000000e+04
6.407500000000000000e+04
6.489000000000000000e+04
6.581600000000000000e+04
6.672700000000000000e+04
6.745000000000000000e+04
6.824000000000000000e+04
6.867700000000000000e+04
6.975000000000000000e+04
7.083200000000000000e+04
7.166800000000000000e+04
7.259500000000000000e+04
7.323200000000000000e+04
7.401600000000000000e+04
7.510400000000000000e+04
7.656100000000000000e+04
7.759700000000000000e+04
7.839300000000000000e+04
7.939400000000000000e+04
8.009900000000000000e+04
8.117100000000000000e+04
8.242000000000000000e+04
8.408700000000000000e+04
8.444100000000000000e+04
8.600000000000000000e+04
8.762700000000000000e+04
8.800400000000000000e+04
8.957800000000000000e+04
9.053100000000000000e+04
9.235400000000000000e+04
9.343700000000000000e+04
9.434300000000000000e+04
9.625000000000000000e+04
9.752500000000000000e+04
9.903600000000000000e+04
1.004480000000000000e+05
1.026880000000000000e+05
1.033040000000000000e+05
1.052540000000000000e+05
1.065250000000000000e+05
1.080200000000000000e+05
1.106290000000000000e+05
1.113320000000000000e+05
1.138920000000000000e+05
1.149290000000000000e+05
1.166980000000000000e+05
1.182880000000000000e+05
1.205700000000000000e+05
1.230960000000000000e+05
1.238580000000000000e+05
1.262920000000000000e+05
1.279420000000000000e+05
1.296970000000000000e+05
1.325240000000000000e+05
1.353200000000000000e+05
1.373250000000000000e+05
1.394350000000000000e+05
1.418020000000000000e+05
1.435710000000000000e+05
1.465550000000000000e+05
1.492940000000000000e+05
1.511180000000000000e+05
1.534920000000000000e+05
1.571340000000000000e+05
1.593000000000000000e+05
1.625840000000000000e+05
1.656990000000000000e+05
1.682580000000000000e+05
1.706950000000000000e+05
1.733520000000000000e+05
1.772750000000000000e+05
1.805160000000000000e+05
1.834500000000000000e+05
1.867430000000000000e+05
1.905240000000000000e+05
1.943160000000000000e+05
1.975500000000000000e+05
2.010490000000000000e+05
2.058500000000000000e+05
2.092790000000000000e+05
2.128790000000000000e+05
2.169790000000000000e+05
2.218580000000000000e+05
2.252710000000000000e+05
2.294720000000000000e+05
2.341320000000000000e+05
2.397310000000000000e+05
2.435370000000000000e+05
2.478690000000000000e+05
2.534740000000000000e+05
2.585590000000000000e+05
2.634410000000000000e+05
2.695260000000000000e+05
2.739580000000000000e+05
2.789860000000000000e+05
2.851400000000000000e+05
2.915980000000000000e+05
2.963630000000000000e+05
3.029450000000000000e+05
3.101040000000000000e+05
3.149860000000000000e+05
3.217600000000000000e+05
3.280600000000000000e+05
3.346550000000000000e+05
3.409170000000000000e+05
3.481760000000000000e+05
3.543270000000000000e+05
3.616290000000000000e+05
3.697230000000000000e+05
3.770850000000000000e+05
3.840260000000000000e+05
3.922360000000000000e+05
3.993070000000000000e+05
4.065930000000000000e+05
4.149590000000000000e+05
4.223330000000000000e+05
4.303570000000000000e+05
4.390880000000000000e+05
4.465680000000000000e+05
4.556630000000000000e+05
4.653210000000000000e+05
4.720910000000000000e+05
4.795940000000000000e+05
4.883240000000000000e+05
4.972880000000000000e+05
5.059640000000000000e+05
5.129210000000000000e+05
5.215160000000000000e+05
5.289560000000000000e+05
5.379900000000000000e+05
5.445750000000000000e+05
5.540340000000000000e+05
5.611740000000000000e+05
5.680060000000000000e+05
5.747670000000000000e+05
5.807620000000000000e+05
5.862790000000000000e+05
5.929380000000000000e+05
5.985100000000000000e+05
6.049670000000000000e+05
6.095780000000000000e+05
6.147380000000000000e+05
6.176410000000000000e+05
6.233350000000000000e+05
6.254330000000000000e+05
6.311230000000000000e+05
6.311700000000000000e+05
6.328770000000000000e+05
6.336670000000000000e+05
6.361950000000000000e+05
6.359280000000000000e+05
6.352160000000000000e+05
6.375600000000000000e+05
6.353960000000000000e+05
6.326840000000000000e+05
6.314490000000000000e+05
6.293760000000000000e+05
6.260740000000000000e+05
6.224700000000000000e+05
6.168770000000000000e+05
6.149940000000000000e+05
6.097140000000000000e+05
6.034850000000000000e+05
5.991370000000000000e+05
5.926920000000000000e+05
5.868000000000000000e+05
5.812800000000000000e+05
5.740460000000000000e+05
5.679100000000000000e+05
5.602740000000000000e+05
5.519490000000000000e+05
5.443860000000000000e+05
5.388850000000000000e+05
5.299030000000000000e+05
5.205780000000000000e+05
5.135270000000000000e+05
5.052870000000000000e+05
4.970440000000000000e+05
4.893710000000000000e+05
4.812880000000000000e+05
4.741860000000000000e+05
4.646140000000000000e+05
4.567410000000000000e+05
4.475370000000000000e+05
4.382350000000000000e+05
4.319460000000000000e+05
4.237540000000000000e+05
4.152970000000000000e+05
4.071470000000000000e+05
4.000480000000000000e+05
3.917750000000000000e+05
3.843710000000000000e+05
3.775410000000000000e+05
3.702570000000000000e+05
3.627600000000000000e+05
3.562140000000000000e+05
3.487410000000000000e+05
3.416420000000000000e+05
3.356880000000000000e+05
3.284520000000000000e+05
3.210870000000000000e+05
3.151850000000000000e+05
3.087430000000000000e+05
3.029060000000000000e+05
2.962390000000000000e+05
2.907050000000000000e+05
2.846720000000000000e+05
2.797840000000000000e+05
2.747440000000000000e+05
2.683360000000000000e+05
2.628090000000000000e+05
2.581940000000000000e+05
2.529870000000000000e+05
2.483010000000000000e+05
2.434170000000000000e+05
2.389530000000000000e+05
2.351470000000000000e+05
2.306240000000000000e+05
2.255040000000000000e+05
2.212130000000000000e+05
2.175330000000000000e+05
2.134730000000000000e+05
2.090760000000000000e+05
2.050240000000000000e+05
2.024090000000000000e+05
1.978220000000000000e+05
1.937390000000000000e+05
1.911540000000000000e+05
1.872020000000000000e+05
1.834530000000000000e+05
1.810880000000000000e+05
1.774820000000000000e+05
1.735560000000000000e+05
1.708210000000000000e+05
1.679450000000000000e+05
1.648660000000000000e+05
1.622320000000000000e+05
1.596280000000000000e+05
1.567990000000000000e+05
1.541270000000000000e+05
1.510700000000000000e+05
1.480770000000000000e+05
1.464560000000000000e+05
1.440820000000000000e+05
1.410160000000000000e+05
1.389640000000000000e+05
1.366760000000000000e+05
1.350190000000000000e+05
1.322950000000000000e+05
1.303150000000000000e+05
1.282520000000000000e+05
1.264580000000000000e+05
1.240020000000000000e+05
1.217950000000000000e+05
1.208380000000000000e+05
1.187020000000000000e+05
1.168440000000000000e+05
1.150250000000000000e+05
1.135960000000000000e+05
1.116530000000000000e+05
1.097260000000000000e+05
1.077140000000000000e+05
1.064870000000000000e+05
1.048510000000000000e+05
1.029370000000000000e+05
1.024820000000000000e+05
1.003950000000000000e+05
9.828300000000000000e+04
9.731200000000000000e+04
9.639400000000000000e+04
9.455400000000000000e+04
9.355000000000000000e+04
9.246800000000000000e+04
9.138900000000000000e+04
8.972900000000000000e+04
8.848600000000000000e+04
8.713800000000000000e+04
8.532500000000000000e+04
8.480600000000000000e+04
8.404800000000000000e+04
8.248200000000000000e+04
8.155000000000000000e+04
8.021300000000000000e+04
7.932400000000000000e+04
7.848900000000000000e+04
7.714900000000000000e+04
7.641600000000000000e+04
7.535400000000000000e+04
7.433700000000000000e+04
7.326400000000000000e+04
7.210300000000000000e+04
7.156300000000000000e+04
7.042600000000000000e+04
6.993500000000000000e+04
6.880700000000000000e+04
6.775300000000000000e+04
6.709200000000000000e+04
6.638500000000000000e+04
6.531500000000000000e+04
6.492900000000000000e+04
6.375500000000000000e+04
6.328100000000000000e+04
6.248200000000000000e+04
6.175200000000000000e+04
6.079400000000000000e+04
6.043500000000000000e+04
5.966500000000000000e+04
5.880200000000000000e+04
5.845000000000000000e+04
5.729100000000000000e+04
5.706100000000000000e+04
5.641500000000000000e+04
5.586100000000000000e+04
5.494000000000000000e+04
5.426000000000000000e+04
5.386800000000000000e+04
5.343700000000000000e+04
5.293300000000000000e+04
5.181000000000000000e+04
5.176300000000000000e+04
5.144400000000000000e+04
5.017600000000000000e+04
4.991000000000000000e+04
4.939600000000000000e+04
4.875900000000000000e+04
4.852800000000000000e+04
4.768900000000000000e+04
4.700900000000000000e+04
4.712200000000000000e+04
4.618100000000000000e+04
4.590800000000000000e+04
4.528800000000000000e+04
4.510300000000000000e+04
4.444800000000000000e+04
4.363700000000000000e+04
4.356800000000000000e+04
4.278700000000000000e+04
4.317400000000000000e+04
4.221900000000000000e+04
4.203400000000000000e+04
4.157300000000000000e+04
4.137200000000000000e+04
4.060700000000000000e+04
4.023900000000000000e+04
3.967000000000000000e+04
3.917200000000000000e+04
3.888700000000000000e+04
3.856000000000000000e+04
3.807800000000000000e+04
3.780600000000000000e+04
3.769500000000000000e+04
3.688000000000000000e+04
3.706500000000000000e+04
3.663500000000000000e+04
3.642700000000000000e+04
3.556500000000000000e+04
3.585300000000000000e+04
3.571800000000000000e+04
3.465200000000000000e+04
3.481200000000000000e+04
3.399600000000000000e+04
3.386700000000000000e+04
3.388100000000000000e+04
3.355000000000000000e+04
3.325400000000000000e+04
3.286100000000000000e+04
3.261400000000000000e+04
3.232400000000000000e+04
3.204800000000000000e+04
3.138600000000000000e+04
3.122300000000000000e+04
3.110000000000000000e+04
3.102300000000000000e+04
3.041500000000000000e+04
3.038000000000000000e+04
3.000900000000000000e+04
2.980100000000000000e+04
2.971300000000000000e+04
2.923500000000000000e+04
2.908700000000000000e+04
2.884100000000000000e+04
2.859300000000000000e+04
2.852800000000000000e+04
2.853200000000000000e+04
2.766300000000000000e+04
2.778400000000000000e+04
2.760300000000000000e+04
2.742200000000000000e+04
2.701200000000000000e+04
2.674800000000000000e+04
2.642200000000000000e+04
2.654600000000000000e+04
2.602700000000000000e+04
2.590800000000000000e+04
2.598200000000000000e+04
2.545700000000000000e+04
2.524200000000000000e+04
2.527700000000000000e+04
2.506500000000000000e+04
2.463100000000000000e+04
2.467800000000000000e+04
2.430700000000000000e+04
2.410900000000000000e+04
2.413100000000000000e+04
2.375900000000000000e+04
2.345200000000000000e+04
2.317900000000000000e+04
2.322400000000000000e+04
2.364200000000000000e+04
2.290200000000000000e+04
2.275800000000000000e+04
2.262100000000000000e+04
2.265800000000000000e+04
2.242500000000000000e+04
2.212000000000000000e+04
2.202700000000000000e+04
2.179000000000000000e+04
2.172500000000000000e+04
2.142600000000000000e+04
2.115900000000000000e+04
2.162700000000000000e+04
2.086300000000000000e+04
2.105800000000000000e+04
2.086900000000000000e+04
2.059600000000000000e+04
2.049900000000000000e+04
2.024500000000000000e+04
2.015700000000000000e+04
2.003900000000000000e+04
2.003700000000000000e+04
1.982200000000000000e+04
1.942200000000000000e+04
1.956100000000000000e+04
1.969500000000000000e+04
1.920100000000000000e+04
1.893900000000000000e+04
1.901100000000000000e+04
1.879600000000000000e+04
1.883300000000000000e+04
1.855700000000000000e+04
1.858500000000000000e+04
1.840500000000000000e+04
1.809200000000000000e+04
1.832400000000000000e+04
1.798900000000000000e+04
1.783800000000000000e+04
1.784000000000000000e+04
1.755900000000000000e+04
1.755400000000000000e+04
1.730200000000000000e+04
1.724000000000000000e+04
1.723300000000000000e+04
1.683300000000000000e+04
1.698800000000000000e+04
1.673100000000000000e+04
1.674700000000000000e+04
1.673000000000000000e+04
1.665400000000000000e+04
1.634600000000000000e+04
1.619400000000000000e+04
1.635200000000000000e+04
1.577400000000000000e+04
1.602200000000000000e+04
1.586200000000000000e+04
1.579700000000000000e+04
1.574800000000000000e+04
1.585900000000000000e+04
1.553200000000000000e+04
1.539300000000000000e+04
1.529100000000000000e+04
1.517300000000000000e+04
1.504100000000000000e+04
1.494300000000000000e+04
1.478800000000000000e+04
1.483200000000000000e+04
1.487000000000000000e+04
1.476600000000000000e+04
1.468100000000000000e+04
1.452300000000000000e+04
1.450200000000000000e+04
1.383700000000000000e+04
1.453500000000000000e+04
1.404200000000000000e+04
1.392700000000000000e+04
1.394000000000000000e+04
1.385600000000000000e+04
1.388000000000000000e+04
1.394000000000000000e+04
1.371100000000000000e+04
1.371700000000000000e+04
1.363200000000000000e+04
1.336500000000000000e+04
1.327600000000000000e+04
1.325500000000000000e+04
1.311200000000000000e+04
1.300800000000000000e+04
1.320700000000000000e+04
1.292500000000000000e+04
1.289000000000000000e+04
1.278800000000000000e+04
1.291800000000000000e+04
1.272800000000000000e+04
1.257100000000000000e+04
1.260900000000000000e+04
1.241900000000000000e+04
1.241700000000000000e+04
1.227700000000000000e+04
1.235600000000000000e+04
1.205800000000000000e+04
1.222000000000000000e+04
1.195100000000000000e+04
1.196500000000000000e+04
1.190700000000000000e+04
1.188800000000000000e+04
1.167300000000000000e+04
1.170500000000000000e+04
1.139800000000000000e+04
1.158600000000000000e+04
1.173900000000000000e+04
1.155400000000000000e+04
1.133900000000000000e+04
1.134000000000000000e+04
1.121800000000000000e+04
1.122300000000000000e+04
1.131100000000000000e+04
1.107700000000000000e+04
1.094800000000000000e+04
1.112200000000000000e+04
1.098400000000000000e+04
1.108300000000000000e+04
1.091100000000000000e+04
1.081800000000000000e+04
1.085200000000000000e+04
1.079100000000000000e+04
1.081300000000000000e+04
1.057000000000000000e+04
1.053200000000000000e+04
1.042500000000000000e+04
1.048900000000000000e+04
1.043400000000000000e+04
1.045100000000000000e+04
9.992000000000000000e+03
1.007300000000000000e+04
1.028300000000000000e+04
1.002400000000000000e+04
1.002700000000000000e+04
9.967000000000000000e+03
1.005800000000000000e+04
9.905000000000000000e+03
9.868000000000000000e+03
9.588000000000000000e+03
9.785000000000000000e+03
9.688000000000000000e+03
9.696000000000000000e+03
9.778000000000000000e+03
9.600000000000000000e+03
9.510000000000000000e+03
9.375000000000000000e+03
9.607000000000000000e+03
9.306000000000000000e+03
9.404000000000000000e+03
9.245000000000000000e+03
9.333000000000000000e+03
9.193000000000000000e+03
9.254000000000000000e+03
9.174000000000000000e+03
9.073000000000000000e+03
9.172000000000000000e+03
8.931000000000000000e+03
9.001000000000000000e+03
8.935000000000000000e+03
8.949000000000000000e+03
8.884000000000000000e+03
8.793000000000000000e+03
8.720000000000000000e+03
8.839000000000000000e+03
8.655000000000000000e+03
8.796000000000000000e+03
8.651000000000000000e+03
8.400000000000000000e+03
8.533000000000000000e+03
8.278000000000000000e+03
8.310000000000000000e+03
8.505000000000000000e+03
8.370000000000000000e+03
8.313000000000000000e+03
8.146000000000000000e+03
8.271000000000000000e+03
8.394000000000000000e+03
8.019000000000000000e+03
8.254000000000000000e+03
8.115000000000000000e+03
7.963000000000000000e+03
7.700000000000000000e+03
7.959000000000000000e+03
7.845000000000000000e+03
7.893000000000000000e+03
7.801000000000000000e+03
7.843000000000000000e+03
7.822000000000000000e+03
7.997000000000000000e+03
7.618000000000000000e+03
7.625000000000000000e+03
7.757000000000000000e+03
7.697000000000000000e+03
7.557000000000000000e+03
7.544000000000000000e+03
7.531000000000000000e+03
7.536000000000000000e+03
7.434000000000000000e+03
7.404000000000000000e+03
7.549000000000000000e+03
7.479000000000000000e+03
7.370000000000000000e+03
7.433000000000000000e+03
7.205000000000000000e+03
7.255000000000000000e+03
7.167000000000000000e+03
7.184000000000000000e+03
7.295000000000000000e+03
7.118000000000000000e+03
7.080000000000000000e+03
6.908000000000000000e+03
7.157000000000000000e+03
6.988000000000000000e+03
6.901000000000000000e+03
7.007000000000000000e+03
7.021000000000000000e+03
7.033000000000000000e+03
6.891000000000000000e+03
6.759000000000000000e+03
6.817000000000000000e+03
6.760000000000000000e+03
6.796000000000000000e+03
6.611000000000000000e+03
6.600000000000000000e+03
6.628000000000000000e+03
6.751000000000000000e+03
6.583000000000000000e+03
6.606000000000000000e+03
6.615000000000000000e+03
6.619000000000000000e+03
6.601000000000000000e+03
6.421000000000000000e+03
6.423000000000000000e+03
6.338000000000000000e+03
6.456000000000000000e+03
6.274000000000000000e+03
6.367000000000000000e+03
6.418000000000000000e+03
6.205000000000000000e+03
