6.399200000000000000e+04
6.699200000000000000e+04
6.994100000000000000e+04
7.276300000000000000e+04
7.643800000000000000e+04
7.955500000000000000e+04
8.350300000000000000e+04
8.704800000000000000e+04
9.162900000000000000e+04
9.565800000000000000e+04
1.004770000000000000e+05
1.056370000000000000e+05
1.114400000000000000e+05
1.169320000000000000e+05
1.243220000000000000e+05
1.307090000000000000e+05
1.392520000000000000e+05
1.470560000000000000e+05
1.565810000000000000e+05
1.665020000000000000e+05
1.786020000000000000e+05
1.901590000000000000e+05
2.041020000000000000e+05
2.195330000000000000e+05
2.354680000000000000e+05
2.556520000000000000e+05
2.757140000000000000e+05
2.991920000000000000e+05
3.272230000000000000e+05
3.578610000000000000e+05
3.943660000000000000e+05
4.337460000000000000e+05
4.818570000000000000e+05
5.346940000000000000e+05
6.008420000000000000e+05
6.776830000000000000e+05
7.688300000000000000e+05
8.789980000000000000e+05
1.013808000000000000e+06
1.179923000000000000e+06
1.382997000000000000e+06
1.638709000000000000e+06
1.961432000000000000e+06
2.370000000000000000e+06
2.882758000000000000e+06
3.527151000000000000e+06
4.273961000000000000e+06
5.086673000000000000e+06
5.826606000000000000e+06
6.280128000000000000e+06
6.279958000000000000e+06
5.829219000000000000e+06
5.091050000000000000e+06
4.276978000000000000e+06
3.521582000000000000e+06
2.887465000000000000e+06
2.372394000000000000e+06
1.964212000000000000e+06
1.639973000000000000e+06
1.382766000000000000e+06
1.179654000000000000e+06
1.010699000000000000e+06
8.803810000000000000e+05
7.679590000000000000e+05
6.768050000000000000e+05
6.008620000000000000e+05
5.352510000000000000e+05
4.827070000000000000e+05
4.336840000000000000e+05
3.929740000000000000e+05
3.574180000000000000e+05
3.265890000000000000e+05
2.992330000000000000e+05
2.755920000000000000e+05
2.548550000000000000e+05
2.352200000000000000e+05
2.187280000000000000e+05
2.042910000000000000e+05
1.899530000000000000e+05
1.777510000000000000e+05
1.670200000000000000e+05
1.561970000000000000e+05
1.465450000000000000e+05
1.379830000000000000e+05
1.312240000000000000e+05
1.242580000000000000e+05
1.173610000000000000e+05
1.115240000000000000e+05
1.055980000000000000e+05
1.006600000000000000e+05
9.530200000000000000e+04
9.069100000000000000e+04
8.683600000000000000e+04
8.289200000000000000e+04
7.950100000000000000e+04
7.597100000000000000e+04
7.240500000000000000e+04
6.965900000000000000e+04
6.678600000000000000e+04
6.436200000000000000e+04
