6.409600000000000000e+04
6.669000000000000000e+04
7.004000000000000000e+04
7.293800000000000000e+04
7.610000000000000000e+04
7.943500000000000000e+04
8.276500000000000000e+04
8.644100000000000000e+04
9.057900000000000000e+04
9.517200000000000000e+04
1.001910000000000000e+05
1.056530000000000000e+05
1.109860000000000000e+05
1.173580000000000000e+05
1.235140000000000000e+05
1.312470000000000000e+05
1.387240000000000000e+05
1.476550000000000000e+05
1.563610000000000000e+05
1.660210000000000000e+05
1.782300000000000000e+05
1.899710000000000000e+05
2.039800000000000000e+05
2.191120000000000000e+05
2.348780000000000000e+05
2.548640000000000000e+05
2.763310000000000000e+05
2.997000000000000000e+05
3.255030000000000000e+05
3.574310000000000000e+05
3.933440000000000000e+05
4.336130000000000000e+05
4.814240000000000000e+05
5.352230000000000000e+05
5.998990000000000000e+05
6.777480000000000000e+05
7.694720000000000000e+05
8.821960000000000000e+05
1.014030000000000000e+06
1.180504000000000000e+06
1.383642000000000000e+06
1.638205000000000000e+06
1.962720000000000000e+06
2.371778000000000000e+06
2.888110000000000000e+06
3.522032000000000000e+06
4.277667000000000000e+06
5.089061000000000000e+06
5.827417000000000000e+06
6.283379000000000000e+06
6.284465000000000000e+06
5.828028000000000000e+06
5.091806000000000000e+06
4.273281000000000000e+06
3.522464000000000000e+06
2.885165000000000000e+06
2.372858000000000000e+06
1.962419000000000000e+06
1.637119000000000000e+06
1.383373000000000000e+06
1.179613000000000000e+06
1.014342000000000000e+06
8.780720000000000000e+05
7.680510000000000000e+05
6.783520000000000000e+05
6.003280000000000000e+05
5.363960000000000000e+05
4.810870000000000000e+05
4.322600000000000000e+05
3.930610000000000000e+05
3.568660000000000000e+05
3.269500000000000000e+05
2.999660000000000000e+05
2.751020000000000000e+05
2.553230000000000000e+05
2.355240000000000000e+05
2.180780000000000000e+05
2.035240000000000000e+05
1.905990000000000000e+05
1.779280000000000000e+05
1.659300000000000000e+05
1.560820000000000000e+05
1.472260000000000000e+05
1.396370000000000000e+05
1.305380000000000000e+05
1.237060000000000000e+05
1.168800000000000000e+05
1.116300000000000000e+05
1.058460000000000000e+05
1.006710000000000000e+05
9.566000000000000000e+04
9.125200000000000000e+04
8.694300000000000000e+04
8.313800000000000000e+04
7.967700000000000000e+04
7.548300000000000000e+04
7.275800000000000000e+04
6.980400000000000000e+04
6.726900000000000000e+04
6.407000000000000000e+04
