6.416800000000000000e+04
6.741400000000000000e+04
6.981500000000000000e+04
7.237000000000000000e+04
7.596900000000000000e+04
7.941400000000000000e+04
8.312100000000000000e+04
8.717800000000000000e+04
9.107000000000000000e+04
9.538900000000000000e+04
1.007390000000000000e+05
1.054480000000000000e+05
1.108350000000000000e+05
1.172820000000000000e+05
1.231900000000000000e+05
1.308870000000000000e+05
1.381400000000000000e+05
1.472360000000000000e+05
1.562740000000000000e+05
1.671900000000000000e+05
1.770650000000000000e+05
1.896590000000000000e+05
2.036350000000000000e+05
2.183750000000000000e+05
2.363000000000000000e+05
2.544000000000000000e+05
2.761680000000000000e+05
3.000720000000000000e+05
3.277980000000000000e+05
3.577160000000000000e+05
3.931980000000000000e+05
4.337520000000000000e+05
4.810200000000000000e+05
5.365490000000000000e+05
6.020510000000000000e+05
6.774420000000000000e+05
7.685430000000000000e+05
8.785070000000000000e+05
1.013049000000000000e+06
1.179010000000000000e+06
1.380826000000000000e+06
1.642735000000000000e+06
1.963816000000000000e+06
2.373020000000000000e+06
2.885448000000000000e+06
3.519553000000000000e+06
4.276828000000000000e+06
5.093220000000000000e+06
5.825277000000000000e+06
6.283943000000000000e+06
6.277780000000000000e+06
5.831434000000000000e+06
5.090479000000000000e+06
4.275209000000000000e+06
3.525185000000000000e+06
2.890468000000000000e+06
2.369598000000000000e+06
1.961741000000000000e+06
1.640160000000000000e+06
1.384037000000000000e+06
1.177671000000000000e+06
1.012055000000000000e+06
8.791250000000000000e+05
7.700380000000000000e+05
6.758760000000000000e+05
6.000020000000000000e+05
5.357350000000000000e+05
4.807720000000000000e+05
4.352040000000000000e+05
3.925820000000000000e+05
3.576730000000000000e+05
3.259930000000000000e+05
2.993660000000000000e+05
2.755660000000000000e+05
2.545000000000000000e+05
2.356490000000000000e+05
2.192240000000000000e+05
2.037060000000000000e+05
1.904140000000000000e+05
1.780450000000000000e+05
1.661070000000000000e+05
1.562920000000000000e+05
1.471290000000000000e+05
1.387340000000000000e+05
1.306730000000000000e+05
1.236820000000000000e+05
1.174590000000000000e+05
1.112210000000000000e+05
1.057510000000000000e+05
1.001040000000000000e+05
9.555300000000000000e+04
9.128700000000000000e+04
8.652100000000000000e+04
8.268000000000000000e+04
7.905600000000000000e+04
7.591400000000000000e+04
7.248300000000000000e+04
6.943400000000000000e+04
6.688800000000000000e+04
6.388600000000000000e+04
