6.268000000000000000e+03
6.372000000000000000e+03
6.351000000000000000e+03
6.553000000000000000e+03
6.511000000000000000e+03
6.509000000000000000e+03
6.434000000000000000e+03
6.464000000000000000e+03
6.631000000000000000e+03
6.424000000000000000e+03
6.618000000000000000e+03
6.610000000000000000e+03
6.580000000000000000e+03
6.701000000000000000e+03
6.723000000000000000e+03
6.719000000000000000e+03
6.793000000000000000e+03
6.732000000000000000e+03
6.958000000000000000e+03
6.955000000000000000e+03
6.734000000000000000e+03
6.951000000000000000e+03
6.808000000000000000e+03
7.103000000000000000e+03
7.076000000000000000e+03
6.996000000000000000e+03
6.964000000000000000e+03
7.147000000000000000e+03
7.067000000000000000e+03
7.092000000000000000e+03
7.172000000000000000e+03
7.166000000000000000e+03
7.122000000000000000e+03
7.264000000000000000e+03
7.102000000000000000e+03
7.249000000000000000e+03
7.339000000000000000e+03
7.321000000000000000e+03
7.520000000000000000e+03
7.351000000000000000e+03
7.499000000000000000e+03
7.395000000000000000e+03
7.542000000000000000e+03
7.528000000000000000e+03
7.596000000000000000e+03
7.556000000000000000e+03
7.688000000000000000e+03
7.565000000000000000e+03
7.711000000000000000e+03
7.730000000000000000e+03
7.780000000000000000e+03
7.845000000000000000e+03
7.893000000000000000e+03
7.836000000000000000e+03
7.942000000000000000e+03
8.001000000000000000e+03
7.936000000000000000e+03
8.021000000000000000e+03
8.067000000000000000e+03
8.050000000000000000e+03
8.110000000000000000e+03
8.101000000000000000e+03
8.256000000000000000e+03
8.215000000000000000e+03
8.351000000000000000e+03
8.283000000000000000e+03
8.455000000000000000e+03
8.465000000000000000e+03
8.307000000000000000e+03
8.674000000000000000e+03
8.402000000000000000e+03
8.675000000000000000e+03
8.650000000000000000e+03
8.597000000000000000e+03
8.598000000000000000e+03
8.741000000000000000e+03
8.858000000000000000e+03
8.703000000000000000e+03
8.948000000000000000e+03
8.883000000000000000e+03
8.826000000000000000e+03
8.881000000000000000e+03
8.929000000000000000e+03
9.235000000000000000e+03
9.048000000000000000e+03
9.183000000000000000e+03
9.040000000000000000e+03
9.228000000000000000e+03
9.175000000000000000e+03
9.311000000000000000e+03
9.348000000000000000e+03
9.425000000000000000e+03
9.618000000000000000e+03
9.465000000000000000e+03
9.511000000000000000e+03
9.678000000000000000e+03
9.727000000000000000e+03
9.741000000000000000e+03
9.760000000000000000e+03
9.841000000000000000e+03
1.007500000000000000e+04
9.781000000000000000e+03
9.917000000000000000e+03
9.979000000000000000e+03
1.001600000000000000e+04
9.969000000000000000e+03
1.004300000000000000e+04
1.013900000000000000e+04
1.018700000000000000e+04
1.018800000000000000e+04
1.042100000000000000e+04
1.036600000000000000e+04
1.033600000000000000e+04
1.041700000000000000e+04
1.050700000000000000e+04
1.057700000000000000e+04
1.057500000000000000e+04
1.066500000000000000e+04
1.065000000000000000e+04
1.099700000000000000e+04
1.099500000000000000e+04
1.104100000000000000e+04
1.077100000000000000e+04
1.102500000000000000e+04
1.106600000000000000e+04
1.112000000000000000e+04
1.118200000000000000e+04
1.139900000000000000e+04
1.137600000000000000e+04
1.141900000000000000e+04
1.146300000000000000e+04
1.151100000000000000e+04
1.159500000000000000e+04
1.164800000000000000e+04
1.182500000000000000e+04
1.170400000000000000e+04
1.185400000000000000e+04
1.177700000000000000e+04
1.185700000000000000e+04
1.199200000000000000e+04
1.198300000000000000e+04
1.207100000000000000e+04
1.243700000000000000e+04
1.239500000000000000e+04
1.252800000000000000e+04
1.248400000000000000e+04
1.230900000000000000e+04
1.255800000000000000e+04
1.267800000000000000e+04
1.268100000000000000e+04
1.284400000000000000e+04
1.283300000000000000e+04
1.279200000000000000e+04
1.278900000000000000e+04
1.323700000000000000e+04
1.309000000000000000e+04
1.336800000000000000e+04
1.330700000000000000e+04
1.330100000000000000e+04
1.352900000000000000e+04
1.346900000000000000e+04
1.354700000000000000e+04
1.371200000000000000e+04
1.382300000000000000e+04
1.388900000000000000e+04
1.397400000000000000e+04
1.412500000000000000e+04
1.413300000000000000e+04
1.413300000000000000e+04
1.404500000000000000e+04
1.416600000000000000e+04
1.450000000000000000e+04
1.442600000000000000e+04
1.468300000000000000e+04
1.457900000000000000e+04
1.492300000000000000e+04
1.482500000000000000e+04
1.486900000000000000e+04
1.500600000000000000e+04
1.497200000000000000e+04
1.544600000000000000e+04
1.526000000000000000e+04
1.515400000000000000e+04
1.556500000000000000e+04
1.570400000000000000e+04
1.582200000000000000e+04
1.583400000000000000e+04
1.578100000000000000e+04
1.619500000000000000e+04
1.609200000000000000e+04
1.622500000000000000e+04
1.651500000000000000e+04
1.631500000000000000e+04
1.680800000000000000e+04
1.678800000000000000e+04
1.675000000000000000e+04
1.695500000000000000e+04
1.687600000000000000e+04
1.701400000000000000e+04
1.716800000000000000e+04
1.720700000000000000e+04
1.735100000000000000e+04
1.767800000000000000e+04
1.752300000000000000e+04
1.787500000000000000e+04
1.774200000000000000e+04
1.796400000000000000e+04
1.805200000000000000e+04
1.803700000000000000e+04
1.843700000000000000e+04
1.860500000000000000e+04
1.841900000000000000e+04
1.882000000000000000e+04
1.885700000000000000e+04
1.922500000000000000e+04
1.912800000000000000e+04
1.944700000000000000e+04
1.927600000000000000e+04
1.958100000000000000e+04
1.971900000000000000e+04
1.986200000000000000e+04
2.009800000000000000e+04
1.990200000000000000e+04
1.996800000000000000e+04
2.044200000000000000e+04
2.039700000000000000e+04
2.072500000000000000e+04
2.041600000000000000e+04
2.092100000000000000e+04
2.093600000000000000e+04
2.129000000000000000e+04
2.138300000000000000e+04
2.132500000000000000e+04
2.171600000000000000e+04
2.174100000000000000e+04
2.187800000000000000e+04
2.207100000000000000e+04
2.229400000000000000e+04
2.233900000000000000e+04
2.258800000000000000e+04
2.300600000000000000e+04
2.287700000000000000e+04
2.307200000000000000e+04
2.355400000000000000e+04
2.348500000000000000e+04
2.366600000000000000e+04
2.384600000000000000e+04
2.396100000000000000e+04
2.445200000000000000e+04
2.441800000000000000e+04
2.453300000000000000e+04
2.493200000000000000e+04
2.492600000000000000e+04
2.508700000000000000e+04
2.537000000000000000e+04
2.537200000000000000e+04
2.588300000000000000e+04
2.622300000000000000e+04
2.627400000000000000e+04
2.649500000000000000e+04
2.632000000000000000e+04
2.694000000000000000e+04
2.692600000000000000e+04
2.731900000000000000e+04
2.738200000000000000e+04
2.763200000000000000e+04
2.797100000000000000e+04
2.793800000000000000e+04
2.840600000000000000e+04
2.829500000000000000e+04
2.878000000000000000e+04
2.909400000000000000e+04
2.928000000000000000e+04
2.991900000000000000e+04
2.996100000000000000e+04
3.002100000000000000e+04
3.001200000000000000e+04
3.050700000000000000e+04
3.091000000000000000e+04
3.129400000000000000e+04
3.117600000000000000e+04
3.176500000000000000e+04
3.199200000000000000e+04
3.210700000000000000e+04
3.258000000000000000e+04
3.310000000000000000e+04
3.287300000000000000e+04
3.327000000000000000e+04
3.368700000000000000e+04
3.386800000000000000e+04
3.422400000000000000e+04
3.482300000000000000e+04
3.474400000000000000e+04
3.508500000000000000e+04
3.548100000000000000e+04
3.599700000000000000e+04
3.615100000000000000e+04
3.654400000000000000e+04
3.717700000000000000e+04
3.721100000000000000e+04
3.735800000000000000e+04
3.797200000000000000e+04
3.779200000000000000e+04
3.929000000000000000e+04
3.900000000000000000e+04
3.966500000000000000e+04
3.991400000000000000e+04
4.035500000000000000e+04
4.035900000000000000e+04
4.100900000000000000e+04
4.115300000000000000e+04
4.200200000000000000e+04
4.228400000000000000e+04
4.256500000000000000e+04
4.292900000000000000e+04
4.344700000000000000e+04
4.407300000000000000e+04
4.462700000000000000e+04
4.508300000000000000e+04
4.561400000000000000e+04
4.559900000000000000e+04
4.601900000000000000e+04
4.674600000000000000e+04
4.737500000000000000e+04
4.776500000000000000e+04
4.806200000000000000e+04
4.891500000000000000e+04
4.938600000000000000e+04
4.996600000000000000e+04
5.029800000000000000e+04
5.111100000000000000e+04
5.151600000000000000e+04
5.202300000000000000e+04
5.233300000000000000e+04
5.333800000000000000e+04
5.344200000000000000e+04
5.418200000000000000e+04
5.485400000000000000e+04
5.557100000000000000e+04
5.638600000000000000e+04
5.706300000000000000e+04
5.768600000000000000e+04
5.808200000000000000e+04
5.881600000000000000e+04
5.955600000000000000e+04
6.040000000000000000e+04
6.114900000000000000e+04
6.193900000000000000e+04
6.251000000000000000e+04
6.349200000000000000e+04
6.450700000000000000e+04
6.464300000000000000e+04
6.566800000000000000e+04
6.615200000000000000e+04
6.701000000000000000e+04
6.836900000000000000e+04
6.897900000000000000e+04
6.969400000000000000e+04
7.093500000000000000e+04
7.148200000000000000e+04
7.238900000000000000e+04
7.324800000000000000e+04
7.461800000000000000e+04
7.533600000000000000e+04
7.653000000000000000e+04
7.769700000000000000e+04
7.846700000000000000e+04
7.950900000000000000e+04
8.038800000000000000e+04
8.152200000000000000e+04
8.261800000000000000e+04
8.416800000000000000e+04
8.507100000000000000e+04
8.649600000000000000e+04
8.696400000000000000e+04
8.871400000000000000e+04
8.969900000000000000e+04
9.074800000000000000e+04
9.227100000000000000e+04
9.372700000000000000e+04
9.497300000000000000e+04
9.596900000000000000e+04
9.796900000000000000e+04
9.922200000000000000e+04
1.001660000000000000e+05
1.016700000000000000e+05
1.037720000000000000e+05
1.048510000000000000e+05
1.064170000000000000e+05
1.086580000000000000e+05
1.093070000000000000e+05
1.117380000000000000e+05
1.128430000000000000e+05
1.149010000000000000e+05
1.164990000000000000e+05
1.181500000000000000e+05
1.201080000000000000e+05
1.219590000000000000e+05
1.246060000000000000e+05
1.261940000000000000e+05
1.277970000000000000e+05
1.301510000000000000e+05
1.327500000000000000e+05
1.343430000000000000e+05
1.374730000000000000e+05
1.395210000000000000e+05
1.412160000000000000e+05
1.437890000000000000e+05
1.458540000000000000e+05
1.488330000000000000e+05
1.513470000000000000e+05
1.534950000000000000e+05
1.575770000000000000e+05
1.597180000000000000e+05
1.627540000000000000e+05
1.654280000000000000e+05
1.678040000000000000e+05
1.710210000000000000e+05
1.745970000000000000e+05
1.772950000000000000e+05
1.805930000000000000e+05
1.835670000000000000e+05
1.872700000000000000e+05
1.908990000000000000e+05
1.934310000000000000e+05
1.968870000000000000e+05
2.021040000000000000e+05
2.055730000000000000e+05
2.093250000000000000e+05
2.137260000000000000e+05
2.171230000000000000e+05
2.220060000000000000e+05
2.245670000000000000e+05
2.290960000000000000e+05
2.358070000000000000e+05
2.384980000000000000e+05
2.447200000000000000e+05
2.483810000000000000e+05
2.543720000000000000e+05
2.581030000000000000e+05
2.643000000000000000e+05
2.695120000000000000e+05
2.741080000000000000e+05
2.800020000000000000e+05
2.844440000000000000e+05
2.918890000000000000e+05
2.962790000000000000e+05
3.025050000000000000e+05
3.084330000000000000e+05
3.161310000000000000e+05
3.215040000000000000e+05
3.287330000000000000e+05
3.338390000000000000e+05
3.417250000000000000e+05
3.478500000000000000e+05
3.552340000000000000e+05
3.633420000000000000e+05
3.692050000000000000e+05
3.773690000000000000e+05
3.846440000000000000e+05
3.912900000000000000e+05
3.992470000000000000e+05
4.071010000000000000e+05
4.155830000000000000e+05
4.232970000000000000e+05
4.311640000000000000e+05
4.389210000000000000e+05
4.477020000000000000e+05
4.568360000000000000e+05
4.640770000000000000e+05
4.727580000000000000e+05
4.793140000000000000e+05
4.878370000000000000e+05
4.970050000000000000e+05
5.054280000000000000e+05
5.139570000000000000e+05
5.199500000000000000e+05
5.288220000000000000e+05
5.371730000000000000e+05
5.440550000000000000e+05
5.527660000000000000e+05
5.593580000000000000e+05
5.686360000000000000e+05
5.743070000000000000e+05
5.789890000000000000e+05
5.879950000000000000e+05
5.934290000000000000e+05
5.991530000000000000e+05
6.045970000000000000e+05
6.081830000000000000e+05
6.144110000000000000e+05
6.182810000000000000e+05
6.219870000000000000e+05
6.239220000000000000e+05
6.279900000000000000e+05
6.317780000000000000e+05
6.344190000000000000e+05
6.342810000000000000e+05
6.357390000000000000e+05
6.378670000000000000e+05
6.365100000000000000e+05
6.353790000000000000e+05
6.328990000000000000e+05
6.321950000000000000e+05
6.323230000000000000e+05
6.287960000000000000e+05
6.271910000000000000e+05
6.227040000000000000e+05
6.179760000000000000e+05
6.151900000000000000e+05
6.087020000000000000e+05
6.045050000000000000e+05
5.974970000000000000e+05
5.931940000000000000e+05
5.871950000000000000e+05
5.818860000000000000e+05
5.759950000000000000e+05
5.656340000000000000e+05
5.595260000000000000e+05
5.521030000000000000e+05
5.466350000000000000e+05
5.379030000000000000e+05
5.291330000000000000e+05
5.222270000000000000e+05
5.133800000000000000e+05
5.052850000000000000e+05
4.976770000000000000e+05
4.885600000000000000e+05
4.805850000000000000e+05
4.724970000000000000e+05
4.645390000000000000e+05
4.562960000000000000e+05
4.465430000000000000e+05
4.395590000000000000e+05
4.323100000000000000e+05
4.225800000000000000e+05
4.157710000000000000e+05
4.072710000000000000e+05
3.987610000000000000e+05
3.931130000000000000e+05
3.838710000000000000e+05
3.771270000000000000e+05
3.684950000000000000e+05
3.618330000000000000e+05
3.547380000000000000e+05
3.479430000000000000e+05
3.409860000000000000e+05
3.340530000000000000e+05
3.281440000000000000e+05
3.223200000000000000e+05
3.150810000000000000e+05
3.091580000000000000e+05
3.018740000000000000e+05
2.965210000000000000e+05
2.908590000000000000e+05
2.855980000000000000e+05
2.799000000000000000e+05
2.742850000000000000e+05
2.691150000000000000e+05
2.631080000000000000e+05
2.585980000000000000e+05
2.533210000000000000e+05
2.481940000000000000e+05
2.433480000000000000e+05
2.395890000000000000e+05
2.341330000000000000e+05
2.287430000000000000e+05
2.254570000000000000e+05
2.212860000000000000e+05
2.178830000000000000e+05
2.127850000000000000e+05
2.091050000000000000e+05
2.055530000000000000e+05
2.022770000000000000e+05
1.974980000000000000e+05
1.931010000000000000e+05
1.906850000000000000e+05
1.865380000000000000e+05
1.838060000000000000e+05
1.805570000000000000e+05
1.774560000000000000e+05
1.744960000000000000e+05
1.714140000000000000e+05
1.679240000000000000e+05
1.647900000000000000e+05
1.618820000000000000e+05
1.594170000000000000e+05
1.566560000000000000e+05
1.541650000000000000e+05
1.514770000000000000e+05
1.487730000000000000e+05
1.464810000000000000e+05
1.435680000000000000e+05
1.417200000000000000e+05
1.391490000000000000e+05
1.365620000000000000e+05
1.346040000000000000e+05
1.325220000000000000e+05
1.304150000000000000e+05
1.284890000000000000e+05
1.266180000000000000e+05
1.239950000000000000e+05
1.224210000000000000e+05
1.204540000000000000e+05
1.182330000000000000e+05
1.166210000000000000e+05
1.148750000000000000e+05
1.131380000000000000e+05
1.108010000000000000e+05
1.100340000000000000e+05
1.083820000000000000e+05
1.065030000000000000e+05
1.054780000000000000e+05
1.037270000000000000e+05
1.018380000000000000e+05
1.007930000000000000e+05
9.971000000000000000e+04
9.689800000000000000e+04
9.622100000000000000e+04
9.485600000000000000e+04
9.346300000000000000e+04
9.242600000000000000e+04
9.069800000000000000e+04
9.011300000000000000e+04
8.858700000000000000e+04
8.704400000000000000e+04
8.624000000000000000e+04
8.512600000000000000e+04
8.364500000000000000e+04
8.218700000000000000e+04
8.137600000000000000e+04
8.041300000000000000e+04
7.980700000000000000e+04
7.812500000000000000e+04
7.725100000000000000e+04
7.579900000000000000e+04
7.489000000000000000e+04
7.450100000000000000e+04
7.364600000000000000e+04
7.208700000000000000e+04
7.171000000000000000e+04
7.067700000000000000e+04
6.979400000000000000e+04
6.893400000000000000e+04
6.753100000000000000e+04
6.733300000000000000e+04
6.594500000000000000e+04
6.570800000000000000e+04
6.469400000000000000e+04
6.472800000000000000e+04
6.337500000000000000e+04
6.249000000000000000e+04
6.199200000000000000e+04
6.087300000000000000e+04
6.057700000000000000e+04
5.983900000000000000e+04
5.908500000000000000e+04
5.870300000000000000e+04
5.786500000000000000e+04
5.690900000000000000e+04
5.661400000000000000e+04
5.567800000000000000e+04
5.491500000000000000e+04
5.476200000000000000e+04
5.402200000000000000e+04
5.309700000000000000e+04
5.256800000000000000e+04
5.207500000000000000e+04
5.152600000000000000e+04
5.055300000000000000e+04
4.975800000000000000e+04
4.976100000000000000e+04
4.948100000000000000e+04
4.886000000000000000e+04
4.811800000000000000e+04
4.761500000000000000e+04
4.764400000000000000e+04
4.655700000000000000e+04
4.620200000000000000e+04
4.588500000000000000e+04
4.551700000000000000e+04
4.483800000000000000e+04
4.439400000000000000e+04
4.358100000000000000e+04
4.329700000000000000e+04
4.321400000000000000e+04
4.261900000000000000e+04
4.223700000000000000e+04
4.179700000000000000e+04
4.112100000000000000e+04
4.125000000000000000e+04
4.039600000000000000e+04
4.019300000000000000e+04
3.970100000000000000e+04
3.947900000000000000e+04
3.924500000000000000e+04
3.896600000000000000e+04
3.840600000000000000e+04
3.806500000000000000e+04
3.746300000000000000e+04
3.731700000000000000e+04
3.679000000000000000e+04
3.624900000000000000e+04
3.633100000000000000e+04
3.596000000000000000e+04
3.586600000000000000e+04
3.530700000000000000e+04
3.509700000000000000e+04
3.499500000000000000e+04
3.437200000000000000e+04
3.396100000000000000e+04
3.378200000000000000e+04
3.286300000000000000e+04
3.304200000000000000e+04
3.305800000000000000e+04
3.265900000000000000e+04
3.223700000000000000e+04
3.190100000000000000e+04
3.181300000000000000e+04
3.144800000000000000e+04
3.137800000000000000e+04
3.101500000000000000e+04
3.066400000000000000e+04
3.047000000000000000e+04
2.996900000000000000e+04
2.998500000000000000e+04
2.975800000000000000e+04
2.940600000000000000e+04
2.917200000000000000e+04
2.894700000000000000e+04
2.845400000000000000e+04
2.805400000000000000e+04
2.790400000000000000e+04
2.777700000000000000e+04
2.770300000000000000e+04
2.745700000000000000e+04
2.739900000000000000e+04
2.725700000000000000e+04
2.684400000000000000e+04
2.633800000000000000e+04
2.657100000000000000e+04
2.625100000000000000e+04
2.598400000000000000e+04
2.559400000000000000e+04
2.550100000000000000e+04
2.503400000000000000e+04
2.523500000000000000e+04
2.482700000000000000e+04
2.469200000000000000e+04
2.478300000000000000e+04
2.447300000000000000e+04
2.448300000000000000e+04
2.411500000000000000e+04
2.381900000000000000e+04
2.346900000000000000e+04
2.353700000000000000e+04
2.379000000000000000e+04
2.320900000000000000e+04
2.283900000000000000e+04
2.265100000000000000e+04
2.246000000000000000e+04
2.262300000000000000e+04
2.246400000000000000e+04
2.212800000000000000e+04
2.219400000000000000e+04
2.160800000000000000e+04
2.178600000000000000e+04
2.131800000000000000e+04
2.126600000000000000e+04
2.099400000000000000e+04
2.089700000000000000e+04
2.092100000000000000e+04
2.080900000000000000e+04
2.065600000000000000e+04
2.054000000000000000e+04
2.030600000000000000e+04
2.035900000000000000e+04
2.012200000000000000e+04
1.980900000000000000e+04
1.989300000000000000e+04
1.960000000000000000e+04
1.926800000000000000e+04
1.950200000000000000e+04
1.908800000000000000e+04
1.914600000000000000e+04
1.882700000000000000e+04
1.895000000000000000e+04
1.864000000000000000e+04
1.855300000000000000e+04
1.834500000000000000e+04
1.834900000000000000e+04
1.819000000000000000e+04
1.788900000000000000e+04
1.798100000000000000e+04
1.777500000000000000e+04
1.764700000000000000e+04
1.760000000000000000e+04
1.767300000000000000e+04
1.730400000000000000e+04
1.723600000000000000e+04
1.721200000000000000e+04
1.678300000000000000e+04
1.696200000000000000e+04
1.674300000000000000e+04
1.682500000000000000e+04
1.652900000000000000e+04
1.621100000000000000e+04
1.634900000000000000e+04
1.646400000000000000e+04
1.619600000000000000e+04
1.618100000000000000e+04
1.609600000000000000e+04
1.599300000000000000e+04
1.587700000000000000e+04
1.563400000000000000e+04
1.564700000000000000e+04
1.544700000000000000e+04
1.547600000000000000e+04
1.519100000000000000e+04
1.526300000000000000e+04
1.514700000000000000e+04
1.508500000000000000e+04
1.486300000000000000e+04
1.486400000000000000e+04
1.484200000000000000e+04
1.452000000000000000e+04
1.460900000000000000e+04
1.475600000000000000e+04
1.423200000000000000e+04
1.436200000000000000e+04
1.415300000000000000e+04
1.412300000000000000e+04
1.445800000000000000e+04
1.407200000000000000e+04
1.395600000000000000e+04
1.378500000000000000e+04
1.396200000000000000e+04
1.361700000000000000e+04
1.349200000000000000e+04
1.360100000000000000e+04
1.338900000000000000e+04
1.327100000000000000e+04
1.341100000000000000e+04
1.334400000000000000e+04
1.293100000000000000e+04
1.283400000000000000e+04
1.317200000000000000e+04
1.305900000000000000e+04
1.265700000000000000e+04
1.283900000000000000e+04
1.283800000000000000e+04
1.254500000000000000e+04
1.266100000000000000e+04
1.253300000000000000e+04
1.243000000000000000e+04
1.236500000000000000e+04
1.214100000000000000e+04
1.228300000000000000e+04
1.214900000000000000e+04
1.199300000000000000e+04
1.205600000000000000e+04
1.197800000000000000e+04
1.198200000000000000e+04
1.194500000000000000e+04
1.188200000000000000e+04
1.185800000000000000e+04
1.155100000000000000e+04
1.146500000000000000e+04
1.142800000000000000e+04
1.124400000000000000e+04
1.144400000000000000e+04
1.132400000000000000e+04
1.121700000000000000e+04
1.125200000000000000e+04
1.118000000000000000e+04
1.091700000000000000e+04
1.105000000000000000e+04
1.090400000000000000e+04
1.088700000000000000e+04
1.057300000000000000e+04
1.087300000000000000e+04
1.081200000000000000e+04
1.073800000000000000e+04
1.081100000000000000e+04
1.052000000000000000e+04
1.061700000000000000e+04
1.052000000000000000e+04
1.036300000000000000e+04
1.053400000000000000e+04
1.032500000000000000e+04
1.040300000000000000e+04
1.027500000000000000e+04
1.024400000000000000e+04
9.942000000000000000e+03
9.935000000000000000e+03
1.001600000000000000e+04
1.001300000000000000e+04
9.870000000000000000e+03
9.994000000000000000e+03
9.887000000000000000e+03
9.737000000000000000e+03
9.811000000000000000e+03
9.736000000000000000e+03
9.711000000000000000e+03
9.674000000000000000e+03
9.621000000000000000e+03
9.447000000000000000e+03
9.430000000000000000e+03
9.413000000000000000e+03
9.387000000000000000e+03
9.163000000000000000e+03
9.256000000000000000e+03
9.244000000000000000e+03
9.222000000000000000e+03
9.088000000000000000e+03
9.045000000000000000e+03
9.157000000000000000e+03
9.169000000000000000e+03
8.779000000000000000e+03
9.010000000000000000e+03
9.038000000000000000e+03
8.760000000000000000e+03
8.723000000000000000e+03
8.871000000000000000e+03
8.723000000000000000e+03
8.763000000000000000e+03
8.681000000000000000e+03
8.596000000000000000e+03
8.592000000000000000e+03
8.467000000000000000e+03
8.485000000000000000e+03
8.441000000000000000e+03
8.205000000000000000e+03
8.373000000000000000e+03
8.356000000000000000e+03
8.339000000000000000e+03
8.303000000000000000e+03
8.162000000000000000e+03
8.290000000000000000e+03
8.052000000000000000e+03
7.953000000000000000e+03
8.124000000000000000e+03
8.136000000000000000e+03
7.966000000000000000e+03
7.804000000000000000e+03
7.853000000000000000e+03
8.017000000000000000e+03
7.877000000000000000e+03
7.881000000000000000e+03
7.653000000000000000e+03
7.606000000000000000e+03
7.817000000000000000e+03
7.793000000000000000e+03
7.669000000000000000e+03
7.582000000000000000e+03
7.514000000000000000e+03
7.656000000000000000e+03
7.513000000000000000e+03
7.430000000000000000e+03
7.379000000000000000e+03
7.394000000000000000e+03
7.298000000000000000e+03
7.323000000000000000e+03
7.198000000000000000e+03
7.266000000000000000e+03
7.081000000000000000e+03
7.227000000000000000e+03
7.164000000000000000e+03
7.242000000000000000e+03
7.100000000000000000e+03
7.044000000000000000e+03
6.938000000000000000e+03
7.071000000000000000e+03
6.984000000000000000e+03
6.901000000000000000e+03
6.942000000000000000e+03
6.944000000000000000e+03
6.774000000000000000e+03
6.995000000000000000e+03
6.866000000000000000e+03
6.736000000000000000e+03
6.761000000000000000e+03
6.642000000000000000e+03
6.735000000000000000e+03
6.888000000000000000e+03
6.687000000000000000e+03
6.591000000000000000e+03
6.594000000000000000e+03
6.637000000000000000e+03
6.561000000000000000e+03
6.613000000000000000e+03
6.660000000000000000e+03
6.498000000000000000e+03
6.464000000000000000e+03
6.491000000000000000e+03
6.413000000000000000e+03
6.335000000000000000e+03
6.199000000000000000e+03
6.363000000000000000e+03
6.348000000000000000e+03
