6.557000000000000000e+03
6.357000000000000000e+03
6.275000000000000000e+03
6.325000000000000000e+03
6.353000000000000000e+03
6.501000000000000000e+03
6.395000000000000000e+03
6.496000000000000000e+03
6.548000000000000000e+03
6.705000000000000000e+03
6.683000000000000000e+03
6.542000000000000000e+03
6.728000000000000000e+03
6.630000000000000000e+03
6.680000000000000000e+03
6.692000000000000000e+03
6.814000000000000000e+03
6.714000000000000000e+03
6.736000000000000000e+03
6.893000000000000000e+03
6.860000000000000000e+03
6.962000000000000000e+03
6.982000000000000000e+03
6.969000000000000000e+03
7.110000000000000000e+03
6.970000000000000000e+03
7.160000000000000000e+03
6.971000000000000000e+03
7.084000000000000000e+03
7.205000000000000000e+03
7.178000000000000000e+03
7.089000000000000000e+03
7.257000000000000000e+03
7.316000000000000000e+03
7.213000000000000000e+03
7.355000000000000000e+03
7.337000000000000000e+03
7.460000000000000000e+03
7.346000000000000000e+03
7.555000000000000000e+03
7.489000000000000000e+03
7.494000000000000000e+03
7.713000000000000000e+03
7.669000000000000000e+03
7.599000000000000000e+03
7.622000000000000000e+03
7.453000000000000000e+03
7.619000000000000000e+03
7.716000000000000000e+03
7.832000000000000000e+03
7.748000000000000000e+03
7.887000000000000000e+03
7.861000000000000000e+03
7.894000000000000000e+03
7.994000000000000000e+03
7.821000000000000000e+03
8.139000000000000000e+03
7.963000000000000000e+03
7.975000000000000000e+03
7.986000000000000000e+03
8.193000000000000000e+03
8.102000000000000000e+03
8.037000000000000000e+03
8.226000000000000000e+03
8.365000000000000000e+03
8.364000000000000000e+03
8.452000000000000000e+03
8.293000000000000000e+03
8.303000000000000000e+03
8.577000000000000000e+03
8.443000000000000000e+03
8.506000000000000000e+03
8.441000000000000000e+03
8.560000000000000000e+03
8.535000000000000000e+03
8.696000000000000000e+03
8.928000000000000000e+03
8.843000000000000000e+03
8.800000000000000000e+03
8.867000000000000000e+03
9.104000000000000000e+03
9.011000000000000000e+03
9.046000000000000000e+03
9.042000000000000000e+03
9.267000000000000000e+03
9.186000000000000000e+03
9.166000000000000000e+03
9.294000000000000000e+03
9.311000000000000000e+03
9.283000000000000000e+03
9.368000000000000000e+03
9.378000000000000000e+03
9.349000000000000000e+03
9.602000000000000000e+03
9.567000000000000000e+03
9.641000000000000000e+03
9.581000000000000000e+03
9.653000000000000000e+03
9.656000000000000000e+03
9.639000000000000000e+03
9.849000000000000000e+03
9.694000000000000000e+03
9.989000000000000000e+03
9.936000000000000000e+03
9.984000000000000000e+03
9.984000000000000000e+03
1.042700000000000000e+04
1.016500000000000000e+04
1.010300000000000000e+04
1.042800000000000000e+04
1.029400000000000000e+04
1.041500000000000000e+04
1.049600000000000000e+04
1.032700000000000000e+04
1.054400000000000000e+04
1.057800000000000000e+04
1.066200000000000000e+04
1.068400000000000000e+04
1.065000000000000000e+04
1.066500000000000000e+04
1.078000000000000000e+04
1.091700000000000000e+04
1.105300000000000000e+04
1.098100000000000000e+04
1.098000000000000000e+04
1.135400000000000000e+04
1.125900000000000000e+04
1.114000000000000000e+04
1.134800000000000000e+04
1.135900000000000000e+04
1.155400000000000000e+04
1.156700000000000000e+04
1.180800000000000000e+04
1.173100000000000000e+04
1.164000000000000000e+04
1.199400000000000000e+04
1.191000000000000000e+04
1.172400000000000000e+04
1.181400000000000000e+04
1.214800000000000000e+04
1.216100000000000000e+04
1.188400000000000000e+04
1.202200000000000000e+04
1.229600000000000000e+04
1.209000000000000000e+04
1.218500000000000000e+04
1.254600000000000000e+04
1.258500000000000000e+04
1.256600000000000000e+04
1.274300000000000000e+04
1.286200000000000000e+04
1.268900000000000000e+04
1.301700000000000000e+04
1.300800000000000000e+04
1.309700000000000000e+04
1.323900000000000000e+04
1.329500000000000000e+04
1.320900000000000000e+04
1.336200000000000000e+04
1.345800000000000000e+04
1.344900000000000000e+04
1.375400000000000000e+04
1.361200000000000000e+04
1.385300000000000000e+04
1.378600000000000000e+04
1.363600000000000000e+04
1.382100000000000000e+04
1.408000000000000000e+04
1.407700000000000000e+04
1.453600000000000000e+04
1.442400000000000000e+04
1.441200000000000000e+04
1.426000000000000000e+04
1.468000000000000000e+04
1.471600000000000000e+04
1.473200000000000000e+04
1.477900000000000000e+04
1.501400000000000000e+04
1.485100000000000000e+04
1.506700000000000000e+04
1.499200000000000000e+04
1.524900000000000000e+04
1.543400000000000000e+04
1.552100000000000000e+04
1.562100000000000000e+04
1.554100000000000000e+04
1.555000000000000000e+04
1.600800000000000000e+04
1.587100000000000000e+04
1.598800000000000000e+04
1.613900000000000000e+04
1.601100000000000000e+04
1.652600000000000000e+04
1.670900000000000000e+04
1.663800000000000000e+04
1.679700000000000000e+04
1.698300000000000000e+04
1.691800000000000000e+04
1.714500000000000000e+04
1.698200000000000000e+04
1.717600000000000000e+04
1.739000000000000000e+04
1.758600000000000000e+04
1.759400000000000000e+04
1.772800000000000000e+04
1.799600000000000000e+04
1.798100000000000000e+04
1.798900000000000000e+04
1.805800000000000000e+04
1.817500000000000000e+04
1.842800000000000000e+04
1.852000000000000000e+04
1.855900000000000000e+04
1.885400000000000000e+04
1.921100000000000000e+04
1.901000000000000000e+04
1.928100000000000000e+04
1.927900000000000000e+04
1.947000000000000000e+04
1.925200000000000000e+04
1.992900000000000000e+04
1.997200000000000000e+04
1.997800000000000000e+04
2.046500000000000000e+04
2.025100000000000000e+04
2.056100000000000000e+04
2.060500000000000000e+04
2.076100000000000000e+04
2.084600000000000000e+04
2.123200000000000000e+04
2.107100000000000000e+04
2.164600000000000000e+04
2.169800000000000000e+04
2.165200000000000000e+04
2.168400000000000000e+04
2.207000000000000000e+04
2.208100000000000000e+04
2.209600000000000000e+04
2.261200000000000000e+04
2.249100000000000000e+04
2.269400000000000000e+04
2.309400000000000000e+04
2.315600000000000000e+04
2.334100000000000000e+04
2.337200000000000000e+04
2.369700000000000000e+04
2.393600000000000000e+04
2.428100000000000000e+04
2.418600000000000000e+04
2.420700000000000000e+04
2.479300000000000000e+04
2.455100000000000000e+04
2.487200000000000000e+04
2.539400000000000000e+04
2.518700000000000000e+04
2.584500000000000000e+04
2.610500000000000000e+04
2.589000000000000000e+04
2.649200000000000000e+04
2.647800000000000000e+04
2.671100000000000000e+04
2.695500000000000000e+04
2.708600000000000000e+04
2.746700000000000000e+04
2.763700000000000000e+04
2.778000000000000000e+04
2.770600000000000000e+04
2.796600000000000000e+04
2.816200000000000000e+04
2.844800000000000000e+04
2.918600000000000000e+04
2.896800000000000000e+04
2.945700000000000000e+04
2.959300000000000000e+04
2.968300000000000000e+04
3.015900000000000000e+04
3.037700000000000000e+04
3.086100000000000000e+04
3.083900000000000000e+04
3.130600000000000000e+04
3.123400000000000000e+04
3.186200000000000000e+04
3.184800000000000000e+04
3.239900000000000000e+04
3.230900000000000000e+04
3.264700000000000000e+04
3.313700000000000000e+04
3.332000000000000000e+04
3.348600000000000000e+04
3.389700000000000000e+04
3.455800000000000000e+04
3.469500000000000000e+04
3.495800000000000000e+04
3.526900000000000000e+04
3.544300000000000000e+04
3.583200000000000000e+04
3.629100000000000000e+04
3.671900000000000000e+04
3.701400000000000000e+04
3.758300000000000000e+04
3.765400000000000000e+04
3.799700000000000000e+04
3.844900000000000000e+04
3.896300000000000000e+04
3.904500000000000000e+04
3.921100000000000000e+04
3.973300000000000000e+04
3.992800000000000000e+04
4.075400000000000000e+04
4.081200000000000000e+04
4.139900000000000000e+04
4.158000000000000000e+04
4.219100000000000000e+04
4.271300000000000000e+04
4.282600000000000000e+04
4.359200000000000000e+04
4.360600000000000000e+04
4.449000000000000000e+04
4.477400000000000000e+04
4.535100000000000000e+04
4.571300000000000000e+04
4.635200000000000000e+04
4.667200000000000000e+04
4.765800000000000000e+04
4.788600000000000000e+04
4.831600000000000000e+04
4.872100000000000000e+04
4.933600000000000000e+04
4.998400000000000000e+04
5.080200000000000000e+04
5.063100000000000000e+04
5.143300000000000000e+04
5.184900000000000000e+04
5.275900000000000000e+04
5.329600000000000000e+04
5.382700000000000000e+04
5.428400000000000000e+04
5.490000000000000000e+04
5.544500000000000000e+04
5.611200000000000000e+04
5.703600000000000000e+04
5.778200000000000000e+04
5.871600000000000000e+04
5.884300000000000000e+04
5.963300000000000000e+04
6.112600000000000000e+04
6.111300000000000000e+04
6.199900000000000000e+04
6.177200000000000000e+04
6.281000000000000000e+04
6.395400000000000000e+04
6.464200000000000000e+04
6.582300000000000000e+04
6.555100000000000000e+04
6.711300000000000000e+04
6.827400000000000000e+04
6.899000000000000000e+04
7.026500000000000000e+04
7.063900000000000000e+04
7.168600000000000000e+04
7.221200000000000000e+04
7.368100000000000000e+04
7.458400000000000000e+04
7.488900000000000000e+04
7.626900000000000000e+04
7.735300000000000000e+04
7.846500000000000000e+04
7.911100000000000000e+04
8.034500000000000000e+04
8.199600000000000000e+04
8.284500000000000000e+04
8.396400000000000000e+04
8.502900000000000000e+04
8.608700000000000000e+04
8.760100000000000000e+04
8.815700000000000000e+04
8.979700000000000000e+04
9.114800000000000000e+04
9.272400000000000000e+04
9.358400000000000000e+04
9.479100000000000000e+04
9.665200000000000000e+04
9.808500000000000000e+04
9.905700000000000000e+04
1.001740000000000000e+05
1.022590000000000000e+05
1.034680000000000000e+05
1.046400000000000000e+05
1.065740000000000000e+05
1.077570000000000000e+05
1.103990000000000000e+05
1.118220000000000000e+05
1.136460000000000000e+05
1.152620000000000000e+05
1.163820000000000000e+05
1.185000000000000000e+05
1.212120000000000000e+05
1.226700000000000000e+05
1.241720000000000000e+05
1.258950000000000000e+05
1.286860000000000000e+05
1.304050000000000000e+05
1.329310000000000000e+05
1.356710000000000000e+05
1.375380000000000000e+05
1.392410000000000000e+05
1.417380000000000000e+05
1.440220000000000000e+05
1.469220000000000000e+05
1.498420000000000000e+05
1.520420000000000000e+05
1.542680000000000000e+05
1.562050000000000000e+05
1.588080000000000000e+05
1.617330000000000000e+05
1.657040000000000000e+05
1.681350000000000000e+05
1.713890000000000000e+05
1.739860000000000000e+05
1.780920000000000000e+05
1.805100000000000000e+05
1.838790000000000000e+05
1.862000000000000000e+05
1.905460000000000000e+05
1.943550000000000000e+05
1.979740000000000000e+05
2.014530000000000000e+05
2.048710000000000000e+05
2.091250000000000000e+05
2.139670000000000000e+05
2.169570000000000000e+05
2.208060000000000000e+05
2.256050000000000000e+05
2.298100000000000000e+05
2.347620000000000000e+05
2.383890000000000000e+05
2.443180000000000000e+05
2.484800000000000000e+05
2.530080000000000000e+05
2.585330000000000000e+05
2.632220000000000000e+05
2.694570000000000000e+05
2.743420000000000000e+05
2.789330000000000000e+05
2.852530000000000000e+05
2.911730000000000000e+05
2.965890000000000000e+05
3.029760000000000000e+05
3.089560000000000000e+05
3.152350000000000000e+05
3.219460000000000000e+05
3.273760000000000000e+05
3.337670000000000000e+05
3.415830000000000000e+05
3.477100000000000000e+05
3.548950000000000000e+05
3.630920000000000000e+05
3.705760000000000000e+05
3.769570000000000000e+05
3.842790000000000000e+05
3.923820000000000000e+05
3.990820000000000000e+05
4.073250000000000000e+05
4.149790000000000000e+05
4.231130000000000000e+05
4.311250000000000000e+05
4.387500000000000000e+05
4.474440000000000000e+05
4.556550000000000000e+05
4.638500000000000000e+05
4.723530000000000000e+05
4.811860000000000000e+05
4.890770000000000000e+05
4.962520000000000000e+05
5.048410000000000000e+05
5.134620000000000000e+05
5.213290000000000000e+05
5.296660000000000000e+05
5.372690000000000000e+05
5.450520000000000000e+05
5.539270000000000000e+05
5.619270000000000000e+05
5.667530000000000000e+05
5.736080000000000000e+05
5.809220000000000000e+05
5.891190000000000000e+05
5.918300000000000000e+05
5.981930000000000000e+05
6.052620000000000000e+05
6.112020000000000000e+05
6.141760000000000000e+05
6.180200000000000000e+05
6.225950000000000000e+05
6.268850000000000000e+05
6.277210000000000000e+05
6.330470000000000000e+05
6.335500000000000000e+05
6.346430000000000000e+05
6.357740000000000000e+05
6.371810000000000000e+05
6.372940000000000000e+05
6.369100000000000000e+05
6.353020000000000000e+05
6.339760000000000000e+05
6.305620000000000000e+05
6.282370000000000000e+05
6.258560000000000000e+05
6.216250000000000000e+05
6.175410000000000000e+05
6.138740000000000000e+05
6.092710000000000000e+05
6.053860000000000000e+05
5.981830000000000000e+05
5.947470000000000000e+05
5.876230000000000000e+05
5.807300000000000000e+05
5.737090000000000000e+05
5.668370000000000000e+05
5.594820000000000000e+05
5.528840000000000000e+05
5.439860000000000000e+05
5.379670000000000000e+05
5.295910000000000000e+05
5.208360000000000000e+05
5.133850000000000000e+05
5.038730000000000000e+05
4.987820000000000000e+05
4.895250000000000000e+05
4.805830000000000000e+05
4.723390000000000000e+05
4.633470000000000000e+05
4.559410000000000000e+05
4.470110000000000000e+05
4.394650000000000000e+05
4.327780000000000000e+05
4.227650000000000000e+05
4.157560000000000000e+05
4.063180000000000000e+05
3.983120000000000000e+05
3.925950000000000000e+05
3.834880000000000000e+05
3.760000000000000000e+05
3.702780000000000000e+05
3.621040000000000000e+05
3.543310000000000000e+05
3.469390000000000000e+05
3.415070000000000000e+05
3.338300000000000000e+05
3.277170000000000000e+05
3.211080000000000000e+05
3.147850000000000000e+05
3.095960000000000000e+05
3.025540000000000000e+05
2.975800000000000000e+05
2.911310000000000000e+05
2.848350000000000000e+05
2.788760000000000000e+05
2.739580000000000000e+05
2.689900000000000000e+05
2.634700000000000000e+05
2.588010000000000000e+05
2.539180000000000000e+05
2.480910000000000000e+05
2.433730000000000000e+05
2.392000000000000000e+05
2.339140000000000000e+05
2.294710000000000000e+05
2.256360000000000000e+05
2.210250000000000000e+05
2.166050000000000000e+05
2.130740000000000000e+05
2.089570000000000000e+05
2.047850000000000000e+05
2.018140000000000000e+05
1.979230000000000000e+05
1.935450000000000000e+05
1.908300000000000000e+05
1.875250000000000000e+05
1.835390000000000000e+05
1.802930000000000000e+05
1.763690000000000000e+05
1.732700000000000000e+05
1.705830000000000000e+05
1.681430000000000000e+05
1.658540000000000000e+05
1.618950000000000000e+05
1.595790000000000000e+05
1.566200000000000000e+05
1.542210000000000000e+05
1.516370000000000000e+05
1.482840000000000000e+05
1.463020000000000000e+05
1.438430000000000000e+05
1.415950000000000000e+05
1.387420000000000000e+05
1.366760000000000000e+05
1.345620000000000000e+05
1.329080000000000000e+05
1.307620000000000000e+05
1.282820000000000000e+05
1.260260000000000000e+05
1.243450000000000000e+05
1.220030000000000000e+05
1.204850000000000000e+05
1.184660000000000000e+05
1.164670000000000000e+05
1.150050000000000000e+05
1.136320000000000000e+05
1.115630000000000000e+05
1.100970000000000000e+05
1.079150000000000000e+05
1.067620000000000000e+05
1.049580000000000000e+05
1.032270000000000000e+05
1.019750000000000000e+05
1.004820000000000000e+05
9.926300000000000000e+04
9.755200000000000000e+04
9.609500000000000000e+04
9.520300000000000000e+04
9.391900000000000000e+04
9.210500000000000000e+04
9.169500000000000000e+04
8.971300000000000000e+04
8.815700000000000000e+04
8.710600000000000000e+04
8.555100000000000000e+04
8.497000000000000000e+04
8.352700000000000000e+04
8.256900000000000000e+04
8.160500000000000000e+04
8.056700000000000000e+04
7.946300000000000000e+04
7.797100000000000000e+04
7.734600000000000000e+04
7.657200000000000000e+04
7.500500000000000000e+04
7.415900000000000000e+04
7.319000000000000000e+04
7.265500000000000000e+04
7.146100000000000000e+04
7.073000000000000000e+04
7.021000000000000000e+04
6.889300000000000000e+04
6.765100000000000000e+04
6.707600000000000000e+04
6.654300000000000000e+04
6.563500000000000000e+04
6.470100000000000000e+04
6.448000000000000000e+04
6.379500000000000000e+04
6.247200000000000000e+04
6.151500000000000000e+04
6.113700000000000000e+04
6.033100000000000000e+04
5.926700000000000000e+04
5.860300000000000000e+04
5.799700000000000000e+04
5.766000000000000000e+04
5.713000000000000000e+04
5.607400000000000000e+04
5.581600000000000000e+04
5.476200000000000000e+04
5.411300000000000000e+04
5.402600000000000000e+04
5.343600000000000000e+04
5.285600000000000000e+04
5.270100000000000000e+04
5.135400000000000000e+04
5.078900000000000000e+04
5.065600000000000000e+04
5.001900000000000000e+04
4.890800000000000000e+04
4.876400000000000000e+04
4.828000000000000000e+04
4.779900000000000000e+04
4.732500000000000000e+04
4.705200000000000000e+04
4.612500000000000000e+04
4.595500000000000000e+04
4.511500000000000000e+04
4.482500000000000000e+04
4.429900000000000000e+04
4.410300000000000000e+04
4.323300000000000000e+04
4.314400000000000000e+04
4.279400000000000000e+04
4.216700000000000000e+04
4.204500000000000000e+04
4.113600000000000000e+04
4.118700000000000000e+04
4.066700000000000000e+04
4.026900000000000000e+04
3.961900000000000000e+04
3.951900000000000000e+04
3.931000000000000000e+04
3.851900000000000000e+04
3.835600000000000000e+04
3.757900000000000000e+04
3.771200000000000000e+04
3.748300000000000000e+04
3.705900000000000000e+04
3.621700000000000000e+04
3.592900000000000000e+04
3.563700000000000000e+04
3.561000000000000000e+04
3.538800000000000000e+04
3.507000000000000000e+04
3.446900000000000000e+04
3.397500000000000000e+04
3.375700000000000000e+04
3.394600000000000000e+04
3.349000000000000000e+04
3.325900000000000000e+04
3.309600000000000000e+04
3.274100000000000000e+04
3.198100000000000000e+04
3.200900000000000000e+04
3.178500000000000000e+04
3.149300000000000000e+04
3.102200000000000000e+04
3.092900000000000000e+04
3.066800000000000000e+04
3.019100000000000000e+04
3.026100000000000000e+04
2.980700000000000000e+04
2.994600000000000000e+04
2.948600000000000000e+04
2.921500000000000000e+04
2.891400000000000000e+04
2.831900000000000000e+04
2.868300000000000000e+04
2.833900000000000000e+04
2.784700000000000000e+04
2.748300000000000000e+04
2.739100000000000000e+04
2.743000000000000000e+04
2.697700000000000000e+04
2.652300000000000000e+04
2.649300000000000000e+04
2.646000000000000000e+04
2.627600000000000000e+04
2.610000000000000000e+04
2.554300000000000000e+04
2.563900000000000000e+04
2.527600000000000000e+04
2.507400000000000000e+04
2.500900000000000000e+04
2.472000000000000000e+04
2.435600000000000000e+04
2.422600000000000000e+04
2.411100000000000000e+04
2.394100000000000000e+04
2.368900000000000000e+04
2.353000000000000000e+04
2.354200000000000000e+04
2.331600000000000000e+04
2.308900000000000000e+04
2.285400000000000000e+04
2.278800000000000000e+04
2.262400000000000000e+04
2.229000000000000000e+04
2.228900000000000000e+04
2.222200000000000000e+04
2.208600000000000000e+04
2.203700000000000000e+04
2.150000000000000000e+04
2.153100000000000000e+04
2.162000000000000000e+04
2.148300000000000000e+04
2.104100000000000000e+04
2.069800000000000000e+04
2.085200000000000000e+04
2.055600000000000000e+04
2.050400000000000000e+04
2.046900000000000000e+04
2.020400000000000000e+04
2.013300000000000000e+04
1.974000000000000000e+04
1.973300000000000000e+04
1.951200000000000000e+04
1.961600000000000000e+04
1.926600000000000000e+04
1.929700000000000000e+04
1.933000000000000000e+04
1.879000000000000000e+04
1.890000000000000000e+04
1.874900000000000000e+04
1.830900000000000000e+04
1.852800000000000000e+04
1.816200000000000000e+04
1.819400000000000000e+04
1.795000000000000000e+04
1.818200000000000000e+04
1.789000000000000000e+04
1.750800000000000000e+04
1.743000000000000000e+04
1.770000000000000000e+04
1.720100000000000000e+04
1.728900000000000000e+04
1.706300000000000000e+04
1.693500000000000000e+04
1.702700000000000000e+04
1.679900000000000000e+04
1.662400000000000000e+04
1.689100000000000000e+04
1.656300000000000000e+04
1.646900000000000000e+04
1.634500000000000000e+04
1.623900000000000000e+04
1.607700000000000000e+04
1.595200000000000000e+04
1.585700000000000000e+04
1.575600000000000000e+04
1.553800000000000000e+04
1.558500000000000000e+04
1.541000000000000000e+04
1.537400000000000000e+04
1.550300000000000000e+04
1.519500000000000000e+04
1.500100000000000000e+04
1.512300000000000000e+04
1.483100000000000000e+04
1.490800000000000000e+04
1.476900000000000000e+04
1.479600000000000000e+04
1.455300000000000000e+04
1.433100000000000000e+04
1.448200000000000000e+04
1.450600000000000000e+04
1.422500000000000000e+04
1.412100000000000000e+04
1.412000000000000000e+04
1.414100000000000000e+04
1.374900000000000000e+04
1.391800000000000000e+04
1.386600000000000000e+04
1.362200000000000000e+04
1.350000000000000000e+04
1.343400000000000000e+04
1.337500000000000000e+04
1.333000000000000000e+04
1.349700000000000000e+04
1.308200000000000000e+04
1.309400000000000000e+04
1.327300000000000000e+04
1.294400000000000000e+04
1.298000000000000000e+04
1.295400000000000000e+04
1.260400000000000000e+04
1.266100000000000000e+04
1.279400000000000000e+04
1.257900000000000000e+04
1.246400000000000000e+04
1.221300000000000000e+04
1.254100000000000000e+04
1.244400000000000000e+04
1.224800000000000000e+04
1.214700000000000000e+04
1.189200000000000000e+04
1.187500000000000000e+04
1.196700000000000000e+04
1.195300000000000000e+04
1.179300000000000000e+04
1.172700000000000000e+04
1.186800000000000000e+04
1.164900000000000000e+04
1.168600000000000000e+04
1.150900000000000000e+04
1.140000000000000000e+04
1.155500000000000000e+04
1.114600000000000000e+04
1.119200000000000000e+04
1.126300000000000000e+04
1.090600000000000000e+04
1.119700000000000000e+04
1.094700000000000000e+04
1.086900000000000000e+04
1.098700000000000000e+04
1.071400000000000000e+04
1.095500000000000000e+04
1.078100000000000000e+04
1.069100000000000000e+04
1.071700000000000000e+04
1.065500000000000000e+04
1.038500000000000000e+04
1.042600000000000000e+04
1.044300000000000000e+04
1.031700000000000000e+04
1.036600000000000000e+04
1.020800000000000000e+04
1.018200000000000000e+04
1.022700000000000000e+04
1.005600000000000000e+04
1.022100000000000000e+04
1.006800000000000000e+04
9.960000000000000000e+03
1.002800000000000000e+04
9.898000000000000000e+03
9.718000000000000000e+03
9.804000000000000000e+03
9.584000000000000000e+03
9.729000000000000000e+03
9.579000000000000000e+03
9.784000000000000000e+03
9.610000000000000000e+03
9.635000000000000000e+03
9.426000000000000000e+03
9.549000000000000000e+03
9.392000000000000000e+03
9.368000000000000000e+03
9.164000000000000000e+03
9.095000000000000000e+03
9.312000000000000000e+03
9.179000000000000000e+03
9.294000000000000000e+03
9.154000000000000000e+03
8.929000000000000000e+03
9.004000000000000000e+03
8.823000000000000000e+03
8.848000000000000000e+03
8.827000000000000000e+03
8.874000000000000000e+03
8.817000000000000000e+03
8.556000000000000000e+03
8.737000000000000000e+03
8.565000000000000000e+03
8.519000000000000000e+03
8.565000000000000000e+03
8.568000000000000000e+03
8.523000000000000000e+03
8.390000000000000000e+03
8.281000000000000000e+03
8.431000000000000000e+03
8.424000000000000000e+03
8.364000000000000000e+03
8.302000000000000000e+03
8.047000000000000000e+03
8.148000000000000000e+03
8.151000000000000000e+03
8.179000000000000000e+03
8.040000000000000000e+03
8.086000000000000000e+03
7.980000000000000000e+03
7.993000000000000000e+03
7.793000000000000000e+03
7.913000000000000000e+03
7.795000000000000000e+03
7.924000000000000000e+03
7.693000000000000000e+03
7.669000000000000000e+03
7.639000000000000000e+03
7.759000000000000000e+03
7.646000000000000000e+03
7.561000000000000000e+03
7.710000000000000000e+03
7.619000000000000000e+03
7.668000000000000000e+03
7.528000000000000000e+03
7.417000000000000000e+03
7.436000000000000000e+03
7.402000000000000000e+03
7.459000000000000000e+03
7.344000000000000000e+03
7.193000000000000000e+03
7.461000000000000000e+03
7.052000000000000000e+03
7.272000000000000000e+03
7.276000000000000000e+03
7.102000000000000000e+03
7.137000000000000000e+03
7.277000000000000000e+03
7.070000000000000000e+03
7.092000000000000000e+03
6.952000000000000000e+03
7.043000000000000000e+03
6.921000000000000000e+03
6.983000000000000000e+03
6.849000000000000000e+03
6.760000000000000000e+03
6.853000000000000000e+03
6.888000000000000000e+03
6.731000000000000000e+03
6.787000000000000000e+03
6.706000000000000000e+03
6.706000000000000000e+03
6.652000000000000000e+03
6.594000000000000000e+03
6.608000000000000000e+03
6.560000000000000000e+03
6.620000000000000000e+03
6.626000000000000000e+03
6.401000000000000000e+03
6.434000000000000000e+03
6.529000000000000000e+03
6.393000000000000000e+03
6.332000000000000000e+03
6.406000000000000000e+03
6.397000000000000000e+03
6.394000000000000000e+03
