6.446700000000000000e+04
6.735600000000000000e+04
7.027400000000000000e+04
7.227000000000000000e+04
7.619600000000000000e+04
7.964100000000000000e+04
8.304200000000000000e+04
8.683200000000000000e+04
9.140400000000000000e+04
9.570600000000000000e+04
1.005020000000000000e+05
1.064060000000000000e+05
1.108920000000000000e+05
1.178160000000000000e+05
1.235790000000000000e+05
1.306470000000000000e+05
1.387860000000000000e+05
1.465100000000000000e+05
1.567070000000000000e+05
1.666380000000000000e+05
1.777670000000000000e+05
1.904950000000000000e+05
2.037930000000000000e+05
2.188670000000000000e+05
2.354760000000000000e+05
2.537670000000000000e+05
2.759430000000000000e+05
2.995900000000000000e+05
3.253900000000000000e+05
3.574100000000000000e+05
3.938100000000000000e+05
4.336880000000000000e+05
4.802720000000000000e+05
5.359160000000000000e+05
6.001880000000000000e+05
6.765970000000000000e+05
7.692430000000000000e+05
8.785240000000000000e+05
1.012765000000000000e+06
1.177896000000000000e+06
1.383896000000000000e+06
1.640287000000000000e+06
1.961307000000000000e+06
2.373019000000000000e+06
2.882582000000000000e+06
3.519239000000000000e+06
4.274800000000000000e+06
5.089560000000000000e+06
5.833925000000000000e+06
6.280199000000000000e+06
6.280909000000000000e+06
5.824714000000000000e+06
5.089645000000000000e+06
4.280432000000000000e+06
3.522078000000000000e+06
2.890186000000000000e+06
2.371163000000000000e+06
1.963379000000000000e+06
1.638495000000000000e+06
1.382938000000000000e+06
1.179823000000000000e+06
1.013376000000000000e+06
8.802080000000000000e+05
7.692290000000000000e+05
6.762960000000000000e+05
6.001480000000000000e+05
5.332690000000000000e+05
4.815180000000000000e+05
4.341540000000000000e+05
3.938460000000000000e+05
3.571100000000000000e+05
3.275720000000000000e+05
3.005160000000000000e+05
2.758270000000000000e+05
2.540910000000000000e+05
2.358650000000000000e+05
2.184590000000000000e+05
2.043190000000000000e+05
1.896910000000000000e+05
1.782280000000000000e+05
1.667050000000000000e+05
1.571310000000000000e+05
1.468310000000000000e+05
1.389690000000000000e+05
1.310640000000000000e+05
1.232660000000000000e+05
1.171710000000000000e+05
1.109460000000000000e+05
1.052610000000000000e+05
1.003410000000000000e+05
9.537300000000000000e+04
9.163300000000000000e+04
8.693600000000000000e+04
8.279100000000000000e+04
7.899400000000000000e+04
7.602500000000000000e+04
7.347000000000000000e+04
6.940000000000000000e+04
6.709800000000000000e+04
6.444400000000000000e+04
