6.381000000000000000e+03
6.337000000000000000e+03
6.557000000000000000e+03
6.370000000000000000e+03
6.374000000000000000e+03
6.520000000000000000e+03
6.534000000000000000e+03
6.630000000000000000e+03
6.484000000000000000e+03
6.542000000000000000e+03
6.580000000000000000e+03
6.748000000000000000e+03
6.614000000000000000e+03
6.695000000000000000e+03
6.652000000000000000e+03
6.796000000000000000e+03
6.765000000000000000e+03
6.792000000000000000e+03
6.827000000000000000e+03
6.876000000000000000e+03
6.937000000000000000e+03
6.782000000000000000e+03
6.927000000000000000e+03
6.937000000000000000e+03
7.002000000000000000e+03
6.995000000000000000e+03
6.851000000000000000e+03
7.079000000000000000e+03
7.025000000000000000e+03
7.128000000000000000e+03
7.062000000000000000e+03
7.078000000000000000e+03
7.295000000000000000e+03
7.186000000000000000e+03
7.456000000000000000e+03
7.312000000000000000e+03
7.352000000000000000e+03
7.399000000000000000e+03
7.435000000000000000e+03
7.283000000000000000e+03
7.320000000000000000e+03
7.493000000000000000e+03
7.395000000000000000e+03
7.575000000000000000e+03
7.568000000000000000e+03
7.625000000000000000e+03
7.634000000000000000e+03
7.575000000000000000e+03
7.882000000000000000e+03
7.673000000000000000e+03
7.878000000000000000e+03
7.722000000000000000e+03
7.950000000000000000e+03
7.914000000000000000e+03
7.946000000000000000e+03
7.973000000000000000e+03
8.009000000000000000e+03
8.009000000000000000e+03
8.070000000000000000e+03
8.022000000000000000e+03
8.192000000000000000e+03
8.273000000000000000e+03
8.166000000000000000e+03
8.223000000000000000e+03
8.420000000000000000e+03
8.456000000000000000e+03
8.269000000000000000e+03
8.542000000000000000e+03
8.500000000000000000e+03
8.442000000000000000e+03
8.499000000000000000e+03
8.544000000000000000e+03
8.686000000000000000e+03
8.685000000000000000e+03
8.575000000000000000e+03
8.819000000000000000e+03
8.702000000000000000e+03
8.764000000000000000e+03
8.791000000000000000e+03
8.842000000000000000e+03
8.929000000000000000e+03
9.298000000000000000e+03
9.095000000000000000e+03
9.160000000000000000e+03
9.153000000000000000e+03
9.191000000000000000e+03
9.201000000000000000e+03
9.232000000000000000e+03
9.107000000000000000e+03
9.380000000000000000e+03
9.461000000000000000e+03
9.349000000000000000e+03
9.504000000000000000e+03
9.491000000000000000e+03
9.504000000000000000e+03
9.319000000000000000e+03
9.733000000000000000e+03
9.662000000000000000e+03
9.767000000000000000e+03
9.569000000000000000e+03
9.863000000000000000e+03
9.840000000000000000e+03
9.750000000000000000e+03
9.941000000000000000e+03
9.915000000000000000e+03
9.955000000000000000e+03
1.029800000000000000e+04
1.014800000000000000e+04
1.017900000000000000e+04
1.027100000000000000e+04
1.037600000000000000e+04
1.026600000000000000e+04
1.055500000000000000e+04
1.060600000000000000e+04
1.059100000000000000e+04
1.055800000000000000e+04
1.056000000000000000e+04
1.073100000000000000e+04
1.081500000000000000e+04
1.089300000000000000e+04
1.096400000000000000e+04
1.098400000000000000e+04
1.095500000000000000e+04
1.096800000000000000e+04
1.103400000000000000e+04
1.119000000000000000e+04
1.121600000000000000e+04
1.116100000000000000e+04
1.143500000000000000e+04
1.143900000000000000e+04
1.136700000000000000e+04
1.144700000000000000e+04
1.152200000000000000e+04
1.150800000000000000e+04
1.160900000000000000e+04
1.145200000000000000e+04
1.183400000000000000e+04
1.198500000000000000e+04
1.193300000000000000e+04
1.207400000000000000e+04
1.216900000000000000e+04
1.217500000000000000e+04
1.220100000000000000e+04
1.211300000000000000e+04
1.248600000000000000e+04
1.218600000000000000e+04
1.234900000000000000e+04
1.261400000000000000e+04
1.266200000000000000e+04
1.265700000000000000e+04
1.262500000000000000e+04
1.296000000000000000e+04
1.289600000000000000e+04
1.322400000000000000e+04
1.297800000000000000e+04
1.329400000000000000e+04
1.319500000000000000e+04
1.321700000000000000e+04
1.325600000000000000e+04
1.346200000000000000e+04
1.359100000000000000e+04
1.378400000000000000e+04
1.372400000000000000e+04
1.353100000000000000e+04
1.394000000000000000e+04
1.416400000000000000e+04
1.384900000000000000e+04
1.402700000000000000e+04
1.421400000000000000e+04
1.446900000000000000e+04
1.434800000000000000e+04
1.439500000000000000e+04
1.468400000000000000e+04
1.458300000000000000e+04
1.459100000000000000e+04
1.459500000000000000e+04
1.495500000000000000e+04
1.497300000000000000e+04
1.502700000000000000e+04
1.500900000000000000e+04
1.533300000000000000e+04
1.536200000000000000e+04
1.546900000000000000e+04
1.543600000000000000e+04
1.567100000000000000e+04
1.567400000000000000e+04
1.565300000000000000e+04
1.589400000000000000e+04
1.603900000000000000e+04
1.609800000000000000e+04
1.630800000000000000e+04
1.603100000000000000e+04
1.651600000000000000e+04
1.641700000000000000e+04
1.651600000000000000e+04
1.663900000000000000e+04
1.668000000000000000e+04
1.689800000000000000e+04
1.698500000000000000e+04
1.698800000000000000e+04
1.704100000000000000e+04
1.719500000000000000e+04
1.754300000000000000e+04
1.776200000000000000e+04
1.775600000000000000e+04
1.782700000000000000e+04
1.812600000000000000e+04
1.803900000000000000e+04
1.829000000000000000e+04
1.843000000000000000e+04
1.863400000000000000e+04
1.845200000000000000e+04
1.882500000000000000e+04
1.874700000000000000e+04
1.902200000000000000e+04
1.915100000000000000e+04
1.919500000000000000e+04
1.938400000000000000e+04
1.938400000000000000e+04
1.958100000000000000e+04
1.962800000000000000e+04
1.983800000000000000e+04
2.000600000000000000e+04
2.012200000000000000e+04
2.012700000000000000e+04
2.027000000000000000e+04
2.049900000000000000e+04
2.079900000000000000e+04
2.077500000000000000e+04
2.086000000000000000e+04
2.119700000000000000e+04
2.136700000000000000e+04
2.139400000000000000e+04
2.170900000000000000e+04
2.194400000000000000e+04
2.197900000000000000e+04
2.202800000000000000e+04
2.223000000000000000e+04
2.214200000000000000e+04
2.245200000000000000e+04
2.265400000000000000e+04
2.287200000000000000e+04
2.332300000000000000e+04
2.364600000000000000e+04
2.334000000000000000e+04
2.348300000000000000e+04
2.379500000000000000e+04
2.394500000000000000e+04
2.437000000000000000e+04
2.443600000000000000e+04
2.452600000000000000e+04
2.487300000000000000e+04
2.512600000000000000e+04
2.539100000000000000e+04
2.559100000000000000e+04
2.552600000000000000e+04
2.601600000000000000e+04
2.596700000000000000e+04
2.587900000000000000e+04
2.611200000000000000e+04
2.669200000000000000e+04
2.697300000000000000e+04
2.698500000000000000e+04
2.710700000000000000e+04
2.765300000000000000e+04
2.757700000000000000e+04
2.799600000000000000e+04
2.777100000000000000e+04
2.799500000000000000e+04
2.852300000000000000e+04
2.884700000000000000e+04
2.895400000000000000e+04
2.937700000000000000e+04
2.955500000000000000e+04
2.996600000000000000e+04
3.014700000000000000e+04
3.026000000000000000e+04
3.053500000000000000e+04
3.082200000000000000e+04
3.116700000000000000e+04
3.125400000000000000e+04
3.142700000000000000e+04
3.205000000000000000e+04
3.219600000000000000e+04
3.243200000000000000e+04
3.283300000000000000e+04
3.338100000000000000e+04
3.339100000000000000e+04
3.389600000000000000e+04
3.363400000000000000e+04
3.386700000000000000e+04
3.457400000000000000e+04
3.535300000000000000e+04
3.521400000000000000e+04
3.527500000000000000e+04
3.599400000000000000e+04
3.633800000000000000e+04
3.649100000000000000e+04
3.693500000000000000e+04
3.713400000000000000e+04
3.737900000000000000e+04
3.771200000000000000e+04
3.842700000000000000e+04
3.864800000000000000e+04
3.917100000000000000e+04
3.961300000000000000e+04
3.997300000000000000e+04
4.059600000000000000e+04
4.063100000000000000e+04
4.115600000000000000e+04
4.155700000000000000e+04
4.199700000000000000e+04
4.228300000000000000e+04
4.272600000000000000e+04
4.296100000000000000e+04
4.374700000000000000e+04
4.413000000000000000e+04
4.393900000000000000e+04
4.484200000000000000e+04
4.484800000000000000e+04
4.533000000000000000e+04
4.642600000000000000e+04
4.697200000000000000e+04
4.764800000000000000e+04
4.789800000000000000e+04
4.810800000000000000e+04
4.890400000000000000e+04
4.927300000000000000e+04
4.961700000000000000e+04
5.025100000000000000e+04
5.123700000000000000e+04
5.162900000000000000e+04
5.176400000000000000e+04
5.236600000000000000e+04
5.299300000000000000e+04
5.368400000000000000e+04
5.461400000000000000e+04
5.489300000000000000e+04
5.548100000000000000e+04
5.668000000000000000e+04
5.725400000000000000e+04
5.756200000000000000e+04
5.853200000000000000e+04
5.884000000000000000e+04
5.985400000000000000e+04
6.033400000000000000e+04
6.132000000000000000e+04
6.192600000000000000e+04
6.225100000000000000e+04
6.334400000000000000e+04
6.408900000000000000e+04
6.484600000000000000e+04
6.560800000000000000e+04
6.648000000000000000e+04
6.710700000000000000e+04
6.814100000000000000e+04
6.856200000000000000e+04
6.957900000000000000e+04
7.030700000000000000e+04
7.136000000000000000e+04
7.221500000000000000e+04
7.313300000000000000e+04
7.412700000000000000e+04
7.539000000000000000e+04
7.637700000000000000e+04
7.707500000000000000e+04
7.815400000000000000e+04
7.897000000000000000e+04
8.056800000000000000e+04
8.179300000000000000e+04
8.252800000000000000e+04
8.388400000000000000e+04
8.474100000000000000e+04
8.607200000000000000e+04
8.708400000000000000e+04
8.862500000000000000e+04
8.956400000000000000e+04
9.083300000000000000e+04
9.214400000000000000e+04
9.343200000000000000e+04
9.519000000000000000e+04
9.593900000000000000e+04
9.748000000000000000e+04
9.897900000000000000e+04
1.003760000000000000e+05
1.025060000000000000e+05
1.041850000000000000e+05
1.048500000000000000e+05
1.062340000000000000e+05
1.082640000000000000e+05
1.102240000000000000e+05
1.123340000000000000e+05
1.131700000000000000e+05
1.148990000000000000e+05
1.169430000000000000e+05
1.190340000000000000e+05
1.205700000000000000e+05
1.222680000000000000e+05
1.243660000000000000e+05
1.262430000000000000e+05
1.290970000000000000e+05
1.306080000000000000e+05
1.322850000000000000e+05
1.349770000000000000e+05
1.369670000000000000e+05
1.394460000000000000e+05
1.416970000000000000e+05
1.435410000000000000e+05
1.462160000000000000e+05
1.485280000000000000e+05
1.517810000000000000e+05
1.538790000000000000e+05
1.569250000000000000e+05
1.594950000000000000e+05
1.614830000000000000e+05
1.655150000000000000e+05
1.675770000000000000e+05
1.714370000000000000e+05
1.738150000000000000e+05
1.770200000000000000e+05
1.813320000000000000e+05
1.833870000000000000e+05
1.873430000000000000e+05
1.903350000000000000e+05
1.942260000000000000e+05
1.977350000000000000e+05
2.015360000000000000e+05
2.051280000000000000e+05
2.100040000000000000e+05
2.129370000000000000e+05
2.164650000000000000e+05
2.209370000000000000e+05
2.253570000000000000e+05
2.303520000000000000e+05
2.341430000000000000e+05
2.380250000000000000e+05
2.435250000000000000e+05
2.480610000000000000e+05
2.532820000000000000e+05
2.593330000000000000e+05
2.644030000000000000e+05
2.690350000000000000e+05
2.754330000000000000e+05
2.789650000000000000e+05
2.854240000000000000e+05
2.910670000000000000e+05
2.973650000000000000e+05
3.032790000000000000e+05
3.088910000000000000e+05
3.158030000000000000e+05
3.211760000000000000e+05
3.286600000000000000e+05
3.344350000000000000e+05
3.418230000000000000e+05
3.488510000000000000e+05
3.558280000000000000e+05
3.630190000000000000e+05
3.696930000000000000e+05
3.776000000000000000e+05
3.833590000000000000e+05
3.930830000000000000e+05
3.996750000000000000e+05
4.073400000000000000e+05
4.148090000000000000e+05
4.230950000000000000e+05
4.320240000000000000e+05
4.404200000000000000e+05
4.478990000000000000e+05
4.562240000000000000e+05
4.636840000000000000e+05
4.715910000000000000e+05
4.811010000000000000e+05
4.886660000000000000e+05
4.962410000000000000e+05
5.047520000000000000e+05
5.137760000000000000e+05
5.204580000000000000e+05
5.296440000000000000e+05
5.360590000000000000e+05
5.443700000000000000e+05
5.516370000000000000e+05
5.598620000000000000e+05
5.672140000000000000e+05
5.743900000000000000e+05
5.805860000000000000e+05
5.878280000000000000e+05
5.936040000000000000e+05
5.979350000000000000e+05
6.048300000000000000e+05
6.088390000000000000e+05
6.149200000000000000e+05
6.183550000000000000e+05
6.234590000000000000e+05
6.257120000000000000e+05
6.270770000000000000e+05
6.315100000000000000e+05
6.317040000000000000e+05
6.348550000000000000e+05
6.363920000000000000e+05
6.369130000000000000e+05
6.377900000000000000e+05
6.364220000000000000e+05
6.350030000000000000e+05
6.328260000000000000e+05
6.324260000000000000e+05
6.288790000000000000e+05
6.266700000000000000e+05
6.246990000000000000e+05
6.168170000000000000e+05
6.136300000000000000e+05
6.091500000000000000e+05
6.035190000000000000e+05
5.991860000000000000e+05
5.946610000000000000e+05
5.864280000000000000e+05
5.805660000000000000e+05
5.736050000000000000e+05
5.680680000000000000e+05
5.598410000000000000e+05
5.521990000000000000e+05
5.443090000000000000e+05
5.373040000000000000e+05
5.296350000000000000e+05
5.209950000000000000e+05
5.133290000000000000e+05
5.043940000000000000e+05
4.962800000000000000e+05
4.896020000000000000e+05
4.805220000000000000e+05
4.727330000000000000e+05
4.630870000000000000e+05
4.548850000000000000e+05
4.475240000000000000e+05
4.388040000000000000e+05
4.316990000000000000e+05
4.235900000000000000e+05
4.147460000000000000e+05
4.078180000000000000e+05
4.004620000000000000e+05
3.915960000000000000e+05
3.850610000000000000e+05
3.771110000000000000e+05
3.702890000000000000e+05
3.631910000000000000e+05
3.545140000000000000e+05
3.478190000000000000e+05
3.411860000000000000e+05
3.344410000000000000e+05
3.291280000000000000e+05
3.211700000000000000e+05
3.144240000000000000e+05
3.085350000000000000e+05
3.021100000000000000e+05
2.974900000000000000e+05
2.905530000000000000e+05
2.850830000000000000e+05
2.785400000000000000e+05
2.732860000000000000e+05
2.686010000000000000e+05
2.630340000000000000e+05
2.582460000000000000e+05
2.535210000000000000e+05
2.478250000000000000e+05
2.429690000000000000e+05
2.395370000000000000e+05
2.344820000000000000e+05
2.303350000000000000e+05
2.249800000000000000e+05
2.207100000000000000e+05
2.176770000000000000e+05
2.133020000000000000e+05
2.092050000000000000e+05
2.049990000000000000e+05
2.022860000000000000e+05
1.976180000000000000e+05
1.938010000000000000e+05
1.911290000000000000e+05
1.873620000000000000e+05
1.839110000000000000e+05
1.805890000000000000e+05
1.768430000000000000e+05
1.737620000000000000e+05
1.707460000000000000e+05
1.675540000000000000e+05
1.645470000000000000e+05
1.617650000000000000e+05
1.598670000000000000e+05
1.571440000000000000e+05
1.532540000000000000e+05
1.519750000000000000e+05
1.494700000000000000e+05
1.464350000000000000e+05
1.439500000000000000e+05
1.416510000000000000e+05
1.385990000000000000e+05
1.377740000000000000e+05
1.340810000000000000e+05
1.325150000000000000e+05
1.303960000000000000e+05
1.287270000000000000e+05
1.266320000000000000e+05
1.245010000000000000e+05
1.221870000000000000e+05
1.206240000000000000e+05
1.184600000000000000e+05
1.172280000000000000e+05
1.157340000000000000e+05
1.128280000000000000e+05
1.119550000000000000e+05
1.099850000000000000e+05
1.084900000000000000e+05
1.065150000000000000e+05
1.053090000000000000e+05
1.031890000000000000e+05
1.022550000000000000e+05
1.003390000000000000e+05
9.915700000000000000e+04
9.759200000000000000e+04
9.555700000000000000e+04
9.433900000000000000e+04
9.384000000000000000e+04
9.221200000000000000e+04
9.080000000000000000e+04
8.990800000000000000e+04
8.842400000000000000e+04
8.715700000000000000e+04
8.651000000000000000e+04
8.485100000000000000e+04
8.326000000000000000e+04
8.235800000000000000e+04
8.151600000000000000e+04
8.067900000000000000e+04
7.933400000000000000e+04
7.868500000000000000e+04
7.705800000000000000e+04
7.642200000000000000e+04
7.542300000000000000e+04
7.427500000000000000e+04
7.298300000000000000e+04
7.250100000000000000e+04
7.185500000000000000e+04
7.121500000000000000e+04
6.969500000000000000e+04
6.872600000000000000e+04
6.805700000000000000e+04
6.709900000000000000e+04
6.675400000000000000e+04
6.537700000000000000e+04
6.452800000000000000e+04
6.460000000000000000e+04
6.336700000000000000e+04
6.305500000000000000e+04
6.197900000000000000e+04
6.104200000000000000e+04
6.057600000000000000e+04
5.982000000000000000e+04
5.919100000000000000e+04
5.853600000000000000e+04
5.776800000000000000e+04
5.713600000000000000e+04
5.646000000000000000e+04
5.606100000000000000e+04
5.481100000000000000e+04
5.476500000000000000e+04
5.351000000000000000e+04
5.292200000000000000e+04
5.245500000000000000e+04
5.225000000000000000e+04
5.167600000000000000e+04
5.123800000000000000e+04
5.061300000000000000e+04
4.953200000000000000e+04
4.914400000000000000e+04
4.894100000000000000e+04
4.849000000000000000e+04
4.771400000000000000e+04
4.705900000000000000e+04
4.686900000000000000e+04
4.630400000000000000e+04
4.628300000000000000e+04
4.564800000000000000e+04
4.520100000000000000e+04
4.449200000000000000e+04
4.407100000000000000e+04
4.360100000000000000e+04
4.345000000000000000e+04
4.281600000000000000e+04
4.247500000000000000e+04
4.154100000000000000e+04
4.149100000000000000e+04
4.106500000000000000e+04
4.043000000000000000e+04
4.022200000000000000e+04
3.991700000000000000e+04
3.929100000000000000e+04
3.899300000000000000e+04
3.848900000000000000e+04
3.827600000000000000e+04
3.782900000000000000e+04
3.741400000000000000e+04
3.728500000000000000e+04
3.661100000000000000e+04
3.677100000000000000e+04
3.639800000000000000e+04
3.603300000000000000e+04
3.544200000000000000e+04
3.559500000000000000e+04
3.481400000000000000e+04
3.421000000000000000e+04
3.450100000000000000e+04
3.406200000000000000e+04
3.357300000000000000e+04
3.350000000000000000e+04
3.317600000000000000e+04
3.273900000000000000e+04
3.241400000000000000e+04
3.240800000000000000e+04
3.211000000000000000e+04
3.171900000000000000e+04
3.121300000000000000e+04
3.126800000000000000e+04
3.092000000000000000e+04
3.064000000000000000e+04
3.031500000000000000e+04
2.961900000000000000e+04
2.970900000000000000e+04
2.958600000000000000e+04
2.908000000000000000e+04
2.929800000000000000e+04
2.893200000000000000e+04
2.875300000000000000e+04
2.829400000000000000e+04
2.836000000000000000e+04
2.802900000000000000e+04
2.770100000000000000e+04
2.726400000000000000e+04
2.728100000000000000e+04
2.688100000000000000e+04
2.694300000000000000e+04
2.680600000000000000e+04
2.626400000000000000e+04
2.583000000000000000e+04
2.610600000000000000e+04
2.571100000000000000e+04
2.559900000000000000e+04
2.550100000000000000e+04
2.513900000000000000e+04
2.502500000000000000e+04
2.475600000000000000e+04
2.464800000000000000e+04
2.456700000000000000e+04
2.409400000000000000e+04
2.396500000000000000e+04
2.380600000000000000e+04
2.344200000000000000e+04
2.361800000000000000e+04
2.322800000000000000e+04
2.328400000000000000e+04
2.307800000000000000e+04
2.276500000000000000e+04
2.256400000000000000e+04
2.231900000000000000e+04
2.250800000000000000e+04
2.220100000000000000e+04
2.189000000000000000e+04
2.196200000000000000e+04
2.178300000000000000e+04
2.155600000000000000e+04
2.134200000000000000e+04
2.135600000000000000e+04
2.118500000000000000e+04
2.072000000000000000e+04
2.083900000000000000e+04
2.073500000000000000e+04
2.033100000000000000e+04
2.016000000000000000e+04
2.003000000000000000e+04
2.015600000000000000e+04
1.961500000000000000e+04
1.971100000000000000e+04
1.964700000000000000e+04
1.954900000000000000e+04
1.945800000000000000e+04
1.906400000000000000e+04
1.896200000000000000e+04
1.901200000000000000e+04
1.900700000000000000e+04
1.861000000000000000e+04
1.858000000000000000e+04
1.843100000000000000e+04
1.825800000000000000e+04
1.812600000000000000e+04
1.812100000000000000e+04
1.800200000000000000e+04
1.782100000000000000e+04
1.771600000000000000e+04
1.772700000000000000e+04
1.751200000000000000e+04
1.738800000000000000e+04
1.722900000000000000e+04
1.720000000000000000e+04
1.709800000000000000e+04
1.703000000000000000e+04
1.694400000000000000e+04
1.668300000000000000e+04
1.664600000000000000e+04
1.643500000000000000e+04
1.642100000000000000e+04
1.636600000000000000e+04
1.642500000000000000e+04
1.620500000000000000e+04
1.577700000000000000e+04
1.580200000000000000e+04
1.598200000000000000e+04
1.559500000000000000e+04
1.550100000000000000e+04
1.520600000000000000e+04
1.549500000000000000e+04
1.543100000000000000e+04
1.531000000000000000e+04
1.483000000000000000e+04
1.524600000000000000e+04
1.498200000000000000e+04
1.508200000000000000e+04
1.480400000000000000e+04
1.468700000000000000e+04
1.465900000000000000e+04
1.431400000000000000e+04
1.451500000000000000e+04
1.424600000000000000e+04
1.444500000000000000e+04
1.397500000000000000e+04
1.413800000000000000e+04
1.407300000000000000e+04
1.379400000000000000e+04
1.377900000000000000e+04
1.384700000000000000e+04
1.376200000000000000e+04
1.335700000000000000e+04
1.374100000000000000e+04
1.366600000000000000e+04
1.338700000000000000e+04
1.285800000000000000e+04
1.306600000000000000e+04
1.319800000000000000e+04
1.301800000000000000e+04
1.284900000000000000e+04
1.303800000000000000e+04
1.289500000000000000e+04
1.279300000000000000e+04
1.287300000000000000e+04
1.268200000000000000e+04
1.242900000000000000e+04
1.253200000000000000e+04
1.234800000000000000e+04
1.226700000000000000e+04
1.221000000000000000e+04
1.215500000000000000e+04
1.221100000000000000e+04
1.196400000000000000e+04
1.197800000000000000e+04
1.192100000000000000e+04
1.188700000000000000e+04
1.173100000000000000e+04
1.182200000000000000e+04
1.177100000000000000e+04
1.168600000000000000e+04
1.178800000000000000e+04
1.165700000000000000e+04
1.152600000000000000e+04
1.138000000000000000e+04
1.124300000000000000e+04
1.139400000000000000e+04
1.122500000000000000e+04
1.115400000000000000e+04
1.109700000000000000e+04
1.116300000000000000e+04
1.112500000000000000e+04
1.095700000000000000e+04
1.092200000000000000e+04
1.095700000000000000e+04
1.085600000000000000e+04
1.068300000000000000e+04
1.089400000000000000e+04
1.058000000000000000e+04
1.068200000000000000e+04
1.046200000000000000e+04
1.044500000000000000e+04
1.030800000000000000e+04
1.027300000000000000e+04
1.027100000000000000e+04
1.025900000000000000e+04
1.014400000000000000e+04
1.015400000000000000e+04
9.988000000000000000e+03
9.969000000000000000e+03
9.969000000000000000e+03
9.876000000000000000e+03
9.999000000000000000e+03
9.654000000000000000e+03
9.768000000000000000e+03
9.788000000000000000e+03
9.643000000000000000e+03
9.708000000000000000e+03
9.455000000000000000e+03
9.513000000000000000e+03
9.318000000000000000e+03
9.352000000000000000e+03
9.435000000000000000e+03
9.229000000000000000e+03
9.341000000000000000e+03
9.480000000000000000e+03
9.016000000000000000e+03
9.316000000000000000e+03
9.095000000000000000e+03
9.203000000000000000e+03
9.081000000000000000e+03
8.872000000000000000e+03
8.948000000000000000e+03
8.890000000000000000e+03
8.924000000000000000e+03
8.885000000000000000e+03
8.795000000000000000e+03
8.662000000000000000e+03
8.629000000000000000e+03
8.681000000000000000e+03
8.328000000000000000e+03
8.617000000000000000e+03
8.481000000000000000e+03
8.417000000000000000e+03
8.552000000000000000e+03
8.476000000000000000e+03
8.417000000000000000e+03
8.435000000000000000e+03
8.491000000000000000e+03
8.144000000000000000e+03
8.225000000000000000e+03
8.184000000000000000e+03
7.981000000000000000e+03
8.101000000000000000e+03
8.097000000000000000e+03
8.030000000000000000e+03
8.077000000000000000e+03
7.935000000000000000e+03
7.965000000000000000e+03
7.904000000000000000e+03
7.948000000000000000e+03
7.697000000000000000e+03
7.857000000000000000e+03
7.658000000000000000e+03
7.799000000000000000e+03
7.796000000000000000e+03
7.791000000000000000e+03
7.588000000000000000e+03
7.579000000000000000e+03
7.681000000000000000e+03
7.501000000000000000e+03
7.496000000000000000e+03
7.387000000000000000e+03
7.324000000000000000e+03
7.484000000000000000e+03
7.389000000000000000e+03
7.419000000000000000e+03
7.226000000000000000e+03
7.439000000000000000e+03
7.199000000000000000e+03
7.085000000000000000e+03
7.204000000000000000e+03
7.130000000000000000e+03
7.160000000000000000e+03
7.017000000000000000e+03
7.268000000000000000e+03
7.149000000000000000e+03
7.050000000000000000e+03
7.068000000000000000e+03
6.986000000000000000e+03
6.866000000000000000e+03
6.864000000000000000e+03
6.952000000000000000e+03
6.750000000000000000e+03
6.789000000000000000e+03
6.660000000000000000e+03
6.694000000000000000e+03
6.682000000000000000e+03
6.849000000000000000e+03
6.674000000000000000e+03
6.759000000000000000e+03
6.631000000000000000e+03
6.513000000000000000e+03
6.638000000000000000e+03
6.561000000000000000e+03
6.561000000000000000e+03
6.389000000000000000e+03
6.426000000000000000e+03
6.549000000000000000e+03
6.448000000000000000e+03
6.325000000000000000e+03
6.459000000000000000e+03
6.371000000000000000e+03
6.313000000000000000e+03
