6.399000000000000000e+03
6.263000000000000000e+03
6.323000000000000000e+03
6.313000000000000000e+03
6.444000000000000000e+03
6.405000000000000000e+03
6.466000000000000000e+03
6.493000000000000000e+03
6.581000000000000000e+03
6.541000000000000000e+03
6.668000000000000000e+03
6.503000000000000000e+03
6.644000000000000000e+03
6.609000000000000000e+03
6.669000000000000000e+03
6.708000000000000000e+03
6.909000000000000000e+03
6.836000000000000000e+03
6.837000000000000000e+03
6.801000000000000000e+03
6.801000000000000000e+03
6.806000000000000000e+03
7.004000000000000000e+03
7.010000000000000000e+03
6.927000000000000000e+03
7.052000000000000000e+03
6.934000000000000000e+03
7.034000000000000000e+03
6.959000000000000000e+03
7.055000000000000000e+03
7.157000000000000000e+03
7.207000000000000000e+03
7.218000000000000000e+03
7.290000000000000000e+03
7.204000000000000000e+03
7.250000000000000000e+03
7.365000000000000000e+03
7.399000000000000000e+03
7.447000000000000000e+03
7.529000000000000000e+03
7.682000000000000000e+03
7.600000000000000000e+03
7.455000000000000000e+03
7.731000000000000000e+03
7.482000000000000000e+03
7.717000000000000000e+03
7.671000000000000000e+03
7.694000000000000000e+03
7.661000000000000000e+03
7.620000000000000000e+03
7.844000000000000000e+03
7.803000000000000000e+03
7.998000000000000000e+03
8.010000000000000000e+03
7.854000000000000000e+03
7.777000000000000000e+03
7.852000000000000000e+03
7.944000000000000000e+03
7.919000000000000000e+03
8.119000000000000000e+03
8.105000000000000000e+03
8.163000000000000000e+03
8.253000000000000000e+03
8.297000000000000000e+03
8.134000000000000000e+03
8.316000000000000000e+03
8.402000000000000000e+03
8.340000000000000000e+03
8.329000000000000000e+03
8.640000000000000000e+03
8.545000000000000000e+03
8.451000000000000000e+03
8.540000000000000000e+03
8.707000000000000000e+03
8.618000000000000000e+03
8.781000000000000000e+03
8.804000000000000000e+03
8.836000000000000000e+03
8.681000000000000000e+03
8.704000000000000000e+03
8.986000000000000000e+03
9.099000000000000000e+03
8.959000000000000000e+03
9.013000000000000000e+03
9.073000000000000000e+03
9.126000000000000000e+03
9.223000000000000000e+03
9.528000000000000000e+03
9.309000000000000000e+03
9.206000000000000000e+03
9.377000000000000000e+03
9.413000000000000000e+03
9.579000000000000000e+03
9.354000000000000000e+03
9.627000000000000000e+03
9.564000000000000000e+03
9.596000000000000000e+03
9.751000000000000000e+03
9.717000000000000000e+03
9.709000000000000000e+03
9.818000000000000000e+03
9.747000000000000000e+03
1.007700000000000000e+04
9.963000000000000000e+03
1.015700000000000000e+04
1.001100000000000000e+04
1.019100000000000000e+04
1.026800000000000000e+04
1.021300000000000000e+04
1.025700000000000000e+04
1.033000000000000000e+04
1.051400000000000000e+04
1.032800000000000000e+04
1.065200000000000000e+04
1.039900000000000000e+04
1.036400000000000000e+04
1.054200000000000000e+04
1.078100000000000000e+04
1.081900000000000000e+04
1.085800000000000000e+04
1.072700000000000000e+04
1.095600000000000000e+04
1.098800000000000000e+04
1.110000000000000000e+04
1.100700000000000000e+04
1.124900000000000000e+04
1.109200000000000000e+04
1.104100000000000000e+04
1.115800000000000000e+04
1.127000000000000000e+04
1.145300000000000000e+04
1.160000000000000000e+04
1.176900000000000000e+04
1.141600000000000000e+04
1.148300000000000000e+04
1.171900000000000000e+04
1.206000000000000000e+04
1.183700000000000000e+04
1.204000000000000000e+04
1.204300000000000000e+04
1.221700000000000000e+04
1.190800000000000000e+04
1.198900000000000000e+04
1.237000000000000000e+04
1.240700000000000000e+04
1.233500000000000000e+04
1.236900000000000000e+04
1.276900000000000000e+04
1.278400000000000000e+04
1.264100000000000000e+04
1.250300000000000000e+04
1.270400000000000000e+04
1.287100000000000000e+04
1.290900000000000000e+04
1.303800000000000000e+04
1.316300000000000000e+04
1.310800000000000000e+04
1.318700000000000000e+04
1.377000000000000000e+04
1.345700000000000000e+04
1.363400000000000000e+04
1.358000000000000000e+04
1.364500000000000000e+04
1.360500000000000000e+04
1.361100000000000000e+04
1.390800000000000000e+04
1.417300000000000000e+04
1.410200000000000000e+04
1.405800000000000000e+04
1.439000000000000000e+04
1.448400000000000000e+04
1.445100000000000000e+04
1.444400000000000000e+04
1.448800000000000000e+04
1.464200000000000000e+04
1.454600000000000000e+04
1.504500000000000000e+04
1.510900000000000000e+04
1.508100000000000000e+04
1.478000000000000000e+04
1.519000000000000000e+04
1.520700000000000000e+04
1.543000000000000000e+04
1.566600000000000000e+04
1.552900000000000000e+04
1.570800000000000000e+04
1.602900000000000000e+04
1.609800000000000000e+04
1.590000000000000000e+04
1.596600000000000000e+04
1.614800000000000000e+04
1.645900000000000000e+04
1.635300000000000000e+04
1.646100000000000000e+04
1.670000000000000000e+04
1.672200000000000000e+04
1.700000000000000000e+04
1.687000000000000000e+04
1.718600000000000000e+04
1.721000000000000000e+04
1.730900000000000000e+04
1.737200000000000000e+04
1.734000000000000000e+04
1.757100000000000000e+04
1.789000000000000000e+04
1.758800000000000000e+04
1.791100000000000000e+04
1.791200000000000000e+04
1.837200000000000000e+04
1.824300000000000000e+04
1.858300000000000000e+04
1.864300000000000000e+04
1.850900000000000000e+04
1.887300000000000000e+04
1.873600000000000000e+04
1.922000000000000000e+04
1.957800000000000000e+04
1.914000000000000000e+04
1.952700000000000000e+04
1.949700000000000000e+04
1.968500000000000000e+04
1.994700000000000000e+04
1.992700000000000000e+04
2.012900000000000000e+04
2.009100000000000000e+04
2.032200000000000000e+04
2.081900000000000000e+04
2.078700000000000000e+04
2.103600000000000000e+04
2.084600000000000000e+04
2.135400000000000000e+04
2.153600000000000000e+04
2.159900000000000000e+04
2.158100000000000000e+04
2.197400000000000000e+04
2.213600000000000000e+04
2.199900000000000000e+04
2.247200000000000000e+04
2.241400000000000000e+04
2.254300000000000000e+04
2.254400000000000000e+04
2.309300000000000000e+04
2.325700000000000000e+04
2.345600000000000000e+04
2.323400000000000000e+04
2.354700000000000000e+04
2.388600000000000000e+04
2.390500000000000000e+04
2.393200000000000000e+04
2.425600000000000000e+04
2.430300000000000000e+04
2.479900000000000000e+04
2.488600000000000000e+04
2.505000000000000000e+04
2.522100000000000000e+04
2.559100000000000000e+04
2.592100000000000000e+04
2.603800000000000000e+04
2.641200000000000000e+04
2.622400000000000000e+04
2.662500000000000000e+04
2.694700000000000000e+04
2.731400000000000000e+04
2.712800000000000000e+04
2.755500000000000000e+04
2.766600000000000000e+04
2.804400000000000000e+04
2.820000000000000000e+04
2.839300000000000000e+04
2.855500000000000000e+04
2.886700000000000000e+04
2.902100000000000000e+04
2.948100000000000000e+04
2.951700000000000000e+04
2.962700000000000000e+04
2.999100000000000000e+04
3.018400000000000000e+04
3.030100000000000000e+04
3.082300000000000000e+04
3.081400000000000000e+04
3.122800000000000000e+04
3.145200000000000000e+04
3.178800000000000000e+04
3.203200000000000000e+04
3.259200000000000000e+04
3.251600000000000000e+04
3.312300000000000000e+04
3.364900000000000000e+04
3.356200000000000000e+04
3.434800000000000000e+04
3.469700000000000000e+04
3.478800000000000000e+04
3.468700000000000000e+04
3.507900000000000000e+04
3.546000000000000000e+04
3.567100000000000000e+04
3.603400000000000000e+04
3.643000000000000000e+04
3.694100000000000000e+04
3.715500000000000000e+04
3.782700000000000000e+04
3.785800000000000000e+04
3.867500000000000000e+04
3.869300000000000000e+04
3.885900000000000000e+04
3.939400000000000000e+04
3.995800000000000000e+04
4.035900000000000000e+04
4.059500000000000000e+04
4.089200000000000000e+04
4.141300000000000000e+04
4.140300000000000000e+04
4.211300000000000000e+04
4.315700000000000000e+04
4.313000000000000000e+04
4.405200000000000000e+04
4.401800000000000000e+04
4.419900000000000000e+04
4.520200000000000000e+04
4.520100000000000000e+04
4.595900000000000000e+04
4.603100000000000000e+04
4.724500000000000000e+04
4.709500000000000000e+04
4.805800000000000000e+04
4.819400000000000000e+04
4.878100000000000000e+04
4.954500000000000000e+04
4.975400000000000000e+04
5.047000000000000000e+04
5.119900000000000000e+04
5.175900000000000000e+04
5.197900000000000000e+04
5.257300000000000000e+04
5.332400000000000000e+04
5.388900000000000000e+04
5.415100000000000000e+04
5.543100000000000000e+04
5.549500000000000000e+04
5.650200000000000000e+04
5.713400000000000000e+04
5.781300000000000000e+04
5.836300000000000000e+04
5.881600000000000000e+04
5.978100000000000000e+04
6.032200000000000000e+04
6.136100000000000000e+04
6.201200000000000000e+04
6.263400000000000000e+04
6.360100000000000000e+04
6.397100000000000000e+04
6.462400000000000000e+04
6.544700000000000000e+04
6.649400000000000000e+04
6.723600000000000000e+04
6.810900000000000000e+04
6.901400000000000000e+04
7.005100000000000000e+04
7.113800000000000000e+04
7.137600000000000000e+04
7.216500000000000000e+04
7.342900000000000000e+04
7.404800000000000000e+04
7.528400000000000000e+04
7.640200000000000000e+04
7.753700000000000000e+04
7.842900000000000000e+04
7.915200000000000000e+04
8.039200000000000000e+04
8.201400000000000000e+04
8.267200000000000000e+04
8.375700000000000000e+04
8.471000000000000000e+04
8.627400000000000000e+04
8.718300000000000000e+04
8.836700000000000000e+04
8.979200000000000000e+04
9.135200000000000000e+04
9.226500000000000000e+04
9.397300000000000000e+04
9.482900000000000000e+04
9.641700000000000000e+04
9.757800000000000000e+04
9.844100000000000000e+04
1.003090000000000000e+05
1.018340000000000000e+05
1.035730000000000000e+05
1.048980000000000000e+05
1.066860000000000000e+05
1.088090000000000000e+05
1.099490000000000000e+05
1.110770000000000000e+05
1.128830000000000000e+05
1.154020000000000000e+05
1.174320000000000000e+05
1.186990000000000000e+05
1.209010000000000000e+05
1.222530000000000000e+05
1.242960000000000000e+05
1.267270000000000000e+05
1.283270000000000000e+05
1.304050000000000000e+05
1.323810000000000000e+05
1.349760000000000000e+05
1.360030000000000000e+05
1.395020000000000000e+05
1.414550000000000000e+05
1.439910000000000000e+05
1.460790000000000000e+05
1.493200000000000000e+05
1.512300000000000000e+05
1.541280000000000000e+05
1.570860000000000000e+05
1.594490000000000000e+05
1.612800000000000000e+05
1.654470000000000000e+05
1.683250000000000000e+05
1.716330000000000000e+05
1.741990000000000000e+05
1.779830000000000000e+05
1.808590000000000000e+05
1.836080000000000000e+05
1.869280000000000000e+05
1.915420000000000000e+05
1.936850000000000000e+05
1.975850000000000000e+05
2.006070000000000000e+05
2.049610000000000000e+05
2.088040000000000000e+05
2.133160000000000000e+05
2.168490000000000000e+05
2.210960000000000000e+05
2.254850000000000000e+05
2.292740000000000000e+05
2.347340000000000000e+05
2.385850000000000000e+05
2.438370000000000000e+05
2.486350000000000000e+05
2.528520000000000000e+05
2.582810000000000000e+05
2.636610000000000000e+05
2.689170000000000000e+05
2.741060000000000000e+05
2.798050000000000000e+05
2.858340000000000000e+05
2.903410000000000000e+05
2.965280000000000000e+05
3.031110000000000000e+05
3.090960000000000000e+05
3.152670000000000000e+05
3.208930000000000000e+05
3.272850000000000000e+05
3.346180000000000000e+05
3.411030000000000000e+05
3.479710000000000000e+05
3.561590000000000000e+05
3.612740000000000000e+05
3.695410000000000000e+05
3.778970000000000000e+05
3.850820000000000000e+05
3.918320000000000000e+05
3.992700000000000000e+05
4.083400000000000000e+05
4.165300000000000000e+05
4.228950000000000000e+05
4.317120000000000000e+05
4.404790000000000000e+05
4.484460000000000000e+05
4.560070000000000000e+05
4.640380000000000000e+05
4.727060000000000000e+05
4.813460000000000000e+05
4.892240000000000000e+05
4.973800000000000000e+05
5.055650000000000000e+05
5.132280000000000000e+05
5.222770000000000000e+05
5.294530000000000000e+05
5.376100000000000000e+05
5.450650000000000000e+05
5.536240000000000000e+05
5.602360000000000000e+05
5.675550000000000000e+05
5.721590000000000000e+05
5.814580000000000000e+05
5.862640000000000000e+05
5.936290000000000000e+05
5.999370000000000000e+05
6.027400000000000000e+05
6.090200000000000000e+05
6.146530000000000000e+05
6.188180000000000000e+05
6.222110000000000000e+05
6.256110000000000000e+05
6.296720000000000000e+05
6.307240000000000000e+05
6.340380000000000000e+05
6.346250000000000000e+05
6.362990000000000000e+05
6.366070000000000000e+05
6.348850000000000000e+05
6.357910000000000000e+05
6.352250000000000000e+05
6.331720000000000000e+05
6.306960000000000000e+05
6.293080000000000000e+05
6.260790000000000000e+05
6.224310000000000000e+05
6.188400000000000000e+05
6.139500000000000000e+05
6.093910000000000000e+05
6.045670000000000000e+05
5.995650000000000000e+05
5.930730000000000000e+05
5.865040000000000000e+05
5.821080000000000000e+05
5.745800000000000000e+05
5.662130000000000000e+05
5.612470000000000000e+05
5.523710000000000000e+05
5.441380000000000000e+05
5.382390000000000000e+05
5.296420000000000000e+05
5.213190000000000000e+05
5.137680000000000000e+05
5.046110000000000000e+05
4.970150000000000000e+05
4.884180000000000000e+05
4.804810000000000000e+05
4.716220000000000000e+05
4.649490000000000000e+05
4.557670000000000000e+05
4.481320000000000000e+05
4.396900000000000000e+05
4.310470000000000000e+05
4.229110000000000000e+05
4.148440000000000000e+05
4.068010000000000000e+05
3.993640000000000000e+05
3.927600000000000000e+05
3.837310000000000000e+05
3.766380000000000000e+05
3.693240000000000000e+05
3.621450000000000000e+05
3.553620000000000000e+05
3.480560000000000000e+05
3.413930000000000000e+05
3.342060000000000000e+05
3.281880000000000000e+05
3.216650000000000000e+05
3.160380000000000000e+05
3.086140000000000000e+05
3.020100000000000000e+05
2.970880000000000000e+05
2.909640000000000000e+05
2.854540000000000000e+05
2.789490000000000000e+05
2.732590000000000000e+05
2.683340000000000000e+05
2.645040000000000000e+05
2.580320000000000000e+05
2.525890000000000000e+05
2.483420000000000000e+05
2.440540000000000000e+05
2.391770000000000000e+05
2.335930000000000000e+05
2.306000000000000000e+05
2.250500000000000000e+05
2.212160000000000000e+05
2.174930000000000000e+05
2.126210000000000000e+05
2.100540000000000000e+05
2.050770000000000000e+05
2.014940000000000000e+05
1.977410000000000000e+05
1.945910000000000000e+05
1.907710000000000000e+05
1.869210000000000000e+05
1.836830000000000000e+05
1.801220000000000000e+05
1.776790000000000000e+05
1.751050000000000000e+05
1.710810000000000000e+05
1.681400000000000000e+05
1.653600000000000000e+05
1.623410000000000000e+05
1.598760000000000000e+05
1.563490000000000000e+05
1.543920000000000000e+05
1.511420000000000000e+05
1.490300000000000000e+05
1.461030000000000000e+05
1.434830000000000000e+05
1.420230000000000000e+05
1.387160000000000000e+05
1.370970000000000000e+05
1.343980000000000000e+05
1.325040000000000000e+05
1.302020000000000000e+05
1.284330000000000000e+05
1.272230000000000000e+05
1.241510000000000000e+05
1.225150000000000000e+05
1.204710000000000000e+05
1.187770000000000000e+05
1.168810000000000000e+05
1.158160000000000000e+05
1.129170000000000000e+05
1.118260000000000000e+05
1.097820000000000000e+05
1.086880000000000000e+05
1.068360000000000000e+05
1.051240000000000000e+05
1.031250000000000000e+05
1.019360000000000000e+05
1.004760000000000000e+05
9.946600000000000000e+04
9.800000000000000000e+04
9.605500000000000000e+04
9.509200000000000000e+04
9.389600000000000000e+04
9.204400000000000000e+04
9.087200000000000000e+04
8.960900000000000000e+04
8.859800000000000000e+04
8.721800000000000000e+04
8.571200000000000000e+04
8.514200000000000000e+04
8.395400000000000000e+04
8.220400000000000000e+04
8.134400000000000000e+04
8.022100000000000000e+04
7.853600000000000000e+04
7.815800000000000000e+04
7.709400000000000000e+04
7.621700000000000000e+04
7.513300000000000000e+04
7.438900000000000000e+04
7.335400000000000000e+04
7.233400000000000000e+04
7.159000000000000000e+04
7.058100000000000000e+04
6.976100000000000000e+04
6.885100000000000000e+04
6.780400000000000000e+04
6.709400000000000000e+04
6.645700000000000000e+04
6.527600000000000000e+04
6.445100000000000000e+04
6.376700000000000000e+04
6.265300000000000000e+04
6.269900000000000000e+04
6.165200000000000000e+04
6.090100000000000000e+04
6.021000000000000000e+04
5.933300000000000000e+04
5.902300000000000000e+04
5.852400000000000000e+04
5.716300000000000000e+04
5.707500000000000000e+04
5.638100000000000000e+04
5.554600000000000000e+04
5.517200000000000000e+04
5.431100000000000000e+04
5.353900000000000000e+04
5.344400000000000000e+04
5.266200000000000000e+04
5.239500000000000000e+04
5.085800000000000000e+04
5.094600000000000000e+04
5.058900000000000000e+04
5.001900000000000000e+04
4.961400000000000000e+04
4.866400000000000000e+04
4.877300000000000000e+04
4.779200000000000000e+04
4.765300000000000000e+04
4.679800000000000000e+04
4.622000000000000000e+04
4.614400000000000000e+04
4.569800000000000000e+04
4.516400000000000000e+04
4.455000000000000000e+04
4.416000000000000000e+04
4.371800000000000000e+04
4.309000000000000000e+04
4.264200000000000000e+04
4.216100000000000000e+04
4.185500000000000000e+04
4.120500000000000000e+04
4.097900000000000000e+04
4.065200000000000000e+04
4.046600000000000000e+04
3.967700000000000000e+04
3.952300000000000000e+04
3.882500000000000000e+04
3.850800000000000000e+04
3.812100000000000000e+04
3.796700000000000000e+04
3.770700000000000000e+04
3.755600000000000000e+04
3.657000000000000000e+04
3.704200000000000000e+04
3.614100000000000000e+04
3.575400000000000000e+04
3.527600000000000000e+04
3.519200000000000000e+04
3.491100000000000000e+04
3.480600000000000000e+04
3.439600000000000000e+04
3.406400000000000000e+04
3.382300000000000000e+04
3.321400000000000000e+04
3.297000000000000000e+04
3.289400000000000000e+04
3.231900000000000000e+04
3.240000000000000000e+04
3.201100000000000000e+04
3.142400000000000000e+04
3.153300000000000000e+04
3.123100000000000000e+04
3.109200000000000000e+04
3.061700000000000000e+04
3.050600000000000000e+04
3.007400000000000000e+04
2.990000000000000000e+04
2.927800000000000000e+04
2.917100000000000000e+04
2.911100000000000000e+04
2.885300000000000000e+04
2.876600000000000000e+04
2.854500000000000000e+04
2.823300000000000000e+04
2.771700000000000000e+04
2.748100000000000000e+04
2.733800000000000000e+04
2.699700000000000000e+04
2.698500000000000000e+04
2.702000000000000000e+04
2.642400000000000000e+04
2.644500000000000000e+04
2.629300000000000000e+04
2.607000000000000000e+04
2.580500000000000000e+04
2.541300000000000000e+04
2.531000000000000000e+04
2.513800000000000000e+04
2.491100000000000000e+04
2.463000000000000000e+04
2.472300000000000000e+04
2.462700000000000000e+04
2.418700000000000000e+04
2.381800000000000000e+04
2.372900000000000000e+04
2.373200000000000000e+04
2.356300000000000000e+04
2.333500000000000000e+04
2.317300000000000000e+04
2.281400000000000000e+04
2.283300000000000000e+04
2.285400000000000000e+04
2.263300000000000000e+04
2.250500000000000000e+04
2.195700000000000000e+04
2.184900000000000000e+04
2.154400000000000000e+04
2.153500000000000000e+04
2.139200000000000000e+04
2.127100000000000000e+04
2.103000000000000000e+04
2.115200000000000000e+04
2.074300000000000000e+04
2.062600000000000000e+04
2.055400000000000000e+04
2.040100000000000000e+04
2.035200000000000000e+04
2.007500000000000000e+04
2.006300000000000000e+04
1.987200000000000000e+04
1.954800000000000000e+04
1.950900000000000000e+04
1.933100000000000000e+04
1.951400000000000000e+04
1.909300000000000000e+04
1.905100000000000000e+04
1.928800000000000000e+04
1.860100000000000000e+04
1.845000000000000000e+04
1.864000000000000000e+04
1.857300000000000000e+04
1.816700000000000000e+04
1.828600000000000000e+04
1.811900000000000000e+04
1.775700000000000000e+04
1.765700000000000000e+04
1.786000000000000000e+04
1.769100000000000000e+04
1.735200000000000000e+04
1.752100000000000000e+04
1.731100000000000000e+04
1.707600000000000000e+04
1.719500000000000000e+04
1.684900000000000000e+04
1.700800000000000000e+04
1.670700000000000000e+04
1.662100000000000000e+04
1.645400000000000000e+04
1.636200000000000000e+04
1.629700000000000000e+04
1.589500000000000000e+04
1.605200000000000000e+04
1.596100000000000000e+04
1.586000000000000000e+04
1.583400000000000000e+04
1.558700000000000000e+04
1.549200000000000000e+04
1.531000000000000000e+04
1.554200000000000000e+04
1.534300000000000000e+04
1.538600000000000000e+04
1.507600000000000000e+04
1.509400000000000000e+04
1.505200000000000000e+04
1.489100000000000000e+04
1.479300000000000000e+04
1.452500000000000000e+04
1.461500000000000000e+04
1.440400000000000000e+04
1.443100000000000000e+04
1.428900000000000000e+04
1.415900000000000000e+04
1.404700000000000000e+04
1.398000000000000000e+04
1.409100000000000000e+04
1.389000000000000000e+04
1.413100000000000000e+04
1.380900000000000000e+04
1.373900000000000000e+04
1.361400000000000000e+04
1.353800000000000000e+04
1.327800000000000000e+04
1.334400000000000000e+04
1.329500000000000000e+04
1.333300000000000000e+04
1.314500000000000000e+04
1.294100000000000000e+04
1.307800000000000000e+04
1.282700000000000000e+04
1.269000000000000000e+04
1.264300000000000000e+04
1.256800000000000000e+04
1.256300000000000000e+04
1.272400000000000000e+04
1.229000000000000000e+04
1.238000000000000000e+04
1.227100000000000000e+04
1.216300000000000000e+04
1.216000000000000000e+04
1.207600000000000000e+04
1.198400000000000000e+04
1.191300000000000000e+04
1.195500000000000000e+04
1.193300000000000000e+04
1.194100000000000000e+04
1.160700000000000000e+04
1.150100000000000000e+04
1.157600000000000000e+04
1.130800000000000000e+04
1.161600000000000000e+04
1.153000000000000000e+04
1.135700000000000000e+04
1.159100000000000000e+04
1.134300000000000000e+04
1.120200000000000000e+04
1.118800000000000000e+04
1.106200000000000000e+04
1.108400000000000000e+04
1.100900000000000000e+04
1.085300000000000000e+04
1.081900000000000000e+04
1.107700000000000000e+04
1.070100000000000000e+04
1.064400000000000000e+04
1.057800000000000000e+04
1.040500000000000000e+04
1.041800000000000000e+04
1.049400000000000000e+04
1.047400000000000000e+04
1.038700000000000000e+04
1.016000000000000000e+04
1.022100000000000000e+04
1.036400000000000000e+04
1.008500000000000000e+04
9.974000000000000000e+03
1.000300000000000000e+04
9.855000000000000000e+03
9.903000000000000000e+03
9.802000000000000000e+03
9.503000000000000000e+03
9.801000000000000000e+03
9.710000000000000000e+03
9.762000000000000000e+03
9.700000000000000000e+03
9.562000000000000000e+03
9.611000000000000000e+03
9.596000000000000000e+03
9.572000000000000000e+03
9.416000000000000000e+03
9.478000000000000000e+03
9.467000000000000000e+03
9.382000000000000000e+03
9.199000000000000000e+03
9.262000000000000000e+03
9.231000000000000000e+03
9.015000000000000000e+03
9.016000000000000000e+03
9.103000000000000000e+03
8.940000000000000000e+03
8.913000000000000000e+03
9.044000000000000000e+03
8.973000000000000000e+03
8.699000000000000000e+03
8.786000000000000000e+03
8.803000000000000000e+03
8.590000000000000000e+03
8.710000000000000000e+03
8.793000000000000000e+03
8.492000000000000000e+03
8.620000000000000000e+03
8.547000000000000000e+03
8.627000000000000000e+03
8.511000000000000000e+03
8.496000000000000000e+03
8.379000000000000000e+03
8.377000000000000000e+03
8.199000000000000000e+03
8.177000000000000000e+03
8.151000000000000000e+03
8.143000000000000000e+03
8.179000000000000000e+03
7.968000000000000000e+03
8.034000000000000000e+03
8.023000000000000000e+03
8.117000000000000000e+03
7.956000000000000000e+03
7.875000000000000000e+03
7.867000000000000000e+03
7.939000000000000000e+03
7.845000000000000000e+03
7.856000000000000000e+03
7.771000000000000000e+03
7.788000000000000000e+03
7.684000000000000000e+03
7.697000000000000000e+03
7.634000000000000000e+03
7.604000000000000000e+03
7.368000000000000000e+03
7.576000000000000000e+03
7.382000000000000000e+03
7.565000000000000000e+03
7.461000000000000000e+03
7.292000000000000000e+03
7.480000000000000000e+03
7.357000000000000000e+03
7.318000000000000000e+03
7.445000000000000000e+03
7.258000000000000000e+03
7.283000000000000000e+03
7.246000000000000000e+03
7.194000000000000000e+03
7.037000000000000000e+03
7.155000000000000000e+03
6.936000000000000000e+03
7.032000000000000000e+03
6.918000000000000000e+03
6.943000000000000000e+03
6.880000000000000000e+03
6.853000000000000000e+03
6.830000000000000000e+03
6.856000000000000000e+03
6.755000000000000000e+03
6.877000000000000000e+03
6.701000000000000000e+03
6.708000000000000000e+03
6.808000000000000000e+03
6.574000000000000000e+03
6.604000000000000000e+03
6.717000000000000000e+03
6.657000000000000000e+03
6.691000000000000000e+03
6.442000000000000000e+03
6.518000000000000000e+03
6.519000000000000000e+03
6.467000000000000000e+03
6.406000000000000000e+03
6.478000000000000000e+03
6.392000000000000000e+03
6.372000000000000000e+03
6.326000000000000000e+03
6.284000000000000000e+03
