6.455000000000000000e+04
6.688000000000000000e+04
6.990400000000000000e+04
7.283300000000000000e+04
7.586400000000000000e+04
7.972600000000000000e+04
8.254800000000000000e+04
8.700900000000000000e+04
9.076500000000000000e+04
9.594600000000000000e+04
9.991600000000000000e+04
1.054280000000000000e+05
1.110610000000000000e+05
1.171580000000000000e+05
1.241630000000000000e+05
1.312660000000000000e+05
1.386460000000000000e+05
1.470210000000000000e+05
1.561530000000000000e+05
1.666450000000000000e+05
1.779410000000000000e+05
1.895360000000000000e+05
2.033260000000000000e+05
2.184380000000000000e+05
2.354100000000000000e+05
2.541030000000000000e+05
2.755820000000000000e+05
2.991790000000000000e+05
3.271340000000000000e+05
3.586650000000000000e+05
3.925940000000000000e+05
4.340100000000000000e+05
4.811710000000000000e+05
5.372500000000000000e+05
6.004480000000000000e+05
6.768890000000000000e+05
7.687280000000000000e+05
8.788130000000000000e+05
1.013697000000000000e+06
1.178495000000000000e+06
1.383271000000000000e+06
1.640322000000000000e+06
1.962951000000000000e+06
2.370017000000000000e+06
2.887697000000000000e+06
3.520392000000000000e+06
4.275396000000000000e+06
5.089491000000000000e+06
5.829341000000000000e+06
6.279938000000000000e+06
6.284197000000000000e+06
5.829444000000000000e+06
5.089248000000000000e+06
4.277885000000000000e+06
3.519435000000000000e+06
2.888260000000000000e+06
2.370701000000000000e+06
1.961815000000000000e+06
1.638819000000000000e+06
1.385129000000000000e+06
1.178154000000000000e+06
1.013837000000000000e+06
8.780390000000000000e+05
7.689980000000000000e+05
6.759880000000000000e+05
6.007640000000000000e+05
5.369890000000000000e+05
4.804430000000000000e+05
4.323900000000000000e+05
3.929860000000000000e+05
3.572770000000000000e+05
3.267840000000000000e+05
2.997970000000000000e+05
2.760900000000000000e+05
2.545410000000000000e+05
2.349150000000000000e+05
2.197650000000000000e+05
2.035980000000000000e+05
1.906090000000000000e+05
1.777370000000000000e+05
1.669590000000000000e+05
1.563790000000000000e+05
1.467000000000000000e+05
1.388300000000000000e+05
1.318160000000000000e+05
1.234890000000000000e+05
1.178640000000000000e+05
1.109170000000000000e+05
1.054140000000000000e+05
1.006550000000000000e+05
9.559300000000000000e+04
9.103200000000000000e+04
8.667800000000000000e+04
8.312100000000000000e+04
8.037200000000000000e+04
7.669600000000000000e+04
7.262100000000000000e+04
6.985300000000000000e+04
6.732100000000000000e+04
6.404900000000000000e+04
