6.320000000000000000e+03
6.340000000000000000e+03
6.376000000000000000e+03
6.389000000000000000e+03
6.483000000000000000e+03
6.468000000000000000e+03
6.473000000000000000e+03
6.524000000000000000e+03
6.382000000000000000e+03
6.513000000000000000e+03
6.523000000000000000e+03
6.616000000000000000e+03
6.645000000000000000e+03
6.724000000000000000e+03
6.512000000000000000e+03
6.793000000000000000e+03
6.751000000000000000e+03
6.750000000000000000e+03
6.724000000000000000e+03
6.701000000000000000e+03
6.774000000000000000e+03
6.844000000000000000e+03
6.792000000000000000e+03
6.906000000000000000e+03
6.975000000000000000e+03
7.036000000000000000e+03
6.979000000000000000e+03
7.122000000000000000e+03
7.031000000000000000e+03
7.183000000000000000e+03
7.097000000000000000e+03
7.214000000000000000e+03
7.235000000000000000e+03
7.279000000000000000e+03
7.118000000000000000e+03
7.275000000000000000e+03
7.428000000000000000e+03
7.298000000000000000e+03
7.496000000000000000e+03
7.325000000000000000e+03
7.446000000000000000e+03
7.347000000000000000e+03
7.486000000000000000e+03
7.551000000000000000e+03
7.629000000000000000e+03
7.444000000000000000e+03
7.569000000000000000e+03
7.646000000000000000e+03
7.794000000000000000e+03
7.679000000000000000e+03
7.668000000000000000e+03
7.794000000000000000e+03
7.809000000000000000e+03
7.884000000000000000e+03
7.987000000000000000e+03
7.997000000000000000e+03
8.127000000000000000e+03
8.133000000000000000e+03
8.107000000000000000e+03
8.250000000000000000e+03
8.072000000000000000e+03
8.173000000000000000e+03
8.240000000000000000e+03
8.200000000000000000e+03
8.343000000000000000e+03
8.359000000000000000e+03
8.520000000000000000e+03
8.403000000000000000e+03
8.607000000000000000e+03
8.588000000000000000e+03
8.606000000000000000e+03
8.532000000000000000e+03
8.672000000000000000e+03
8.565000000000000000e+03
8.655000000000000000e+03
8.555000000000000000e+03
8.769000000000000000e+03
8.868000000000000000e+03
8.766000000000000000e+03
8.750000000000000000e+03
8.755000000000000000e+03
8.841000000000000000e+03
8.964000000000000000e+03
9.169000000000000000e+03
9.107000000000000000e+03
9.158000000000000000e+03
9.045000000000000000e+03
9.233000000000000000e+03
9.278000000000000000e+03
9.326000000000000000e+03
9.257000000000000000e+03
9.412000000000000000e+03
9.434000000000000000e+03
9.607000000000000000e+03
9.791000000000000000e+03
9.616000000000000000e+03
9.702000000000000000e+03
9.576000000000000000e+03
9.755000000000000000e+03
9.651000000000000000e+03
9.834000000000000000e+03
9.835000000000000000e+03
1.017300000000000000e+04
9.904000000000000000e+03
1.005300000000000000e+04
1.007700000000000000e+04
1.014800000000000000e+04
1.018600000000000000e+04
1.018700000000000000e+04
1.025600000000000000e+04
1.026100000000000000e+04
1.030500000000000000e+04
1.047300000000000000e+04
1.043800000000000000e+04
1.059400000000000000e+04
1.063200000000000000e+04
1.061000000000000000e+04
1.089900000000000000e+04
1.064600000000000000e+04
1.085500000000000000e+04
1.091300000000000000e+04
1.071300000000000000e+04
1.085100000000000000e+04
1.099700000000000000e+04
1.104800000000000000e+04
1.114400000000000000e+04
1.115300000000000000e+04
1.129200000000000000e+04
1.142600000000000000e+04
1.123900000000000000e+04
1.158500000000000000e+04
1.163100000000000000e+04
1.158300000000000000e+04
1.182600000000000000e+04
1.181100000000000000e+04
1.176900000000000000e+04
1.196000000000000000e+04
1.189200000000000000e+04
1.191800000000000000e+04
1.202400000000000000e+04
1.216500000000000000e+04
1.197800000000000000e+04
1.236400000000000000e+04
1.202500000000000000e+04
1.231300000000000000e+04
1.247000000000000000e+04
1.241100000000000000e+04
1.253500000000000000e+04
1.266100000000000000e+04
1.254500000000000000e+04
1.265800000000000000e+04
1.293800000000000000e+04
1.306000000000000000e+04
1.272100000000000000e+04
1.293200000000000000e+04
1.331600000000000000e+04
1.315700000000000000e+04
1.339800000000000000e+04
1.350400000000000000e+04
1.349300000000000000e+04
1.347500000000000000e+04
1.363500000000000000e+04
1.363800000000000000e+04
1.367600000000000000e+04
1.390800000000000000e+04
1.403600000000000000e+04
1.398000000000000000e+04
1.416400000000000000e+04
1.407500000000000000e+04
1.438100000000000000e+04
1.446000000000000000e+04
1.416300000000000000e+04
1.440100000000000000e+04
1.421800000000000000e+04
1.466400000000000000e+04
1.468200000000000000e+04
1.477400000000000000e+04
1.506200000000000000e+04
1.505500000000000000e+04
1.526300000000000000e+04
1.517800000000000000e+04
1.553900000000000000e+04
1.536400000000000000e+04
1.563300000000000000e+04
1.567000000000000000e+04
1.565900000000000000e+04
1.582500000000000000e+04
1.609500000000000000e+04
1.608000000000000000e+04
1.610900000000000000e+04
1.614800000000000000e+04
1.624700000000000000e+04
1.644500000000000000e+04
1.660900000000000000e+04
1.656700000000000000e+04
1.674000000000000000e+04
1.712700000000000000e+04
1.701200000000000000e+04
1.714000000000000000e+04
1.717900000000000000e+04
1.726300000000000000e+04
1.739700000000000000e+04
1.756800000000000000e+04
1.782200000000000000e+04
1.763200000000000000e+04
1.791700000000000000e+04
1.781300000000000000e+04
1.797300000000000000e+04
1.815000000000000000e+04
1.813500000000000000e+04
1.861400000000000000e+04
1.827800000000000000e+04
1.858400000000000000e+04
1.888000000000000000e+04
1.893800000000000000e+04
1.907500000000000000e+04
1.911900000000000000e+04
1.937300000000000000e+04
1.902300000000000000e+04
1.965100000000000000e+04
1.945800000000000000e+04
1.996600000000000000e+04
1.959000000000000000e+04
1.998700000000000000e+04
2.035700000000000000e+04
2.047400000000000000e+04
2.074500000000000000e+04
2.084800000000000000e+04
2.077800000000000000e+04
2.118100000000000000e+04
2.110800000000000000e+04
2.123600000000000000e+04
2.162400000000000000e+04
2.147600000000000000e+04
2.167200000000000000e+04
2.212000000000000000e+04
2.205600000000000000e+04
2.212200000000000000e+04
2.256600000000000000e+04
2.263500000000000000e+04
2.312500000000000000e+04
2.285100000000000000e+04
2.304900000000000000e+04
2.333500000000000000e+04
2.354600000000000000e+04
2.378200000000000000e+04
2.384300000000000000e+04
2.409900000000000000e+04
2.426300000000000000e+04
2.463900000000000000e+04
2.438100000000000000e+04
2.468600000000000000e+04
2.478600000000000000e+04
2.543800000000000000e+04
2.538900000000000000e+04
2.541300000000000000e+04
2.604100000000000000e+04
2.593200000000000000e+04
2.618100000000000000e+04
2.631800000000000000e+04
2.652500000000000000e+04
2.690900000000000000e+04
2.723900000000000000e+04
2.720300000000000000e+04
2.753300000000000000e+04
2.751500000000000000e+04
2.805600000000000000e+04
2.789700000000000000e+04
2.837800000000000000e+04
2.866500000000000000e+04
2.893700000000000000e+04
2.882500000000000000e+04
2.948200000000000000e+04
2.990700000000000000e+04
2.968100000000000000e+04
3.024600000000000000e+04
3.012100000000000000e+04
3.057700000000000000e+04
3.074000000000000000e+04
3.122700000000000000e+04
3.136500000000000000e+04
3.172900000000000000e+04
3.174800000000000000e+04
3.183300000000000000e+04
3.265300000000000000e+04
3.277200000000000000e+04
3.336000000000000000e+04
3.339800000000000000e+04
3.373200000000000000e+04
3.430100000000000000e+04
3.411900000000000000e+04
3.464500000000000000e+04
3.459100000000000000e+04
3.542700000000000000e+04
3.558600000000000000e+04
3.589800000000000000e+04
3.608600000000000000e+04
3.681900000000000000e+04
3.714500000000000000e+04
3.707900000000000000e+04
3.748000000000000000e+04
3.802700000000000000e+04
3.850100000000000000e+04
3.907700000000000000e+04
3.920500000000000000e+04
3.973900000000000000e+04
3.993600000000000000e+04
3.987700000000000000e+04
4.054700000000000000e+04
4.091100000000000000e+04
4.145100000000000000e+04
4.209600000000000000e+04
4.221400000000000000e+04
4.281800000000000000e+04
4.283400000000000000e+04
4.383000000000000000e+04
4.397500000000000000e+04
4.454600000000000000e+04
4.504100000000000000e+04
4.536900000000000000e+04
4.582800000000000000e+04
4.620500000000000000e+04
4.684500000000000000e+04
4.742800000000000000e+04
4.805700000000000000e+04
4.837100000000000000e+04
4.884000000000000000e+04
4.890100000000000000e+04
4.985000000000000000e+04
5.006700000000000000e+04
5.108000000000000000e+04
5.155000000000000000e+04
5.191000000000000000e+04
5.284900000000000000e+04
5.319200000000000000e+04
5.401000000000000000e+04
5.433500000000000000e+04
5.538800000000000000e+04
5.613100000000000000e+04
5.606200000000000000e+04
5.728800000000000000e+04
5.784300000000000000e+04
5.821400000000000000e+04
5.911400000000000000e+04
5.982700000000000000e+04
6.000000000000000000e+04
6.115100000000000000e+04
6.236800000000000000e+04
6.296400000000000000e+04
6.336700000000000000e+04
6.412100000000000000e+04
6.435600000000000000e+04
6.562200000000000000e+04
6.602500000000000000e+04
6.724100000000000000e+04
6.799800000000000000e+04
6.878400000000000000e+04
6.958400000000000000e+04
7.085600000000000000e+04
7.161600000000000000e+04
7.241800000000000000e+04
7.375600000000000000e+04
7.463000000000000000e+04
7.479400000000000000e+04
7.581000000000000000e+04
7.741600000000000000e+04
7.851400000000000000e+04
8.006100000000000000e+04
8.054900000000000000e+04
8.136400000000000000e+04
8.249600000000000000e+04
8.367100000000000000e+04
8.465600000000000000e+04
8.529800000000000000e+04
8.769300000000000000e+04
8.800800000000000000e+04
8.958500000000000000e+04
9.092400000000000000e+04
9.235600000000000000e+04
9.349100000000000000e+04
9.516700000000000000e+04
9.611900000000000000e+04
9.818100000000000000e+04
9.860400000000000000e+04
1.004870000000000000e+05
1.020660000000000000e+05
1.037300000000000000e+05
1.046510000000000000e+05
1.063590000000000000e+05
1.081560000000000000e+05
1.099110000000000000e+05
1.119110000000000000e+05
1.132810000000000000e+05
1.146520000000000000e+05
1.165550000000000000e+05
1.184830000000000000e+05
1.205690000000000000e+05
1.225000000000000000e+05
1.240170000000000000e+05
1.268100000000000000e+05
1.287230000000000000e+05
1.302720000000000000e+05
1.324420000000000000e+05
1.351130000000000000e+05
1.371300000000000000e+05
1.397560000000000000e+05
1.409490000000000000e+05
1.436690000000000000e+05
1.465240000000000000e+05
1.486650000000000000e+05
1.513500000000000000e+05
1.544270000000000000e+05
1.569260000000000000e+05
1.593810000000000000e+05
1.620060000000000000e+05
1.652360000000000000e+05
1.682310000000000000e+05
1.710270000000000000e+05
1.738090000000000000e+05
1.773910000000000000e+05
1.808000000000000000e+05
1.836400000000000000e+05
1.876140000000000000e+05
1.914480000000000000e+05
1.934050000000000000e+05
1.983830000000000000e+05
2.011390000000000000e+05
2.046710000000000000e+05
2.086880000000000000e+05
2.130100000000000000e+05
2.164760000000000000e+05
2.215980000000000000e+05
2.261860000000000000e+05
2.299530000000000000e+05
2.342530000000000000e+05
2.384270000000000000e+05
2.434750000000000000e+05
2.485200000000000000e+05
2.535170000000000000e+05
2.583880000000000000e+05
2.629450000000000000e+05
2.698240000000000000e+05
2.739120000000000000e+05
2.800130000000000000e+05
2.860380000000000000e+05
2.910090000000000000e+05
2.973480000000000000e+05
3.035310000000000000e+05
3.088430000000000000e+05
3.149740000000000000e+05
3.213720000000000000e+05
3.278320000000000000e+05
3.350710000000000000e+05
3.418630000000000000e+05
3.481510000000000000e+05
3.549690000000000000e+05
3.624070000000000000e+05
3.690380000000000000e+05
3.759750000000000000e+05
3.833240000000000000e+05
3.921540000000000000e+05
4.005450000000000000e+05
4.078560000000000000e+05
4.155350000000000000e+05
4.225820000000000000e+05
4.306250000000000000e+05
4.400150000000000000e+05
4.465570000000000000e+05
4.557520000000000000e+05
4.634420000000000000e+05
4.729960000000000000e+05
4.797010000000000000e+05
4.890670000000000000e+05
4.962260000000000000e+05
5.050120000000000000e+05
5.140900000000000000e+05
5.212380000000000000e+05
5.293550000000000000e+05
5.386070000000000000e+05
5.440820000000000000e+05
5.512070000000000000e+05
5.610510000000000000e+05
5.672720000000000000e+05
5.736360000000000000e+05
5.808550000000000000e+05
5.888300000000000000e+05
5.941500000000000000e+05
5.986150000000000000e+05
6.043520000000000000e+05
6.098910000000000000e+05
6.138480000000000000e+05
6.198850000000000000e+05
6.232770000000000000e+05
6.248070000000000000e+05
6.288380000000000000e+05
6.308170000000000000e+05
6.334890000000000000e+05
6.355000000000000000e+05
6.367720000000000000e+05
6.356330000000000000e+05
6.360610000000000000e+05
6.362340000000000000e+05
6.355580000000000000e+05
6.339040000000000000e+05
6.325290000000000000e+05
6.286980000000000000e+05
6.254500000000000000e+05
6.224720000000000000e+05
6.168240000000000000e+05
6.151810000000000000e+05
6.098160000000000000e+05
6.051140000000000000e+05
5.984200000000000000e+05
5.923970000000000000e+05
5.870540000000000000e+05
5.812030000000000000e+05
5.728770000000000000e+05
5.683990000000000000e+05
5.594980000000000000e+05
5.522430000000000000e+05
5.455770000000000000e+05
5.376070000000000000e+05
5.294490000000000000e+05
5.197160000000000000e+05
5.148150000000000000e+05
5.061890000000000000e+05
4.958390000000000000e+05
4.894840000000000000e+05
4.821180000000000000e+05
4.710650000000000000e+05
4.640860000000000000e+05
4.558580000000000000e+05
4.482180000000000000e+05
4.391170000000000000e+05
4.311770000000000000e+05
4.235290000000000000e+05
4.149750000000000000e+05
4.072090000000000000e+05
4.008780000000000000e+05
3.919050000000000000e+05
3.839870000000000000e+05
3.775980000000000000e+05
3.691200000000000000e+05
3.625870000000000000e+05
3.544760000000000000e+05
3.485280000000000000e+05
3.427390000000000000e+05
3.346470000000000000e+05
3.276970000000000000e+05
3.215450000000000000e+05
3.158170000000000000e+05
3.090930000000000000e+05
3.028430000000000000e+05
2.964390000000000000e+05
2.906510000000000000e+05
2.849540000000000000e+05
2.797270000000000000e+05
2.737790000000000000e+05
2.684310000000000000e+05
2.633380000000000000e+05
2.583010000000000000e+05
2.530300000000000000e+05
2.485870000000000000e+05
2.435220000000000000e+05
2.386620000000000000e+05
2.340600000000000000e+05
2.301510000000000000e+05
2.261180000000000000e+05
2.210830000000000000e+05
2.165730000000000000e+05
2.132830000000000000e+05
2.085230000000000000e+05
2.054470000000000000e+05
2.015740000000000000e+05
1.972380000000000000e+05
1.942620000000000000e+05
1.910330000000000000e+05
1.869890000000000000e+05
1.833910000000000000e+05
1.806690000000000000e+05
1.775280000000000000e+05
1.749910000000000000e+05
1.704210000000000000e+05
1.681980000000000000e+05
1.651560000000000000e+05
1.615500000000000000e+05
1.590190000000000000e+05
1.565060000000000000e+05
1.538550000000000000e+05
1.516830000000000000e+05
1.486410000000000000e+05
1.463720000000000000e+05
1.440010000000000000e+05
1.414490000000000000e+05
1.395440000000000000e+05
1.367700000000000000e+05
1.346870000000000000e+05
1.323220000000000000e+05
1.301240000000000000e+05
1.288870000000000000e+05
1.261690000000000000e+05
1.245830000000000000e+05
1.227640000000000000e+05
1.208260000000000000e+05
1.188600000000000000e+05
1.168400000000000000e+05
1.147420000000000000e+05
1.140390000000000000e+05
1.117870000000000000e+05
1.098970000000000000e+05
1.079690000000000000e+05
1.070930000000000000e+05
1.051420000000000000e+05
1.035830000000000000e+05
1.019920000000000000e+05
1.004230000000000000e+05
9.910800000000000000e+04
9.729500000000000000e+04
9.619000000000000000e+04
9.490300000000000000e+04
9.387800000000000000e+04
9.260800000000000000e+04
9.122300000000000000e+04
9.030800000000000000e+04
8.852900000000000000e+04
8.673400000000000000e+04
8.536000000000000000e+04
8.474200000000000000e+04
8.421900000000000000e+04
8.217800000000000000e+04
8.141500000000000000e+04
8.047000000000000000e+04
7.990600000000000000e+04
7.799600000000000000e+04
7.718100000000000000e+04
7.599900000000000000e+04
7.485300000000000000e+04
7.408900000000000000e+04
7.314100000000000000e+04
7.275900000000000000e+04
7.140700000000000000e+04
7.083300000000000000e+04
6.950900000000000000e+04
6.839200000000000000e+04
6.795400000000000000e+04
6.721900000000000000e+04
6.614400000000000000e+04
6.532900000000000000e+04
6.469900000000000000e+04
6.375300000000000000e+04
6.321300000000000000e+04
6.251000000000000000e+04
6.183400000000000000e+04
6.089400000000000000e+04
5.990100000000000000e+04
5.988100000000000000e+04
5.933000000000000000e+04
5.874900000000000000e+04
5.749300000000000000e+04
5.667400000000000000e+04
5.649600000000000000e+04
5.570500000000000000e+04
5.461800000000000000e+04
5.452100000000000000e+04
5.370500000000000000e+04
5.356400000000000000e+04
5.255000000000000000e+04
5.234500000000000000e+04
5.134100000000000000e+04
5.122000000000000000e+04
5.040700000000000000e+04
4.985700000000000000e+04
4.906200000000000000e+04
4.881200000000000000e+04
4.847000000000000000e+04
4.788100000000000000e+04
4.767500000000000000e+04
4.687500000000000000e+04
4.629700000000000000e+04
4.552700000000000000e+04
4.563000000000000000e+04
4.499300000000000000e+04
4.481000000000000000e+04
4.411100000000000000e+04
4.408500000000000000e+04
4.312200000000000000e+04
4.274400000000000000e+04
4.234300000000000000e+04
4.177900000000000000e+04
4.143600000000000000e+04
4.105200000000000000e+04
4.089500000000000000e+04
4.030500000000000000e+04
3.941000000000000000e+04
3.902600000000000000e+04
3.887600000000000000e+04
3.869300000000000000e+04
3.823000000000000000e+04
3.803200000000000000e+04
3.814600000000000000e+04
3.740700000000000000e+04
3.684300000000000000e+04
3.648700000000000000e+04
3.622300000000000000e+04
3.580200000000000000e+04
3.529100000000000000e+04
3.517800000000000000e+04
3.466700000000000000e+04
3.458700000000000000e+04
3.441800000000000000e+04
3.407400000000000000e+04
3.360600000000000000e+04
3.366100000000000000e+04
3.293700000000000000e+04
3.248500000000000000e+04
3.262500000000000000e+04
3.203800000000000000e+04
3.225400000000000000e+04
3.168800000000000000e+04
3.115100000000000000e+04
3.131200000000000000e+04
3.088700000000000000e+04
3.050300000000000000e+04
3.008100000000000000e+04
2.998300000000000000e+04
3.019500000000000000e+04
2.976100000000000000e+04
2.944100000000000000e+04
2.919600000000000000e+04
2.857100000000000000e+04
2.863500000000000000e+04
2.849500000000000000e+04
2.839600000000000000e+04
2.803000000000000000e+04
2.740600000000000000e+04
2.762100000000000000e+04
2.730500000000000000e+04
2.718000000000000000e+04
2.675800000000000000e+04
2.670200000000000000e+04
2.656100000000000000e+04
2.632600000000000000e+04
2.577100000000000000e+04
2.615200000000000000e+04
2.560500000000000000e+04
2.553400000000000000e+04
2.521900000000000000e+04
2.474900000000000000e+04
2.503000000000000000e+04
2.439200000000000000e+04
2.416800000000000000e+04
2.415100000000000000e+04
2.407800000000000000e+04
2.355400000000000000e+04
2.354600000000000000e+04
2.333500000000000000e+04
2.317100000000000000e+04
2.319800000000000000e+04
2.278600000000000000e+04
2.294300000000000000e+04
2.237500000000000000e+04
2.230600000000000000e+04
2.208400000000000000e+04
2.217600000000000000e+04
2.183500000000000000e+04
2.159400000000000000e+04
2.154400000000000000e+04
2.163000000000000000e+04
2.157800000000000000e+04
2.088500000000000000e+04
2.129000000000000000e+04
2.089200000000000000e+04
2.040500000000000000e+04
2.077300000000000000e+04
2.042800000000000000e+04
2.017300000000000000e+04
2.032400000000000000e+04
1.999500000000000000e+04
1.984700000000000000e+04
1.991500000000000000e+04
1.937500000000000000e+04
1.940800000000000000e+04
1.941100000000000000e+04
1.915300000000000000e+04
1.900600000000000000e+04
1.919100000000000000e+04
1.910800000000000000e+04
1.846800000000000000e+04
1.846200000000000000e+04
1.852000000000000000e+04
1.843800000000000000e+04
1.828000000000000000e+04
1.807500000000000000e+04
1.783400000000000000e+04
1.778700000000000000e+04
1.768800000000000000e+04
1.763200000000000000e+04
1.748400000000000000e+04
1.760100000000000000e+04
1.718500000000000000e+04
1.706600000000000000e+04
1.714100000000000000e+04
1.700000000000000000e+04
1.681300000000000000e+04
1.671500000000000000e+04
1.669500000000000000e+04
1.641900000000000000e+04
1.612400000000000000e+04
1.622500000000000000e+04
1.621500000000000000e+04
1.616400000000000000e+04
1.609400000000000000e+04
1.591600000000000000e+04
1.593200000000000000e+04
1.566700000000000000e+04
1.535800000000000000e+04
1.526700000000000000e+04
1.573100000000000000e+04
1.541400000000000000e+04
1.523700000000000000e+04
1.515000000000000000e+04
1.507000000000000000e+04
1.515100000000000000e+04
1.485500000000000000e+04
1.490900000000000000e+04
1.451900000000000000e+04
1.462700000000000000e+04
1.425100000000000000e+04
1.428300000000000000e+04
1.437100000000000000e+04
1.431500000000000000e+04
1.431400000000000000e+04
1.402400000000000000e+04
1.410800000000000000e+04
1.389600000000000000e+04
1.384000000000000000e+04
1.367800000000000000e+04
1.373500000000000000e+04
1.366800000000000000e+04
1.363300000000000000e+04
1.345600000000000000e+04
1.331000000000000000e+04
1.316900000000000000e+04
1.308300000000000000e+04
1.312100000000000000e+04
1.295100000000000000e+04
1.294700000000000000e+04
1.306800000000000000e+04
1.285700000000000000e+04
1.265200000000000000e+04
1.243000000000000000e+04
1.258900000000000000e+04
1.247300000000000000e+04
1.263300000000000000e+04
1.231800000000000000e+04
1.225100000000000000e+04
1.239600000000000000e+04
1.208800000000000000e+04
1.219700000000000000e+04
1.218600000000000000e+04
1.221300000000000000e+04
1.190100000000000000e+04
1.198100000000000000e+04
1.170700000000000000e+04
1.171600000000000000e+04
1.173700000000000000e+04
1.145200000000000000e+04
1.170600000000000000e+04
1.140500000000000000e+04
1.137700000000000000e+04
1.139000000000000000e+04
1.124500000000000000e+04
1.135100000000000000e+04
1.119800000000000000e+04
1.120000000000000000e+04
1.114100000000000000e+04
1.095000000000000000e+04
1.067600000000000000e+04
1.086000000000000000e+04
1.090800000000000000e+04
1.107200000000000000e+04
1.077500000000000000e+04
1.078200000000000000e+04
1.063300000000000000e+04
1.043400000000000000e+04
1.043300000000000000e+04
1.045700000000000000e+04
1.023400000000000000e+04
1.019500000000000000e+04
1.035100000000000000e+04
1.019900000000000000e+04
1.014400000000000000e+04
1.014600000000000000e+04
1.034700000000000000e+04
9.990000000000000000e+03
1.000400000000000000e+04
9.910000000000000000e+03
9.729000000000000000e+03
9.833000000000000000e+03
9.867000000000000000e+03
9.733000000000000000e+03
9.525000000000000000e+03
9.601000000000000000e+03
9.674000000000000000e+03
9.557000000000000000e+03
9.492000000000000000e+03
9.470000000000000000e+03
9.241000000000000000e+03
9.283000000000000000e+03
9.232000000000000000e+03
9.150000000000000000e+03
9.184000000000000000e+03
9.267000000000000000e+03
9.128000000000000000e+03
9.084000000000000000e+03
9.141000000000000000e+03
9.034000000000000000e+03
9.039000000000000000e+03
8.938000000000000000e+03
8.875000000000000000e+03
8.812000000000000000e+03
9.012000000000000000e+03
8.933000000000000000e+03
8.785000000000000000e+03
8.797000000000000000e+03
8.783000000000000000e+03
8.621000000000000000e+03
8.790000000000000000e+03
8.427000000000000000e+03
8.552000000000000000e+03
8.546000000000000000e+03
8.387000000000000000e+03
8.338000000000000000e+03
8.177000000000000000e+03
8.319000000000000000e+03
8.283000000000000000e+03
8.255000000000000000e+03
8.256000000000000000e+03
8.336000000000000000e+03
8.175000000000000000e+03
7.960000000000000000e+03
8.014000000000000000e+03
8.129000000000000000e+03
8.065000000000000000e+03
8.004000000000000000e+03
7.999000000000000000e+03
7.859000000000000000e+03
7.881000000000000000e+03
7.861000000000000000e+03
7.550000000000000000e+03
7.744000000000000000e+03
7.680000000000000000e+03
7.837000000000000000e+03
7.656000000000000000e+03
7.680000000000000000e+03
7.606000000000000000e+03
7.536000000000000000e+03
7.592000000000000000e+03
7.579000000000000000e+03
7.499000000000000000e+03
7.426000000000000000e+03
7.439000000000000000e+03
7.336000000000000000e+03
7.156000000000000000e+03
7.343000000000000000e+03
7.144000000000000000e+03
7.094000000000000000e+03
7.087000000000000000e+03
7.132000000000000000e+03
7.269000000000000000e+03
7.068000000000000000e+03
7.088000000000000000e+03
6.944000000000000000e+03
6.981000000000000000e+03
7.030000000000000000e+03
7.140000000000000000e+03
6.984000000000000000e+03
6.979000000000000000e+03
6.900000000000000000e+03
6.923000000000000000e+03
6.770000000000000000e+03
6.866000000000000000e+03
6.760000000000000000e+03
6.812000000000000000e+03
6.715000000000000000e+03
6.558000000000000000e+03
6.867000000000000000e+03
6.588000000000000000e+03
6.611000000000000000e+03
6.635000000000000000e+03
6.557000000000000000e+03
6.584000000000000000e+03
6.477000000000000000e+03
6.374000000000000000e+03
6.548000000000000000e+03
6.557000000000000000e+03
6.382000000000000000e+03
6.541000000000000000e+03
6.266000000000000000e+03
6.351000000000000000e+03
