6.149000000000000000e+03
6.380000000000000000e+03
6.222000000000000000e+03
6.412000000000000000e+03
6.466000000000000000e+03
6.404000000000000000e+03
6.285000000000000000e+03
6.476000000000000000e+03
6.548000000000000000e+03
6.486000000000000000e+03
6.459000000000000000e+03
6.698000000000000000e+03
6.606000000000000000e+03
6.635000000000000000e+03
6.725000000000000000e+03
6.877000000000000000e+03
6.762000000000000000e+03
6.782000000000000000e+03
6.779000000000000000e+03
6.908000000000000000e+03
6.927000000000000000e+03
6.861000000000000000e+03
6.810000000000000000e+03
6.946000000000000000e+03
7.051000000000000000e+03
6.976000000000000000e+03
7.046000000000000000e+03
7.038000000000000000e+03
7.142000000000000000e+03
7.102000000000000000e+03
7.140000000000000000e+03
7.228000000000000000e+03
7.223000000000000000e+03
7.336000000000000000e+03
7.284000000000000000e+03
7.424000000000000000e+03
7.538000000000000000e+03
7.363000000000000000e+03
7.406000000000000000e+03
7.379000000000000000e+03
7.407000000000000000e+03
7.569000000000000000e+03
7.338000000000000000e+03
7.839000000000000000e+03
7.555000000000000000e+03
7.537000000000000000e+03
7.698000000000000000e+03
7.693000000000000000e+03
7.777000000000000000e+03
7.782000000000000000e+03
7.871000000000000000e+03
7.819000000000000000e+03
7.903000000000000000e+03
7.855000000000000000e+03
7.902000000000000000e+03
7.993000000000000000e+03
7.949000000000000000e+03
7.849000000000000000e+03
8.005000000000000000e+03
8.087000000000000000e+03
8.305000000000000000e+03
8.108000000000000000e+03
8.268000000000000000e+03
8.285000000000000000e+03
8.365000000000000000e+03
8.332000000000000000e+03
8.427000000000000000e+03
8.230000000000000000e+03
8.435000000000000000e+03
8.576000000000000000e+03
8.416000000000000000e+03
8.616000000000000000e+03
8.540000000000000000e+03
8.541000000000000000e+03
8.616000000000000000e+03
8.649000000000000000e+03
8.834000000000000000e+03
8.670000000000000000e+03
8.779000000000000000e+03
8.812000000000000000e+03
8.832000000000000000e+03
8.855000000000000000e+03
9.133000000000000000e+03
8.914000000000000000e+03
9.198000000000000000e+03
9.161000000000000000e+03
9.106000000000000000e+03
9.245000000000000000e+03
9.162000000000000000e+03
9.354000000000000000e+03
9.337000000000000000e+03
9.302000000000000000e+03
9.394000000000000000e+03
9.351000000000000000e+03
9.494000000000000000e+03
9.488000000000000000e+03
9.680000000000000000e+03
9.494000000000000000e+03
9.859000000000000000e+03
9.750000000000000000e+03
9.648000000000000000e+03
9.759000000000000000e+03
9.949000000000000000e+03
9.899000000000000000e+03
1.004700000000000000e+04
1.003400000000000000e+04
1.014000000000000000e+04
1.022900000000000000e+04
1.028100000000000000e+04
1.003600000000000000e+04
1.036100000000000000e+04
1.038000000000000000e+04
1.045100000000000000e+04
1.030500000000000000e+04
1.063600000000000000e+04
1.049300000000000000e+04
1.056500000000000000e+04
1.069900000000000000e+04
1.077000000000000000e+04
1.088500000000000000e+04
1.098400000000000000e+04
1.086300000000000000e+04
1.104500000000000000e+04
1.108900000000000000e+04
1.112000000000000000e+04
1.115500000000000000e+04
1.112700000000000000e+04
1.119500000000000000e+04
1.154900000000000000e+04
1.142000000000000000e+04
1.142200000000000000e+04
1.165500000000000000e+04
1.148600000000000000e+04
1.170400000000000000e+04
1.169700000000000000e+04
1.158400000000000000e+04
1.187300000000000000e+04
1.182300000000000000e+04
1.193900000000000000e+04
1.207600000000000000e+04
1.221700000000000000e+04
1.203200000000000000e+04
1.214800000000000000e+04
1.218900000000000000e+04
1.241100000000000000e+04
1.232700000000000000e+04
1.269100000000000000e+04
1.246800000000000000e+04
1.258300000000000000e+04
1.257000000000000000e+04
1.272100000000000000e+04
1.278200000000000000e+04
1.299600000000000000e+04
1.303100000000000000e+04
1.290000000000000000e+04
1.324600000000000000e+04
1.311600000000000000e+04
1.330700000000000000e+04
1.315400000000000000e+04
1.364500000000000000e+04
1.355300000000000000e+04
1.373800000000000000e+04
1.368400000000000000e+04
1.375400000000000000e+04
1.356000000000000000e+04
1.398500000000000000e+04
1.390400000000000000e+04
1.398300000000000000e+04
1.396000000000000000e+04
1.423700000000000000e+04
1.440900000000000000e+04
1.449400000000000000e+04
1.445300000000000000e+04
1.457600000000000000e+04
1.463000000000000000e+04
1.466700000000000000e+04
1.475800000000000000e+04
1.490300000000000000e+04
1.496300000000000000e+04
1.537100000000000000e+04
1.534500000000000000e+04
1.533700000000000000e+04
1.560000000000000000e+04
1.544300000000000000e+04
1.553100000000000000e+04
1.573800000000000000e+04
1.588900000000000000e+04
1.590500000000000000e+04
1.601400000000000000e+04
1.604100000000000000e+04
1.609600000000000000e+04
1.646500000000000000e+04
1.646800000000000000e+04
1.646600000000000000e+04
1.658500000000000000e+04
1.670100000000000000e+04
1.669400000000000000e+04
1.697500000000000000e+04
1.697100000000000000e+04
1.728800000000000000e+04
1.736500000000000000e+04
1.743000000000000000e+04
1.736700000000000000e+04
1.758800000000000000e+04
1.765200000000000000e+04
1.804300000000000000e+04
1.797100000000000000e+04
1.823200000000000000e+04
1.784100000000000000e+04
1.831600000000000000e+04
1.833200000000000000e+04
1.851100000000000000e+04
1.854900000000000000e+04
1.873700000000000000e+04
1.902400000000000000e+04
1.922400000000000000e+04
1.939400000000000000e+04
1.951400000000000000e+04
1.955900000000000000e+04
1.920200000000000000e+04
1.953200000000000000e+04
1.966200000000000000e+04
1.983300000000000000e+04
2.008600000000000000e+04
2.041200000000000000e+04
2.052600000000000000e+04
2.052800000000000000e+04
2.060000000000000000e+04
2.096600000000000000e+04
2.100300000000000000e+04
2.102100000000000000e+04
2.107000000000000000e+04
2.121600000000000000e+04
2.165500000000000000e+04
2.163200000000000000e+04
2.202400000000000000e+04
2.201900000000000000e+04
2.239400000000000000e+04
2.243900000000000000e+04
2.225300000000000000e+04
2.260900000000000000e+04
2.272000000000000000e+04
2.292500000000000000e+04
2.326800000000000000e+04
2.348700000000000000e+04
2.388700000000000000e+04
2.381300000000000000e+04
2.359100000000000000e+04
2.419700000000000000e+04
2.457600000000000000e+04
2.470400000000000000e+04
2.468400000000000000e+04
2.485000000000000000e+04
2.522800000000000000e+04
2.553100000000000000e+04
2.556500000000000000e+04
2.597300000000000000e+04
2.601900000000000000e+04
2.609000000000000000e+04
2.639900000000000000e+04
2.687000000000000000e+04
2.655300000000000000e+04
2.678900000000000000e+04
2.712200000000000000e+04
2.735600000000000000e+04
2.749800000000000000e+04
2.776900000000000000e+04
2.801900000000000000e+04
2.826000000000000000e+04
2.846100000000000000e+04
2.898800000000000000e+04
2.895200000000000000e+04
2.969600000000000000e+04
2.949300000000000000e+04
2.992800000000000000e+04
3.005300000000000000e+04
3.009600000000000000e+04
3.060100000000000000e+04
3.089700000000000000e+04
3.104600000000000000e+04
3.121100000000000000e+04
3.174000000000000000e+04
3.192900000000000000e+04
3.243000000000000000e+04
3.251000000000000000e+04
3.299300000000000000e+04
3.270400000000000000e+04
3.375600000000000000e+04
3.356500000000000000e+04
3.390400000000000000e+04
3.446000000000000000e+04
3.474600000000000000e+04
3.512500000000000000e+04
3.525000000000000000e+04
3.545700000000000000e+04
3.581900000000000000e+04
3.631100000000000000e+04
3.656900000000000000e+04
3.671000000000000000e+04
3.727500000000000000e+04
3.754200000000000000e+04
3.780600000000000000e+04
3.841200000000000000e+04
3.892900000000000000e+04
3.876700000000000000e+04
3.967900000000000000e+04
3.956100000000000000e+04
4.034200000000000000e+04
4.058200000000000000e+04
4.089000000000000000e+04
4.177600000000000000e+04
4.184300000000000000e+04
4.229900000000000000e+04
4.246000000000000000e+04
4.281500000000000000e+04
4.308200000000000000e+04
4.422800000000000000e+04
4.442700000000000000e+04
4.462800000000000000e+04
4.525500000000000000e+04
4.602200000000000000e+04
4.626000000000000000e+04
4.641000000000000000e+04
4.721800000000000000e+04
4.775200000000000000e+04
4.841800000000000000e+04
4.899000000000000000e+04
4.928100000000000000e+04
5.011300000000000000e+04
5.024000000000000000e+04
5.085600000000000000e+04
5.159700000000000000e+04
5.165800000000000000e+04
5.258000000000000000e+04
5.326400000000000000e+04
5.339900000000000000e+04
5.445000000000000000e+04
5.499300000000000000e+04
5.528500000000000000e+04
5.619100000000000000e+04
5.701400000000000000e+04
5.761200000000000000e+04
5.808900000000000000e+04
5.909600000000000000e+04
5.976200000000000000e+04
6.111400000000000000e+04
6.113000000000000000e+04
6.185600000000000000e+04
6.239500000000000000e+04
6.374900000000000000e+04
6.407300000000000000e+04
6.488600000000000000e+04
6.560700000000000000e+04
6.607300000000000000e+04
6.703600000000000000e+04
6.789900000000000000e+04
6.874000000000000000e+04
7.019200000000000000e+04
7.076200000000000000e+04
7.146900000000000000e+04
7.273300000000000000e+04
7.354200000000000000e+04
7.417100000000000000e+04
7.528000000000000000e+04
7.667700000000000000e+04
7.770300000000000000e+04
7.843400000000000000e+04
7.942700000000000000e+04
8.083700000000000000e+04
8.132500000000000000e+04
8.311300000000000000e+04
8.357700000000000000e+04
8.453800000000000000e+04
8.567900000000000000e+04
8.713500000000000000e+04
8.822000000000000000e+04
8.935500000000000000e+04
9.052000000000000000e+04
9.198600000000000000e+04
9.352300000000000000e+04
9.528600000000000000e+04
9.642200000000000000e+04
9.774000000000000000e+04
9.933500000000000000e+04
1.000830000000000000e+05
1.021630000000000000e+05
1.033680000000000000e+05
1.046560000000000000e+05
1.070820000000000000e+05
1.084500000000000000e+05
1.101000000000000000e+05
1.112510000000000000e+05
1.136850000000000000e+05
1.151120000000000000e+05
1.165810000000000000e+05
1.185130000000000000e+05
1.203150000000000000e+05
1.226150000000000000e+05
1.239020000000000000e+05
1.264800000000000000e+05
1.281860000000000000e+05
1.307800000000000000e+05
1.323660000000000000e+05
1.353400000000000000e+05
1.368490000000000000e+05
1.389780000000000000e+05
1.413830000000000000e+05
1.434520000000000000e+05
1.463380000000000000e+05
1.494100000000000000e+05
1.521000000000000000e+05
1.537990000000000000e+05
1.569710000000000000e+05
1.592000000000000000e+05
1.627560000000000000e+05
1.654920000000000000e+05
1.674840000000000000e+05
1.710790000000000000e+05
1.742790000000000000e+05
1.778000000000000000e+05
1.808250000000000000e+05
1.832430000000000000e+05
1.873330000000000000e+05
1.906050000000000000e+05
1.944900000000000000e+05
1.973530000000000000e+05
2.012180000000000000e+05
2.055260000000000000e+05
2.088410000000000000e+05
2.129120000000000000e+05
2.167940000000000000e+05
2.223590000000000000e+05
2.250960000000000000e+05
2.294480000000000000e+05
2.340650000000000000e+05
2.395200000000000000e+05
2.435080000000000000e+05
2.490240000000000000e+05
2.532140000000000000e+05
2.588290000000000000e+05
2.640110000000000000e+05
2.678660000000000000e+05
2.736310000000000000e+05
2.791940000000000000e+05
2.855260000000000000e+05
2.913120000000000000e+05
2.967310000000000000e+05
3.027230000000000000e+05
3.085040000000000000e+05
3.151960000000000000e+05
3.214270000000000000e+05
3.285150000000000000e+05
3.347000000000000000e+05
3.412690000000000000e+05
3.480030000000000000e+05
3.559970000000000000e+05
3.632550000000000000e+05
3.701910000000000000e+05
3.763860000000000000e+05
3.855730000000000000e+05
3.907590000000000000e+05
3.991090000000000000e+05
4.070650000000000000e+05
4.158660000000000000e+05
4.230860000000000000e+05
4.313160000000000000e+05
4.401130000000000000e+05
4.476510000000000000e+05
4.563410000000000000e+05
4.639830000000000000e+05
4.725640000000000000e+05
4.799520000000000000e+05
4.886870000000000000e+05
4.954040000000000000e+05
5.045510000000000000e+05
5.133240000000000000e+05
5.213880000000000000e+05
5.295450000000000000e+05
5.370400000000000000e+05
5.446590000000000000e+05
5.508800000000000000e+05
5.598840000000000000e+05
5.679730000000000000e+05
5.743470000000000000e+05
5.811950000000000000e+05
5.861010000000000000e+05
5.926750000000000000e+05
5.983100000000000000e+05
6.046830000000000000e+05
6.088440000000000000e+05
6.153430000000000000e+05
6.194410000000000000e+05
6.231200000000000000e+05
6.263980000000000000e+05
6.295780000000000000e+05
6.315460000000000000e+05
6.339710000000000000e+05
6.367860000000000000e+05
6.359710000000000000e+05
6.354370000000000000e+05
6.365130000000000000e+05
6.358470000000000000e+05
6.336790000000000000e+05
6.338250000000000000e+05
6.325610000000000000e+05
6.291330000000000000e+05
6.257910000000000000e+05
6.233710000000000000e+05
6.190290000000000000e+05
6.141410000000000000e+05
6.095720000000000000e+05
6.058460000000000000e+05
5.985340000000000000e+05
5.946530000000000000e+05
5.872150000000000000e+05
5.819090000000000000e+05
5.737310000000000000e+05
5.670780000000000000e+05
5.588160000000000000e+05
5.529080000000000000e+05
5.452610000000000000e+05
5.370800000000000000e+05
5.293020000000000000e+05
5.210170000000000000e+05
5.143020000000000000e+05
5.054750000000000000e+05
4.967070000000000000e+05
4.887690000000000000e+05
4.808970000000000000e+05
4.723700000000000000e+05
4.644780000000000000e+05
4.553370000000000000e+05
4.468820000000000000e+05
4.394810000000000000e+05
4.304310000000000000e+05
4.232690000000000000e+05
4.164970000000000000e+05
4.076330000000000000e+05
3.992690000000000000e+05
3.916030000000000000e+05
3.835320000000000000e+05
3.762820000000000000e+05
3.705890000000000000e+05
3.617970000000000000e+05
3.550260000000000000e+05
3.483970000000000000e+05
3.409950000000000000e+05
3.343380000000000000e+05
3.277980000000000000e+05
3.216130000000000000e+05
3.151520000000000000e+05
3.087820000000000000e+05
3.027250000000000000e+05
2.966740000000000000e+05
2.908140000000000000e+05
2.854720000000000000e+05
2.799900000000000000e+05
2.731490000000000000e+05
2.681870000000000000e+05
2.631700000000000000e+05
2.585840000000000000e+05
2.526610000000000000e+05
2.484100000000000000e+05
2.436600000000000000e+05
2.394950000000000000e+05
2.349830000000000000e+05
2.301760000000000000e+05
2.258960000000000000e+05
2.224120000000000000e+05
2.171470000000000000e+05
2.128590000000000000e+05
2.090760000000000000e+05
2.057890000000000000e+05
2.021190000000000000e+05
1.981820000000000000e+05
1.947170000000000000e+05
1.905410000000000000e+05
1.867620000000000000e+05
1.840550000000000000e+05
1.802720000000000000e+05
1.778900000000000000e+05
1.741580000000000000e+05
1.698440000000000000e+05
1.685090000000000000e+05
1.653820000000000000e+05
1.614900000000000000e+05
1.598540000000000000e+05
1.562200000000000000e+05
1.539880000000000000e+05
1.516750000000000000e+05
1.490310000000000000e+05
1.463580000000000000e+05
1.438840000000000000e+05
1.415610000000000000e+05
1.391400000000000000e+05
1.368050000000000000e+05
1.345920000000000000e+05
1.324660000000000000e+05
1.300220000000000000e+05
1.287070000000000000e+05
1.268720000000000000e+05
1.245540000000000000e+05
1.229400000000000000e+05
1.205840000000000000e+05
1.187090000000000000e+05
1.164890000000000000e+05
1.154220000000000000e+05
1.132480000000000000e+05
1.110550000000000000e+05
1.098260000000000000e+05
1.077780000000000000e+05
1.063520000000000000e+05
1.050190000000000000e+05
1.044180000000000000e+05
1.017680000000000000e+05
1.003420000000000000e+05
9.906400000000000000e+04
9.754500000000000000e+04
9.637500000000000000e+04
9.492700000000000000e+04
9.367400000000000000e+04
9.203400000000000000e+04
9.070700000000000000e+04
8.961900000000000000e+04
8.826400000000000000e+04
8.756600000000000000e+04
8.571100000000000000e+04
8.482500000000000000e+04
8.367700000000000000e+04
8.262500000000000000e+04
8.238300000000000000e+04
8.021700000000000000e+04
7.921400000000000000e+04
7.833400000000000000e+04
7.744100000000000000e+04
7.614100000000000000e+04
7.531000000000000000e+04
7.457500000000000000e+04
7.376700000000000000e+04
7.214200000000000000e+04
7.191000000000000000e+04
7.068700000000000000e+04
6.891600000000000000e+04
6.896200000000000000e+04
6.794100000000000000e+04
6.685200000000000000e+04
6.605200000000000000e+04
6.562000000000000000e+04
6.485800000000000000e+04
6.388000000000000000e+04
6.324500000000000000e+04
6.278200000000000000e+04
6.235200000000000000e+04
6.118900000000000000e+04
6.066600000000000000e+04
5.984800000000000000e+04
5.883400000000000000e+04
5.837200000000000000e+04
5.747000000000000000e+04
5.727100000000000000e+04
5.650700000000000000e+04
5.538900000000000000e+04
5.499200000000000000e+04
5.414700000000000000e+04
5.392000000000000000e+04
5.353200000000000000e+04
5.293800000000000000e+04
5.205500000000000000e+04
5.116300000000000000e+04
5.117600000000000000e+04
5.048000000000000000e+04
4.987800000000000000e+04
4.955900000000000000e+04
4.922900000000000000e+04
4.828500000000000000e+04
4.748500000000000000e+04
4.715600000000000000e+04
4.668000000000000000e+04
4.640000000000000000e+04
4.582300000000000000e+04
4.547700000000000000e+04
4.473400000000000000e+04
4.483300000000000000e+04
4.394200000000000000e+04
4.355600000000000000e+04
4.293700000000000000e+04
4.263400000000000000e+04
4.231700000000000000e+04
4.170400000000000000e+04
4.189700000000000000e+04
4.076200000000000000e+04
4.055000000000000000e+04
4.005600000000000000e+04
3.985300000000000000e+04
3.943800000000000000e+04
3.885400000000000000e+04
3.870300000000000000e+04
3.800500000000000000e+04
3.795800000000000000e+04
3.751600000000000000e+04
3.742500000000000000e+04
3.695800000000000000e+04
3.673000000000000000e+04
3.591400000000000000e+04
3.588000000000000000e+04
3.541800000000000000e+04
3.497900000000000000e+04
3.494900000000000000e+04
3.480300000000000000e+04
3.435800000000000000e+04
3.423700000000000000e+04
3.375900000000000000e+04
3.357600000000000000e+04
3.263500000000000000e+04
3.307200000000000000e+04
3.287600000000000000e+04
3.193500000000000000e+04
3.159300000000000000e+04
3.161900000000000000e+04
3.130400000000000000e+04
3.106800000000000000e+04
3.090300000000000000e+04
3.068100000000000000e+04
3.017800000000000000e+04
2.992100000000000000e+04
2.987400000000000000e+04
2.974700000000000000e+04
2.909900000000000000e+04
2.922000000000000000e+04
2.892000000000000000e+04
2.862700000000000000e+04
2.837300000000000000e+04
2.820800000000000000e+04
2.833000000000000000e+04
2.788700000000000000e+04
2.759500000000000000e+04
2.743900000000000000e+04
2.702900000000000000e+04
2.680900000000000000e+04
2.666100000000000000e+04
2.631400000000000000e+04
2.605700000000000000e+04
2.575200000000000000e+04
2.602400000000000000e+04
2.563900000000000000e+04
2.545500000000000000e+04
2.514300000000000000e+04
2.505800000000000000e+04
2.471300000000000000e+04
2.458100000000000000e+04
2.450600000000000000e+04
2.413400000000000000e+04
2.410600000000000000e+04
2.387900000000000000e+04
2.356200000000000000e+04
2.335500000000000000e+04
2.323900000000000000e+04
2.315800000000000000e+04
2.279400000000000000e+04
2.274800000000000000e+04
2.259200000000000000e+04
2.258800000000000000e+04
2.235700000000000000e+04
2.219300000000000000e+04
2.207800000000000000e+04
2.146500000000000000e+04
2.165600000000000000e+04
2.148400000000000000e+04
2.158400000000000000e+04
2.135500000000000000e+04
2.099400000000000000e+04
2.085100000000000000e+04
2.073500000000000000e+04
2.086600000000000000e+04
2.041400000000000000e+04
2.036400000000000000e+04
2.025500000000000000e+04
2.004000000000000000e+04
1.955300000000000000e+04
1.959600000000000000e+04
1.954000000000000000e+04
1.943400000000000000e+04
1.941800000000000000e+04
1.946600000000000000e+04
1.901700000000000000e+04
1.918300000000000000e+04
1.881400000000000000e+04
1.845000000000000000e+04
1.852500000000000000e+04
1.853000000000000000e+04
1.832500000000000000e+04
1.833100000000000000e+04
1.812600000000000000e+04
1.794300000000000000e+04
1.795500000000000000e+04
1.748500000000000000e+04
1.745600000000000000e+04
1.741300000000000000e+04
1.750300000000000000e+04
1.714600000000000000e+04
1.694200000000000000e+04
1.714800000000000000e+04
1.686200000000000000e+04
1.672500000000000000e+04
1.680800000000000000e+04
1.661700000000000000e+04
1.650300000000000000e+04
1.635400000000000000e+04
1.646400000000000000e+04
1.638100000000000000e+04
1.597700000000000000e+04
1.595000000000000000e+04
1.586900000000000000e+04
1.587600000000000000e+04
1.563300000000000000e+04
1.565900000000000000e+04
1.557200000000000000e+04
1.533500000000000000e+04
1.527900000000000000e+04
1.521200000000000000e+04
1.503400000000000000e+04
1.466700000000000000e+04
1.502100000000000000e+04
1.480600000000000000e+04
1.504900000000000000e+04
1.486100000000000000e+04
1.461700000000000000e+04
1.459900000000000000e+04
1.436600000000000000e+04
1.424600000000000000e+04
1.412800000000000000e+04
1.420700000000000000e+04
1.432400000000000000e+04
1.417300000000000000e+04
1.394800000000000000e+04
1.397900000000000000e+04
1.357900000000000000e+04
1.367600000000000000e+04
1.354400000000000000e+04
1.363500000000000000e+04
1.346000000000000000e+04
1.347800000000000000e+04
1.337600000000000000e+04
1.317500000000000000e+04
1.316300000000000000e+04
1.306000000000000000e+04
1.305600000000000000e+04
1.301500000000000000e+04
1.277800000000000000e+04
1.276200000000000000e+04
1.265800000000000000e+04
1.245500000000000000e+04
1.259500000000000000e+04
1.255800000000000000e+04
1.250700000000000000e+04
1.231700000000000000e+04
1.211200000000000000e+04
1.212900000000000000e+04
1.213200000000000000e+04
1.233300000000000000e+04
1.206600000000000000e+04
1.207400000000000000e+04
1.190700000000000000e+04
1.164600000000000000e+04
1.168300000000000000e+04
1.156500000000000000e+04
1.151600000000000000e+04
1.171900000000000000e+04
1.153100000000000000e+04
1.129900000000000000e+04
1.126800000000000000e+04
1.122600000000000000e+04
1.117700000000000000e+04
1.129200000000000000e+04
1.123100000000000000e+04
1.115300000000000000e+04
1.088500000000000000e+04
1.098400000000000000e+04
1.087600000000000000e+04
1.099800000000000000e+04
1.077900000000000000e+04
1.058800000000000000e+04
1.074700000000000000e+04
1.059500000000000000e+04
1.043600000000000000e+04
1.063900000000000000e+04
1.042500000000000000e+04
1.036300000000000000e+04
1.027200000000000000e+04
1.030900000000000000e+04
1.030300000000000000e+04
1.021500000000000000e+04
1.020400000000000000e+04
1.012000000000000000e+04
9.993000000000000000e+03
1.013800000000000000e+04
9.888000000000000000e+03
9.944000000000000000e+03
9.804000000000000000e+03
9.678000000000000000e+03
9.608000000000000000e+03
9.586000000000000000e+03
9.694000000000000000e+03
9.662000000000000000e+03
9.671000000000000000e+03
9.627000000000000000e+03
9.302000000000000000e+03
9.478000000000000000e+03
9.402000000000000000e+03
9.596000000000000000e+03
9.240000000000000000e+03
9.246000000000000000e+03
9.160000000000000000e+03
9.137000000000000000e+03
9.089000000000000000e+03
9.204000000000000000e+03
9.107000000000000000e+03
9.140000000000000000e+03
9.108000000000000000e+03
8.879000000000000000e+03
8.878000000000000000e+03
8.764000000000000000e+03
8.799000000000000000e+03
8.735000000000000000e+03
8.849000000000000000e+03
8.694000000000000000e+03
8.567000000000000000e+03
8.619000000000000000e+03
8.599000000000000000e+03
8.396000000000000000e+03
8.487000000000000000e+03
8.513000000000000000e+03
8.222000000000000000e+03
8.264000000000000000e+03
8.169000000000000000e+03
8.171000000000000000e+03
8.245000000000000000e+03
8.268000000000000000e+03
8.122000000000000000e+03
8.149000000000000000e+03
8.112000000000000000e+03
8.148000000000000000e+03
7.995000000000000000e+03
8.026000000000000000e+03
8.011000000000000000e+03
7.902000000000000000e+03
7.878000000000000000e+03
7.887000000000000000e+03
7.876000000000000000e+03
7.603000000000000000e+03
7.652000000000000000e+03
7.702000000000000000e+03
7.793000000000000000e+03
7.811000000000000000e+03
7.445000000000000000e+03
7.668000000000000000e+03
7.492000000000000000e+03
7.282000000000000000e+03
7.484000000000000000e+03
7.489000000000000000e+03
7.312000000000000000e+03
7.334000000000000000e+03
7.440000000000000000e+03
7.301000000000000000e+03
7.342000000000000000e+03
7.364000000000000000e+03
7.182000000000000000e+03
7.102000000000000000e+03
7.176000000000000000e+03
7.159000000000000000e+03
7.008000000000000000e+03
7.129000000000000000e+03
7.052000000000000000e+03
7.062000000000000000e+03
6.895000000000000000e+03
7.150000000000000000e+03
6.887000000000000000e+03
6.957000000000000000e+03
6.893000000000000000e+03
6.866000000000000000e+03
6.852000000000000000e+03
6.641000000000000000e+03
6.700000000000000000e+03
6.599000000000000000e+03
6.666000000000000000e+03
6.791000000000000000e+03
6.620000000000000000e+03
6.567000000000000000e+03
6.649000000000000000e+03
6.400000000000000000e+03
6.491000000000000000e+03
6.449000000000000000e+03
6.524000000000000000e+03
6.373000000000000000e+03
6.391000000000000000e+03
6.544000000000000000e+03
6.478000000000000000e+03
6.279000000000000000e+03
6.225000000000000000e+03
6.315000000000000000e+03
