6.400600000000000000e+04
6.756500000000000000e+04
7.001000000000000000e+04
7.269200000000000000e+04
7.592600000000000000e+04
7.940900000000000000e+04
8.353700000000000000e+04
8.675700000000000000e+04
9.171100000000000000e+04
9.546900000000000000e+04
1.001850000000000000e+05
1.057000000000000000e+05
1.115200000000000000e+05
1.175310000000000000e+05
1.246460000000000000e+05
1.309960000000000000e+05
1.390540000000000000e+05
1.473720000000000000e+05
1.571580000000000000e+05
1.664420000000000000e+05
1.777420000000000000e+05
1.896790000000000000e+05
2.045960000000000000e+05
2.188600000000000000e+05
2.366750000000000000e+05
2.549320000000000000e+05
2.760680000000000000e+05
2.994160000000000000e+05
3.274710000000000000e+05
3.575710000000000000e+05
3.930150000000000000e+05
4.337430000000000000e+05
4.797820000000000000e+05
5.365690000000000000e+05
5.995610000000000000e+05
6.771170000000000000e+05
7.695610000000000000e+05
8.798530000000000000e+05
1.013418000000000000e+06
1.177758000000000000e+06
1.381990000000000000e+06
1.638768000000000000e+06
1.961836000000000000e+06
2.369423000000000000e+06
2.885496000000000000e+06
3.520193000000000000e+06
4.273451000000000000e+06
5.088483000000000000e+06
5.828018000000000000e+06
6.283489000000000000e+06
6.282007000000000000e+06
5.833596000000000000e+06
5.092149000000000000e+06
4.275176000000000000e+06
3.523465000000000000e+06
2.885146000000000000e+06
2.370191000000000000e+06
1.962613000000000000e+06
1.638714000000000000e+06
1.382636000000000000e+06
1.178654000000000000e+06
1.012392000000000000e+06
8.810420000000000000e+05
7.685300000000000000e+05
6.766450000000000000e+05
6.014390000000000000e+05
5.355050000000000000e+05
4.806610000000000000e+05
4.340510000000000000e+05
3.919540000000000000e+05
3.578480000000000000e+05
3.262740000000000000e+05
2.992590000000000000e+05
2.760640000000000000e+05
2.552220000000000000e+05
2.362900000000000000e+05
2.179630000000000000e+05
2.042710000000000000e+05
1.910370000000000000e+05
1.782290000000000000e+05
1.673080000000000000e+05
1.565890000000000000e+05
1.471760000000000000e+05
1.388960000000000000e+05
1.303350000000000000e+05
1.233360000000000000e+05
1.174490000000000000e+05
1.107310000000000000e+05
1.057980000000000000e+05
1.006460000000000000e+05
9.569900000000000000e+04
9.139600000000000000e+04
8.723700000000000000e+04
8.276800000000000000e+04
7.940600000000000000e+04
7.572300000000000000e+04
7.274600000000000000e+04
6.996800000000000000e+04
6.632200000000000000e+04
6.427700000000000000e+04
