6.390200000000000000e+04
6.720300000000000000e+04
6.990300000000000000e+04
7.236300000000000000e+04
7.654700000000000000e+04
7.972600000000000000e+04
8.286300000000000000e+04
8.668500000000000000e+04
9.100000000000000000e+04
9.581300000000000000e+04
9.994100000000000000e+04
1.058740000000000000e+05
1.106240000000000000e+05
1.173050000000000000e+05
1.235490000000000000e+05
1.310040000000000000e+05
1.393290000000000000e+05
1.477250000000000000e+05
1.560120000000000000e+05
1.671990000000000000e+05
1.788620000000000000e+05
1.896060000000000000e+05
2.031880000000000000e+05
2.192150000000000000e+05
2.350950000000000000e+05
2.544420000000000000e+05
2.755320000000000000e+05
2.991340000000000000e+05
3.281320000000000000e+05
3.588260000000000000e+05
3.926880000000000000e+05
4.337480000000000000e+05
4.808140000000000000e+05
5.356760000000000000e+05
5.999300000000000000e+05
6.763370000000000000e+05
7.692360000000000000e+05
8.785020000000000000e+05
1.013078000000000000e+06
1.179164000000000000e+06
1.383675000000000000e+06
1.638504000000000000e+06
1.964633000000000000e+06
2.372121000000000000e+06
2.886265000000000000e+06
3.525105000000000000e+06
4.272717000000000000e+06
5.089621000000000000e+06
5.827883000000000000e+06
6.280965000000000000e+06
6.283184000000000000e+06
5.831141000000000000e+06
5.092030000000000000e+06
4.273232000000000000e+06
3.524162000000000000e+06
2.885481000000000000e+06
2.371067000000000000e+06
1.961302000000000000e+06
1.639564000000000000e+06
1.383254000000000000e+06
1.177237000000000000e+06
1.012903000000000000e+06
8.806770000000000000e+05
7.687370000000000000e+05
6.779600000000000000e+05
5.998720000000000000e+05
5.358740000000000000e+05
4.803810000000000000e+05
4.338090000000000000e+05
3.931780000000000000e+05
3.570860000000000000e+05
3.268500000000000000e+05
2.992020000000000000e+05
2.768540000000000000e+05
2.543980000000000000e+05
2.357910000000000000e+05
2.196010000000000000e+05
2.036900000000000000e+05
1.898080000000000000e+05
1.777110000000000000e+05
1.661180000000000000e+05
1.565670000000000000e+05
1.462470000000000000e+05
1.389090000000000000e+05
1.307000000000000000e+05
1.246530000000000000e+05
1.172890000000000000e+05
1.115620000000000000e+05
1.057720000000000000e+05
9.987400000000000000e+04
9.493600000000000000e+04
9.089900000000000000e+04
8.724600000000000000e+04
8.236100000000000000e+04
7.934500000000000000e+04
7.595900000000000000e+04
7.278400000000000000e+04
7.053300000000000000e+04
6.743300000000000000e+04
6.447800000000000000e+04
