6.431000000000000000e+04
6.679400000000000000e+04
6.984500000000000000e+04
7.331700000000000000e+04
7.582900000000000000e+04
7.916500000000000000e+04
8.314000000000000000e+04
8.669900000000000000e+04
9.126100000000000000e+04
9.562800000000000000e+04
1.012740000000000000e+05
1.059770000000000000e+05
1.111120000000000000e+05
1.168860000000000000e+05
1.239700000000000000e+05
1.304580000000000000e+05
1.384600000000000000e+05
1.480100000000000000e+05
1.564860000000000000e+05
1.670250000000000000e+05
1.769850000000000000e+05
1.899800000000000000e+05
2.028460000000000000e+05
2.189920000000000000e+05
2.358430000000000000e+05
2.539010000000000000e+05
2.756170000000000000e+05
3.003700000000000000e+05
3.273330000000000000e+05
3.572400000000000000e+05
3.928500000000000000e+05
4.342000000000000000e+05
4.807640000000000000e+05
5.368610000000000000e+05
6.001400000000000000e+05
6.757390000000000000e+05
7.693560000000000000e+05
8.767820000000000000e+05
1.012051000000000000e+06
1.178801000000000000e+06
1.384185000000000000e+06
1.639712000000000000e+06
1.961344000000000000e+06
2.370943000000000000e+06
2.887279000000000000e+06
3.521344000000000000e+06
4.274101000000000000e+06
5.088086000000000000e+06
5.826338000000000000e+06
6.288271000000000000e+06
6.286767000000000000e+06
5.829223000000000000e+06
5.088653000000000000e+06
4.276056000000000000e+06
3.524051000000000000e+06
2.884026000000000000e+06
2.368537000000000000e+06
1.961753000000000000e+06
1.640368000000000000e+06
1.383370000000000000e+06
1.178279000000000000e+06
1.013212000000000000e+06
8.789710000000000000e+05
7.700870000000000000e+05
6.786860000000000000e+05
6.009180000000000000e+05
5.363970000000000000e+05
4.796600000000000000e+05
4.340080000000000000e+05
3.936330000000000000e+05
3.572040000000000000e+05
3.258000000000000000e+05
3.002050000000000000e+05
2.760150000000000000e+05
2.541440000000000000e+05
2.357830000000000000e+05
2.185040000000000000e+05
2.033660000000000000e+05
1.905910000000000000e+05
1.777890000000000000e+05
1.671810000000000000e+05
1.569780000000000000e+05
1.468760000000000000e+05
1.387520000000000000e+05
1.314900000000000000e+05
1.246830000000000000e+05
1.171730000000000000e+05
1.113170000000000000e+05
1.054730000000000000e+05
1.003280000000000000e+05
9.578600000000000000e+04
9.166600000000000000e+04
8.680100000000000000e+04
8.269400000000000000e+04
7.950500000000000000e+04
7.579000000000000000e+04
7.242900000000000000e+04
6.985300000000000000e+04
6.710800000000000000e+04
6.445200000000000000e+04
