6.328000000000000000e+03
6.239000000000000000e+03
6.383000000000000000e+03
6.344000000000000000e+03
6.344000000000000000e+03
6.360000000000000000e+03
6.504000000000000000e+03
6.387000000000000000e+03
6.485000000000000000e+03
6.611000000000000000e+03
6.597000000000000000e+03
6.658000000000000000e+03
6.494000000000000000e+03
6.680000000000000000e+03
6.741000000000000000e+03
6.809000000000000000e+03
6.715000000000000000e+03
6.843000000000000000e+03
6.890000000000000000e+03
6.728000000000000000e+03
6.926000000000000000e+03
6.863000000000000000e+03
6.763000000000000000e+03
6.867000000000000000e+03
6.957000000000000000e+03
6.992000000000000000e+03
7.160000000000000000e+03
7.032000000000000000e+03
7.150000000000000000e+03
7.104000000000000000e+03
7.178000000000000000e+03
7.273000000000000000e+03
7.280000000000000000e+03
7.112000000000000000e+03
7.303000000000000000e+03
7.125000000000000000e+03
7.352000000000000000e+03
7.210000000000000000e+03
7.283000000000000000e+03
7.486000000000000000e+03
7.430000000000000000e+03
7.546000000000000000e+03
7.456000000000000000e+03
7.605000000000000000e+03
7.493000000000000000e+03
7.581000000000000000e+03
7.809000000000000000e+03
7.656000000000000000e+03
7.673000000000000000e+03
7.812000000000000000e+03
7.698000000000000000e+03
7.792000000000000000e+03
7.900000000000000000e+03
7.923000000000000000e+03
7.854000000000000000e+03
7.946000000000000000e+03
7.848000000000000000e+03
8.192000000000000000e+03
8.067000000000000000e+03
8.020000000000000000e+03
8.144000000000000000e+03
8.246000000000000000e+03
8.170000000000000000e+03
8.306000000000000000e+03
8.438000000000000000e+03
8.442000000000000000e+03
8.288000000000000000e+03
8.431000000000000000e+03
8.366000000000000000e+03
8.527000000000000000e+03
8.458000000000000000e+03
8.534000000000000000e+03
8.509000000000000000e+03
8.624000000000000000e+03
8.676000000000000000e+03
8.697000000000000000e+03
8.772000000000000000e+03
8.828000000000000000e+03
8.826000000000000000e+03
8.878000000000000000e+03
8.875000000000000000e+03
8.847000000000000000e+03
8.971000000000000000e+03
9.152000000000000000e+03
8.979000000000000000e+03
9.235000000000000000e+03
9.134000000000000000e+03
9.101000000000000000e+03
9.251000000000000000e+03
9.223000000000000000e+03
9.351000000000000000e+03
9.527000000000000000e+03
9.392000000000000000e+03
9.620000000000000000e+03
9.684000000000000000e+03
9.614000000000000000e+03
9.549000000000000000e+03
9.803000000000000000e+03
9.792000000000000000e+03
9.738000000000000000e+03
9.825000000000000000e+03
9.834000000000000000e+03
9.832000000000000000e+03
1.007500000000000000e+04
1.014900000000000000e+04
1.007200000000000000e+04
1.009500000000000000e+04
1.016300000000000000e+04
1.035600000000000000e+04
1.026200000000000000e+04
1.044300000000000000e+04
1.031700000000000000e+04
1.039900000000000000e+04
1.026200000000000000e+04
1.052100000000000000e+04
1.057300000000000000e+04
1.078300000000000000e+04
1.051300000000000000e+04
1.052800000000000000e+04
1.107900000000000000e+04
1.073100000000000000e+04
1.079100000000000000e+04
1.097800000000000000e+04
1.138100000000000000e+04
1.086900000000000000e+04
1.114900000000000000e+04
1.128700000000000000e+04
1.129800000000000000e+04
1.141600000000000000e+04
1.124300000000000000e+04
1.140200000000000000e+04
1.158400000000000000e+04
1.157300000000000000e+04
1.169300000000000000e+04
1.166400000000000000e+04
1.186900000000000000e+04
1.162600000000000000e+04
1.191100000000000000e+04
1.192600000000000000e+04
1.189100000000000000e+04
1.204100000000000000e+04
1.213700000000000000e+04
1.226700000000000000e+04
1.224300000000000000e+04
1.218700000000000000e+04
1.239200000000000000e+04
1.259200000000000000e+04
1.269000000000000000e+04
1.249300000000000000e+04
1.270800000000000000e+04
1.276300000000000000e+04
1.280500000000000000e+04
1.281900000000000000e+04
1.288300000000000000e+04
1.297400000000000000e+04
1.296800000000000000e+04
1.329100000000000000e+04
1.337200000000000000e+04
1.352700000000000000e+04
1.359200000000000000e+04
1.331900000000000000e+04
1.354300000000000000e+04
1.372300000000000000e+04
1.369200000000000000e+04
1.398200000000000000e+04
1.386600000000000000e+04
1.416400000000000000e+04
1.422900000000000000e+04
1.413200000000000000e+04
1.427800000000000000e+04
1.434900000000000000e+04
1.433900000000000000e+04
1.466900000000000000e+04
1.467400000000000000e+04
1.457200000000000000e+04
1.463700000000000000e+04
1.468200000000000000e+04
1.497500000000000000e+04
1.507200000000000000e+04
1.500300000000000000e+04
1.502800000000000000e+04
1.526900000000000000e+04
1.557100000000000000e+04
1.532500000000000000e+04
1.571200000000000000e+04
1.575300000000000000e+04
1.559100000000000000e+04
1.609100000000000000e+04
1.595300000000000000e+04
1.606300000000000000e+04
1.619100000000000000e+04
1.657000000000000000e+04
1.631000000000000000e+04
1.674000000000000000e+04
1.674200000000000000e+04
1.654100000000000000e+04
1.674500000000000000e+04
1.696500000000000000e+04
1.705000000000000000e+04
1.725900000000000000e+04
1.716900000000000000e+04
1.747300000000000000e+04
1.729000000000000000e+04
1.751600000000000000e+04
1.786100000000000000e+04
1.771400000000000000e+04
1.772100000000000000e+04
1.845800000000000000e+04
1.804300000000000000e+04
1.833800000000000000e+04
1.838900000000000000e+04
1.838200000000000000e+04
1.850600000000000000e+04
1.879200000000000000e+04
1.882100000000000000e+04
1.899400000000000000e+04
1.926200000000000000e+04
1.923900000000000000e+04
1.946300000000000000e+04
1.951900000000000000e+04
2.006800000000000000e+04
1.966700000000000000e+04
1.990500000000000000e+04
2.024900000000000000e+04
2.033500000000000000e+04
2.063000000000000000e+04
2.054500000000000000e+04
2.043000000000000000e+04
2.095700000000000000e+04
2.111400000000000000e+04
2.111800000000000000e+04
2.133300000000000000e+04
2.177100000000000000e+04
2.177700000000000000e+04
2.191300000000000000e+04
2.206600000000000000e+04
2.193800000000000000e+04
2.211800000000000000e+04
2.263800000000000000e+04
2.281600000000000000e+04
2.250300000000000000e+04
2.295900000000000000e+04
2.308300000000000000e+04
2.335400000000000000e+04
2.371000000000000000e+04
2.370700000000000000e+04
2.375900000000000000e+04
2.418900000000000000e+04
2.432900000000000000e+04
2.460200000000000000e+04
2.480800000000000000e+04
2.464600000000000000e+04
2.495600000000000000e+04
2.531000000000000000e+04
2.530200000000000000e+04
2.549200000000000000e+04
2.544100000000000000e+04
2.608700000000000000e+04
2.638500000000000000e+04
2.615100000000000000e+04
2.644500000000000000e+04
2.678700000000000000e+04
2.690400000000000000e+04
2.722100000000000000e+04
2.764400000000000000e+04
2.763900000000000000e+04
2.812300000000000000e+04
2.848700000000000000e+04
2.844000000000000000e+04
2.834000000000000000e+04
2.876600000000000000e+04
2.923800000000000000e+04
2.961600000000000000e+04
2.957900000000000000e+04
2.962900000000000000e+04
3.029000000000000000e+04
3.021000000000000000e+04
3.074200000000000000e+04
3.104000000000000000e+04
3.132700000000000000e+04
3.105700000000000000e+04
3.196100000000000000e+04
3.188900000000000000e+04
3.227800000000000000e+04
3.244400000000000000e+04
3.279200000000000000e+04
3.297600000000000000e+04
3.335600000000000000e+04
3.366500000000000000e+04
3.444100000000000000e+04
3.451100000000000000e+04
3.448100000000000000e+04
3.490100000000000000e+04
3.512400000000000000e+04
3.549900000000000000e+04
3.572200000000000000e+04
3.657900000000000000e+04
3.642900000000000000e+04
3.671700000000000000e+04
3.737000000000000000e+04
3.756500000000000000e+04
3.828100000000000000e+04
3.848300000000000000e+04
3.877500000000000000e+04
3.923100000000000000e+04
3.944000000000000000e+04
3.974600000000000000e+04
4.044500000000000000e+04
4.108200000000000000e+04
4.115300000000000000e+04
4.132700000000000000e+04
4.184500000000000000e+04
4.232900000000000000e+04
4.259400000000000000e+04
4.345300000000000000e+04
4.376200000000000000e+04
4.382400000000000000e+04
4.451900000000000000e+04
4.484000000000000000e+04
4.564700000000000000e+04
4.555300000000000000e+04
4.641100000000000000e+04
4.698300000000000000e+04
4.708400000000000000e+04
4.777000000000000000e+04
4.861100000000000000e+04
4.874400000000000000e+04
4.934500000000000000e+04
4.980700000000000000e+04
5.045000000000000000e+04
5.108900000000000000e+04
5.179800000000000000e+04
5.225800000000000000e+04
5.247600000000000000e+04
5.332400000000000000e+04
5.373200000000000000e+04
5.430500000000000000e+04
5.504000000000000000e+04
5.581700000000000000e+04
5.606700000000000000e+04
5.685500000000000000e+04
5.748000000000000000e+04
5.824100000000000000e+04
5.909300000000000000e+04
5.942900000000000000e+04
6.032100000000000000e+04
6.079700000000000000e+04
6.181100000000000000e+04
6.276400000000000000e+04
6.358100000000000000e+04
6.402100000000000000e+04
6.479700000000000000e+04
6.557800000000000000e+04
6.618600000000000000e+04
6.757600000000000000e+04
6.830300000000000000e+04
6.875500000000000000e+04
6.945400000000000000e+04
7.044500000000000000e+04
7.160600000000000000e+04
7.287500000000000000e+04
7.336500000000000000e+04
7.456100000000000000e+04
7.596600000000000000e+04
7.625800000000000000e+04
7.705100000000000000e+04
7.830700000000000000e+04
7.982200000000000000e+04
8.061400000000000000e+04
8.188100000000000000e+04
8.264500000000000000e+04
8.343400000000000000e+04
8.469100000000000000e+04
8.572400000000000000e+04
8.728200000000000000e+04
8.827400000000000000e+04
8.929100000000000000e+04
9.108000000000000000e+04
9.204200000000000000e+04
9.383900000000000000e+04
9.487600000000000000e+04
9.630300000000000000e+04
9.761800000000000000e+04
9.926500000000000000e+04
1.003290000000000000e+05
1.022450000000000000e+05
1.026520000000000000e+05
1.049710000000000000e+05
1.066280000000000000e+05
1.086200000000000000e+05
1.098790000000000000e+05
1.118070000000000000e+05
1.135760000000000000e+05
1.151100000000000000e+05
1.163470000000000000e+05
1.183130000000000000e+05
1.197400000000000000e+05
1.219890000000000000e+05
1.242010000000000000e+05
1.263410000000000000e+05
1.276150000000000000e+05
1.304260000000000000e+05
1.325460000000000000e+05
1.352590000000000000e+05
1.371060000000000000e+05
1.395020000000000000e+05
1.417700000000000000e+05
1.440500000000000000e+05
1.465280000000000000e+05
1.484710000000000000e+05
1.516190000000000000e+05
1.536250000000000000e+05
1.560700000000000000e+05
1.590750000000000000e+05
1.620270000000000000e+05
1.648680000000000000e+05
1.682150000000000000e+05
1.711200000000000000e+05
1.741050000000000000e+05
1.767890000000000000e+05
1.803250000000000000e+05
1.836000000000000000e+05
1.874930000000000000e+05
1.907300000000000000e+05
1.941120000000000000e+05
1.980720000000000000e+05
2.009190000000000000e+05
2.057060000000000000e+05
2.089870000000000000e+05
2.130040000000000000e+05
2.170480000000000000e+05
2.218480000000000000e+05
2.258180000000000000e+05
2.301730000000000000e+05
2.343560000000000000e+05
2.391200000000000000e+05
2.433030000000000000e+05
2.486760000000000000e+05
2.528520000000000000e+05
2.589120000000000000e+05
2.635160000000000000e+05
2.686000000000000000e+05
2.738750000000000000e+05
2.789660000000000000e+05
2.854940000000000000e+05
2.904250000000000000e+05
2.970310000000000000e+05
3.020800000000000000e+05
3.098900000000000000e+05
3.158940000000000000e+05
3.210840000000000000e+05
3.281930000000000000e+05
3.354980000000000000e+05
3.407540000000000000e+05
3.490830000000000000e+05
3.547150000000000000e+05
3.634480000000000000e+05
3.692940000000000000e+05
3.751200000000000000e+05
3.840690000000000000e+05
3.933120000000000000e+05
3.987320000000000000e+05
4.069690000000000000e+05
4.157520000000000000e+05
4.222320000000000000e+05
4.313250000000000000e+05
4.393540000000000000e+05
4.470770000000000000e+05
4.562270000000000000e+05
4.642380000000000000e+05
4.723860000000000000e+05
4.800800000000000000e+05
4.887280000000000000e+05
4.968620000000000000e+05
5.062210000000000000e+05
5.133120000000000000e+05
5.204740000000000000e+05
5.297160000000000000e+05
5.385720000000000000e+05
5.440170000000000000e+05
5.525700000000000000e+05
5.600890000000000000e+05
5.667860000000000000e+05
5.733450000000000000e+05
5.817690000000000000e+05
5.856320000000000000e+05
5.921330000000000000e+05
5.987160000000000000e+05
6.057150000000000000e+05
6.106560000000000000e+05
6.139760000000000000e+05
6.183930000000000000e+05
6.244140000000000000e+05
6.240830000000000000e+05
6.281910000000000000e+05
6.324100000000000000e+05
6.351830000000000000e+05
6.362280000000000000e+05
6.348920000000000000e+05
6.372130000000000000e+05
6.351070000000000000e+05
6.358830000000000000e+05
6.348950000000000000e+05
6.334540000000000000e+05
6.321480000000000000e+05
6.298430000000000000e+05
6.251450000000000000e+05
6.220730000000000000e+05
6.192060000000000000e+05
6.153310000000000000e+05
6.089570000000000000e+05
6.031780000000000000e+05
5.997420000000000000e+05
5.921420000000000000e+05
5.859390000000000000e+05
5.804190000000000000e+05
5.751850000000000000e+05
5.676410000000000000e+05
5.602350000000000000e+05
5.531010000000000000e+05
5.438780000000000000e+05
5.368220000000000000e+05
5.295140000000000000e+05
5.217670000000000000e+05
5.137570000000000000e+05
5.052290000000000000e+05
4.971850000000000000e+05
4.881880000000000000e+05
4.801470000000000000e+05
4.729300000000000000e+05
4.647440000000000000e+05
4.563490000000000000e+05
4.475720000000000000e+05
4.395400000000000000e+05
4.313470000000000000e+05
4.227500000000000000e+05
4.147790000000000000e+05
4.076000000000000000e+05
3.994360000000000000e+05
3.917010000000000000e+05
3.848450000000000000e+05
3.781810000000000000e+05
3.696380000000000000e+05
3.619540000000000000e+05
3.548940000000000000e+05
3.493460000000000000e+05
3.411270000000000000e+05
3.339600000000000000e+05
3.279020000000000000e+05
3.220200000000000000e+05
3.149150000000000000e+05
3.085510000000000000e+05
3.032160000000000000e+05
2.969850000000000000e+05
2.898720000000000000e+05
2.849310000000000000e+05
2.801960000000000000e+05
2.737600000000000000e+05
2.687760000000000000e+05
2.631760000000000000e+05
2.591870000000000000e+05
2.533380000000000000e+05
2.480500000000000000e+05
2.435440000000000000e+05
2.396840000000000000e+05
2.342610000000000000e+05
2.301500000000000000e+05
2.259450000000000000e+05
2.217540000000000000e+05
2.166110000000000000e+05
2.132090000000000000e+05
2.088720000000000000e+05
2.051560000000000000e+05
2.012080000000000000e+05
1.973860000000000000e+05
1.936970000000000000e+05
1.909000000000000000e+05
1.873210000000000000e+05
1.837090000000000000e+05
1.799130000000000000e+05
1.774440000000000000e+05
1.744090000000000000e+05
1.713280000000000000e+05
1.682810000000000000e+05
1.653820000000000000e+05
1.619500000000000000e+05
1.602050000000000000e+05
1.562360000000000000e+05
1.538850000000000000e+05
1.513910000000000000e+05
1.490760000000000000e+05
1.466700000000000000e+05
1.441240000000000000e+05
1.415900000000000000e+05
1.392550000000000000e+05
1.366130000000000000e+05
1.344570000000000000e+05
1.323570000000000000e+05
1.306470000000000000e+05
1.282100000000000000e+05
1.264680000000000000e+05
1.241950000000000000e+05
1.226410000000000000e+05
1.201220000000000000e+05
1.189310000000000000e+05
1.168770000000000000e+05
1.143000000000000000e+05
1.133100000000000000e+05
1.113140000000000000e+05
1.096860000000000000e+05
1.083310000000000000e+05
1.067710000000000000e+05
1.045550000000000000e+05
1.034580000000000000e+05
1.019140000000000000e+05
1.005320000000000000e+05
9.908800000000000000e+04
9.762300000000000000e+04
9.588000000000000000e+04
9.529100000000000000e+04
9.340000000000000000e+04
9.249900000000000000e+04
9.074900000000000000e+04
8.934600000000000000e+04
8.875300000000000000e+04
8.701600000000000000e+04
8.584200000000000000e+04
8.481400000000000000e+04
8.356400000000000000e+04
8.283300000000000000e+04
8.133100000000000000e+04
8.037800000000000000e+04
7.952500000000000000e+04
7.861300000000000000e+04
7.739900000000000000e+04
7.668900000000000000e+04
7.504400000000000000e+04
7.432000000000000000e+04
7.378300000000000000e+04
7.224200000000000000e+04
7.179600000000000000e+04
7.059800000000000000e+04
6.979800000000000000e+04
6.921300000000000000e+04
6.770500000000000000e+04
6.728500000000000000e+04
6.652700000000000000e+04
6.574300000000000000e+04
6.473100000000000000e+04
6.434900000000000000e+04
6.321100000000000000e+04
6.247400000000000000e+04
6.211000000000000000e+04
6.112300000000000000e+04
6.023900000000000000e+04
5.954200000000000000e+04
5.881400000000000000e+04
5.814500000000000000e+04
5.746000000000000000e+04
5.645000000000000000e+04
5.642600000000000000e+04
5.557800000000000000e+04
5.458800000000000000e+04
5.424400000000000000e+04
5.382800000000000000e+04
5.323700000000000000e+04
5.265200000000000000e+04
5.208900000000000000e+04
5.166400000000000000e+04
5.107500000000000000e+04
5.047900000000000000e+04
4.980300000000000000e+04
4.915200000000000000e+04
4.909000000000000000e+04
4.827300000000000000e+04
4.754700000000000000e+04
4.706300000000000000e+04
4.695800000000000000e+04
4.605400000000000000e+04
4.571300000000000000e+04
4.519800000000000000e+04
4.495600000000000000e+04
4.434400000000000000e+04
4.426700000000000000e+04
4.365900000000000000e+04
4.318200000000000000e+04
4.296300000000000000e+04
4.234600000000000000e+04
4.176700000000000000e+04
4.136100000000000000e+04
4.085200000000000000e+04
4.080100000000000000e+04
4.022500000000000000e+04
3.993300000000000000e+04
3.905400000000000000e+04
3.875300000000000000e+04
3.869300000000000000e+04
3.848600000000000000e+04
3.785500000000000000e+04
3.728500000000000000e+04
3.730100000000000000e+04
3.696900000000000000e+04
3.670500000000000000e+04
3.640200000000000000e+04
3.556500000000000000e+04
3.547500000000000000e+04
3.553200000000000000e+04
3.496900000000000000e+04
3.465900000000000000e+04
3.450900000000000000e+04
3.406000000000000000e+04
3.351400000000000000e+04
3.342700000000000000e+04
3.265800000000000000e+04
3.330000000000000000e+04
3.270800000000000000e+04
3.231500000000000000e+04
3.206900000000000000e+04
3.134500000000000000e+04
3.154400000000000000e+04
3.115300000000000000e+04
3.066200000000000000e+04
3.068400000000000000e+04
3.051700000000000000e+04
3.010600000000000000e+04
2.975000000000000000e+04
2.926200000000000000e+04
2.945000000000000000e+04
2.902600000000000000e+04
2.868700000000000000e+04
2.866000000000000000e+04
2.848200000000000000e+04
2.799400000000000000e+04
2.806900000000000000e+04
2.794100000000000000e+04
2.743300000000000000e+04
2.739000000000000000e+04
2.684000000000000000e+04
2.706300000000000000e+04
2.633000000000000000e+04
2.651600000000000000e+04
2.599600000000000000e+04
2.597700000000000000e+04
2.580600000000000000e+04
2.561100000000000000e+04
2.555000000000000000e+04
2.517200000000000000e+04
2.506800000000000000e+04
2.460800000000000000e+04
2.413800000000000000e+04
2.429600000000000000e+04
2.433300000000000000e+04
2.398700000000000000e+04
2.384100000000000000e+04
2.374600000000000000e+04
2.334900000000000000e+04
2.323800000000000000e+04
2.301800000000000000e+04
2.295400000000000000e+04
2.289200000000000000e+04
2.240000000000000000e+04
2.259100000000000000e+04
2.226200000000000000e+04
2.188800000000000000e+04
2.174200000000000000e+04
2.174700000000000000e+04
2.141100000000000000e+04
2.144800000000000000e+04
2.122300000000000000e+04
2.103200000000000000e+04
2.104600000000000000e+04
2.063200000000000000e+04
2.089800000000000000e+04
2.077900000000000000e+04
2.043900000000000000e+04
2.021000000000000000e+04
2.015400000000000000e+04
2.000600000000000000e+04
2.003500000000000000e+04
1.962200000000000000e+04
1.945900000000000000e+04
1.965700000000000000e+04
1.920900000000000000e+04
1.927100000000000000e+04
1.907800000000000000e+04
1.902000000000000000e+04
1.881600000000000000e+04
1.846800000000000000e+04
1.856400000000000000e+04
1.876600000000000000e+04
1.846300000000000000e+04
1.821000000000000000e+04
1.792000000000000000e+04
1.827900000000000000e+04
1.766100000000000000e+04
1.766000000000000000e+04
1.757100000000000000e+04
1.751900000000000000e+04
1.743200000000000000e+04
1.730600000000000000e+04
1.716100000000000000e+04
1.701600000000000000e+04
1.665600000000000000e+04
1.704200000000000000e+04
1.671400000000000000e+04
1.672600000000000000e+04
1.654900000000000000e+04
1.633200000000000000e+04
1.649700000000000000e+04
1.597100000000000000e+04
1.628000000000000000e+04
1.610200000000000000e+04
1.566900000000000000e+04
1.588500000000000000e+04
1.547300000000000000e+04
1.554900000000000000e+04
1.535900000000000000e+04
1.530900000000000000e+04
1.523900000000000000e+04
1.523700000000000000e+04
1.518100000000000000e+04
1.510200000000000000e+04
1.494000000000000000e+04
1.469600000000000000e+04
1.483000000000000000e+04
1.457800000000000000e+04
1.452300000000000000e+04
1.447200000000000000e+04
1.446100000000000000e+04
1.441300000000000000e+04
1.440200000000000000e+04
1.422700000000000000e+04
1.420700000000000000e+04
1.408600000000000000e+04
1.390700000000000000e+04
1.373400000000000000e+04
1.369900000000000000e+04
1.367300000000000000e+04
1.371500000000000000e+04
1.372100000000000000e+04
1.335000000000000000e+04
1.326500000000000000e+04
1.327100000000000000e+04
1.327100000000000000e+04
1.299900000000000000e+04
1.319300000000000000e+04
1.283600000000000000e+04
1.308100000000000000e+04
1.293100000000000000e+04
1.263300000000000000e+04
1.292100000000000000e+04
1.257000000000000000e+04
1.264800000000000000e+04
1.235100000000000000e+04
1.247100000000000000e+04
1.237800000000000000e+04
1.222200000000000000e+04
1.216200000000000000e+04
1.225300000000000000e+04
1.193900000000000000e+04
1.198900000000000000e+04
1.198000000000000000e+04
1.204600000000000000e+04
1.188400000000000000e+04
1.168000000000000000e+04
1.169400000000000000e+04
1.155200000000000000e+04
1.175300000000000000e+04
1.135900000000000000e+04
1.162400000000000000e+04
1.125200000000000000e+04
1.150200000000000000e+04
1.126400000000000000e+04
1.109300000000000000e+04
1.120300000000000000e+04
1.110500000000000000e+04
1.102200000000000000e+04
1.091800000000000000e+04
1.102100000000000000e+04
1.088600000000000000e+04
1.081700000000000000e+04
1.082800000000000000e+04
1.086000000000000000e+04
1.052800000000000000e+04
1.063300000000000000e+04
1.047700000000000000e+04
1.051500000000000000e+04
1.027300000000000000e+04
1.052400000000000000e+04
1.029700000000000000e+04
1.033300000000000000e+04
1.016900000000000000e+04
1.016200000000000000e+04
1.004700000000000000e+04
1.019300000000000000e+04
1.001400000000000000e+04
9.865000000000000000e+03
9.994000000000000000e+03
9.762000000000000000e+03
9.836000000000000000e+03
9.897000000000000000e+03
9.746000000000000000e+03
9.744000000000000000e+03
9.517000000000000000e+03
9.650000000000000000e+03
9.714000000000000000e+03
9.489000000000000000e+03
9.385000000000000000e+03
9.506000000000000000e+03
9.355000000000000000e+03
9.413000000000000000e+03
9.185000000000000000e+03
9.299000000000000000e+03
9.184000000000000000e+03
9.135000000000000000e+03
9.054000000000000000e+03
9.092000000000000000e+03
9.202000000000000000e+03
8.945000000000000000e+03
8.867000000000000000e+03
8.686000000000000000e+03
8.968000000000000000e+03
8.675000000000000000e+03
8.838000000000000000e+03
8.605000000000000000e+03
8.689000000000000000e+03
8.728000000000000000e+03
8.534000000000000000e+03
8.478000000000000000e+03
8.594000000000000000e+03
8.541000000000000000e+03
8.408000000000000000e+03
8.383000000000000000e+03
8.422000000000000000e+03
8.330000000000000000e+03
8.317000000000000000e+03
8.303000000000000000e+03
8.268000000000000000e+03
8.123000000000000000e+03
8.425000000000000000e+03
8.106000000000000000e+03
8.082000000000000000e+03
8.058000000000000000e+03
8.101000000000000000e+03
8.040000000000000000e+03
7.842000000000000000e+03
7.765000000000000000e+03
7.953000000000000000e+03
7.852000000000000000e+03
7.749000000000000000e+03
7.736000000000000000e+03
7.695000000000000000e+03
7.775000000000000000e+03
7.461000000000000000e+03
7.596000000000000000e+03
7.625000000000000000e+03
7.519000000000000000e+03
7.649000000000000000e+03
7.400000000000000000e+03
7.495000000000000000e+03
7.282000000000000000e+03
7.513000000000000000e+03
7.257000000000000000e+03
7.167000000000000000e+03
7.255000000000000000e+03
7.297000000000000000e+03
7.248000000000000000e+03
7.218000000000000000e+03
7.277000000000000000e+03
7.111000000000000000e+03
7.101000000000000000e+03
7.063000000000000000e+03
7.212000000000000000e+03
7.102000000000000000e+03
6.986000000000000000e+03
6.942000000000000000e+03
7.008000000000000000e+03
6.861000000000000000e+03
6.867000000000000000e+03
6.813000000000000000e+03
6.720000000000000000e+03
6.849000000000000000e+03
6.926000000000000000e+03
6.642000000000000000e+03
6.745000000000000000e+03
6.606000000000000000e+03
6.511000000000000000e+03
6.521000000000000000e+03
6.526000000000000000e+03
6.600000000000000000e+03
6.579000000000000000e+03
6.613000000000000000e+03
6.533000000000000000e+03
6.542000000000000000e+03
6.516000000000000000e+03
6.357000000000000000e+03
6.398000000000000000e+03
6.454000000000000000e+03
6.234000000000000000e+03
6.450000000000000000e+03
