6.127000000000000000e+03
6.301000000000000000e+03
6.326000000000000000e+03
6.378000000000000000e+03
6.391000000000000000e+03
6.371000000000000000e+03
6.581000000000000000e+03
6.534000000000000000e+03
6.431000000000000000e+03
6.518000000000000000e+03
6.617000000000000000e+03
6.565000000000000000e+03
6.727000000000000000e+03
6.568000000000000000e+03
6.749000000000000000e+03
6.708000000000000000e+03
6.596000000000000000e+03
6.708000000000000000e+03
6.885000000000000000e+03
6.704000000000000000e+03
6.780000000000000000e+03
6.825000000000000000e+03
6.920000000000000000e+03
6.830000000000000000e+03
6.845000000000000000e+03
6.995000000000000000e+03
7.098000000000000000e+03
7.170000000000000000e+03
7.214000000000000000e+03
7.150000000000000000e+03
7.047000000000000000e+03
7.107000000000000000e+03
7.295000000000000000e+03
7.149000000000000000e+03
7.396000000000000000e+03
7.213000000000000000e+03
7.405000000000000000e+03
7.354000000000000000e+03
7.470000000000000000e+03
7.473000000000000000e+03
7.409000000000000000e+03
7.572000000000000000e+03
7.625000000000000000e+03
7.493000000000000000e+03
7.741000000000000000e+03
7.477000000000000000e+03
7.641000000000000000e+03
7.724000000000000000e+03
7.722000000000000000e+03
7.597000000000000000e+03
7.681000000000000000e+03
7.800000000000000000e+03
7.708000000000000000e+03
7.822000000000000000e+03
8.044000000000000000e+03
7.933000000000000000e+03
7.861000000000000000e+03
8.002000000000000000e+03
7.991000000000000000e+03
8.188000000000000000e+03
8.156000000000000000e+03
8.297000000000000000e+03
8.299000000000000000e+03
8.256000000000000000e+03
8.409000000000000000e+03
8.274000000000000000e+03
8.358000000000000000e+03
8.420000000000000000e+03
8.442000000000000000e+03
8.284000000000000000e+03
8.536000000000000000e+03
8.695000000000000000e+03
8.613000000000000000e+03
8.653000000000000000e+03
8.593000000000000000e+03
8.581000000000000000e+03
8.727000000000000000e+03
8.910000000000000000e+03
8.806000000000000000e+03
8.824000000000000000e+03
8.958000000000000000e+03
8.985000000000000000e+03
8.892000000000000000e+03
9.221000000000000000e+03
9.124000000000000000e+03
9.179000000000000000e+03
9.257000000000000000e+03
9.162000000000000000e+03
9.307000000000000000e+03
9.280000000000000000e+03
9.452000000000000000e+03
9.254000000000000000e+03
9.390000000000000000e+03
9.276000000000000000e+03
9.545000000000000000e+03
9.419000000000000000e+03
9.649000000000000000e+03
9.584000000000000000e+03
9.662000000000000000e+03
9.792000000000000000e+03
9.955000000000000000e+03
9.852000000000000000e+03
1.009600000000000000e+04
9.874000000000000000e+03
1.003100000000000000e+04
9.949000000000000000e+03
1.004700000000000000e+04
1.013800000000000000e+04
1.017100000000000000e+04
1.010500000000000000e+04
1.027200000000000000e+04
1.040000000000000000e+04
1.044200000000000000e+04
1.056800000000000000e+04
1.047300000000000000e+04
1.068400000000000000e+04
1.077200000000000000e+04
1.078500000000000000e+04
1.081200000000000000e+04
1.097600000000000000e+04
1.102600000000000000e+04
1.106400000000000000e+04
1.077100000000000000e+04
1.127300000000000000e+04
1.109000000000000000e+04
1.100400000000000000e+04
1.129900000000000000e+04
1.128200000000000000e+04
1.135200000000000000e+04
1.125700000000000000e+04
1.144100000000000000e+04
1.140800000000000000e+04
1.163400000000000000e+04
1.170200000000000000e+04
1.149100000000000000e+04
1.179400000000000000e+04
1.172300000000000000e+04
1.190100000000000000e+04
1.193500000000000000e+04
1.189600000000000000e+04
1.201500000000000000e+04
1.211500000000000000e+04
1.231400000000000000e+04
1.232400000000000000e+04
1.250000000000000000e+04
1.245400000000000000e+04
1.256200000000000000e+04
1.267500000000000000e+04
1.261600000000000000e+04
1.269500000000000000e+04
1.282000000000000000e+04
1.294400000000000000e+04
1.294500000000000000e+04
1.307500000000000000e+04
1.306200000000000000e+04
1.320800000000000000e+04
1.312500000000000000e+04
1.300700000000000000e+04
1.314800000000000000e+04
1.347000000000000000e+04
1.349100000000000000e+04
1.377800000000000000e+04
1.385800000000000000e+04
1.373800000000000000e+04
1.384400000000000000e+04
1.381600000000000000e+04
1.392900000000000000e+04
1.400900000000000000e+04
1.420000000000000000e+04
1.408500000000000000e+04
1.412700000000000000e+04
1.441000000000000000e+04
1.434800000000000000e+04
1.475500000000000000e+04
1.469800000000000000e+04
1.483400000000000000e+04
1.487100000000000000e+04
1.507200000000000000e+04
1.501400000000000000e+04
1.513600000000000000e+04
1.534800000000000000e+04
1.526900000000000000e+04
1.537600000000000000e+04
1.537100000000000000e+04
1.572800000000000000e+04
1.563800000000000000e+04
1.597300000000000000e+04
1.583000000000000000e+04
1.591500000000000000e+04
1.596500000000000000e+04
1.614500000000000000e+04
1.624200000000000000e+04
1.633200000000000000e+04
1.652900000000000000e+04
1.687100000000000000e+04
1.654400000000000000e+04
1.674900000000000000e+04
1.701900000000000000e+04
1.735600000000000000e+04
1.691500000000000000e+04
1.754100000000000000e+04
1.739500000000000000e+04
1.746800000000000000e+04
1.759800000000000000e+04
1.774400000000000000e+04
1.780400000000000000e+04
1.796400000000000000e+04
1.824500000000000000e+04
1.828600000000000000e+04
1.849900000000000000e+04
1.850000000000000000e+04
1.855000000000000000e+04
1.839400000000000000e+04
1.885400000000000000e+04
1.884700000000000000e+04
1.916600000000000000e+04
1.931500000000000000e+04
1.940500000000000000e+04
1.954400000000000000e+04
1.958300000000000000e+04
1.976400000000000000e+04
1.963300000000000000e+04
2.021600000000000000e+04
2.019900000000000000e+04
2.033400000000000000e+04
2.041200000000000000e+04
2.070200000000000000e+04
2.038600000000000000e+04
2.065000000000000000e+04
2.082300000000000000e+04
2.135900000000000000e+04
2.132200000000000000e+04
2.170200000000000000e+04
2.149300000000000000e+04
2.192000000000000000e+04
2.188800000000000000e+04
2.215700000000000000e+04
2.208100000000000000e+04
2.234900000000000000e+04
2.263500000000000000e+04
2.272300000000000000e+04
2.267000000000000000e+04
2.299300000000000000e+04
2.342200000000000000e+04
2.359400000000000000e+04
2.370500000000000000e+04
2.388900000000000000e+04
2.409200000000000000e+04
2.392300000000000000e+04
2.438500000000000000e+04
2.461300000000000000e+04
2.466000000000000000e+04
2.495000000000000000e+04
2.508600000000000000e+04
2.536100000000000000e+04
2.554800000000000000e+04
2.584200000000000000e+04
2.573500000000000000e+04
2.605500000000000000e+04
2.635200000000000000e+04
2.659500000000000000e+04
2.691800000000000000e+04
2.720000000000000000e+04
2.715900000000000000e+04
2.751600000000000000e+04
2.774800000000000000e+04
2.789100000000000000e+04
2.816400000000000000e+04
2.840900000000000000e+04
2.865300000000000000e+04
2.884800000000000000e+04
2.902200000000000000e+04
2.959000000000000000e+04
2.933900000000000000e+04
2.979500000000000000e+04
3.038600000000000000e+04
2.993700000000000000e+04
3.068400000000000000e+04
3.067100000000000000e+04
3.109200000000000000e+04
3.155900000000000000e+04
3.200400000000000000e+04
3.161200000000000000e+04
3.219800000000000000e+04
3.221900000000000000e+04
3.249700000000000000e+04
3.320200000000000000e+04
3.326300000000000000e+04
3.347100000000000000e+04
3.398900000000000000e+04
3.430000000000000000e+04
3.481500000000000000e+04
3.473400000000000000e+04
3.504600000000000000e+04
3.523300000000000000e+04
3.573400000000000000e+04
3.650000000000000000e+04
3.635600000000000000e+04
3.688300000000000000e+04
3.704700000000000000e+04
3.786400000000000000e+04
3.794600000000000000e+04
3.834000000000000000e+04
3.893500000000000000e+04
3.866400000000000000e+04
3.960600000000000000e+04
3.982600000000000000e+04
4.022900000000000000e+04
4.039200000000000000e+04
4.114200000000000000e+04
4.162500000000000000e+04
4.199600000000000000e+04
4.190000000000000000e+04
4.279300000000000000e+04
4.315300000000000000e+04
4.364500000000000000e+04
4.426900000000000000e+04
4.435400000000000000e+04
4.469100000000000000e+04
4.530700000000000000e+04
4.602800000000000000e+04
4.668900000000000000e+04
4.696700000000000000e+04
4.752400000000000000e+04
4.790100000000000000e+04
4.817800000000000000e+04
4.911700000000000000e+04
4.908000000000000000e+04
4.997300000000000000e+04
5.020400000000000000e+04
5.080700000000000000e+04
5.116900000000000000e+04
5.213800000000000000e+04
5.259700000000000000e+04
5.339300000000000000e+04
5.368000000000000000e+04
5.456100000000000000e+04
5.521400000000000000e+04
5.601000000000000000e+04
5.642900000000000000e+04
5.699000000000000000e+04
5.740200000000000000e+04
5.767700000000000000e+04
5.898700000000000000e+04
5.968500000000000000e+04
6.032100000000000000e+04
6.144900000000000000e+04
6.191000000000000000e+04
6.286400000000000000e+04
6.384300000000000000e+04
6.383900000000000000e+04
6.483000000000000000e+04
6.552700000000000000e+04
6.666300000000000000e+04
6.691400000000000000e+04
6.808100000000000000e+04
6.901700000000000000e+04
6.966600000000000000e+04
7.059800000000000000e+04
7.174400000000000000e+04
7.249500000000000000e+04
7.336700000000000000e+04
7.450100000000000000e+04
7.516400000000000000e+04
7.650400000000000000e+04
7.697700000000000000e+04
7.890700000000000000e+04
7.963000000000000000e+04
8.078200000000000000e+04
8.202200000000000000e+04
8.232000000000000000e+04
8.385700000000000000e+04
8.486100000000000000e+04
8.613900000000000000e+04
8.758200000000000000e+04
8.859500000000000000e+04
8.944900000000000000e+04
9.132200000000000000e+04
9.178200000000000000e+04
9.394200000000000000e+04
9.518900000000000000e+04
9.592300000000000000e+04
9.736300000000000000e+04
9.883900000000000000e+04
1.005970000000000000e+05
1.012860000000000000e+05
1.032340000000000000e+05
1.048040000000000000e+05
1.063780000000000000e+05
1.081000000000000000e+05
1.098650000000000000e+05
1.112600000000000000e+05
1.129770000000000000e+05
1.148720000000000000e+05
1.168990000000000000e+05
1.182490000000000000e+05
1.204340000000000000e+05
1.218100000000000000e+05
1.241960000000000000e+05
1.265760000000000000e+05
1.285590000000000000e+05
1.305600000000000000e+05
1.328160000000000000e+05
1.347320000000000000e+05
1.369620000000000000e+05
1.388720000000000000e+05
1.415550000000000000e+05
1.436530000000000000e+05
1.462410000000000000e+05
1.487920000000000000e+05
1.515200000000000000e+05
1.543020000000000000e+05
1.567910000000000000e+05
1.594710000000000000e+05
1.627860000000000000e+05
1.645950000000000000e+05
1.676240000000000000e+05
1.710370000000000000e+05
1.743760000000000000e+05
1.771950000000000000e+05
1.798490000000000000e+05
1.840190000000000000e+05
1.869140000000000000e+05
1.903400000000000000e+05
1.932120000000000000e+05
1.978800000000000000e+05
2.016680000000000000e+05
2.041310000000000000e+05
2.091490000000000000e+05
2.134160000000000000e+05
2.180440000000000000e+05
2.210090000000000000e+05
2.259160000000000000e+05
2.301740000000000000e+05
2.343350000000000000e+05
2.387090000000000000e+05
2.438210000000000000e+05
2.482150000000000000e+05
2.537590000000000000e+05
2.585190000000000000e+05
2.632250000000000000e+05
2.692790000000000000e+05
2.741900000000000000e+05
2.797970000000000000e+05
2.860760000000000000e+05
2.908170000000000000e+05
2.977390000000000000e+05
3.024370000000000000e+05
3.091210000000000000e+05
3.153150000000000000e+05
3.213070000000000000e+05
3.276200000000000000e+05
3.342610000000000000e+05
3.409750000000000000e+05
3.482170000000000000e+05
3.560850000000000000e+05
3.617840000000000000e+05
3.695090000000000000e+05
3.759950000000000000e+05
3.837610000000000000e+05
3.925110000000000000e+05
4.001870000000000000e+05
4.071370000000000000e+05
4.148580000000000000e+05
4.236730000000000000e+05
4.321010000000000000e+05
4.397520000000000000e+05
4.471780000000000000e+05
4.573590000000000000e+05
4.637030000000000000e+05
4.726590000000000000e+05
4.809980000000000000e+05
4.884410000000000000e+05
4.978950000000000000e+05
5.048940000000000000e+05
5.143860000000000000e+05
5.201680000000000000e+05
5.285750000000000000e+05
5.378320000000000000e+05
5.436680000000000000e+05
5.514530000000000000e+05
5.589320000000000000e+05
5.668130000000000000e+05
5.746220000000000000e+05
5.788570000000000000e+05
5.866770000000000000e+05
5.934260000000000000e+05
5.989770000000000000e+05
6.046280000000000000e+05
6.098130000000000000e+05
6.151800000000000000e+05
6.182860000000000000e+05
6.223130000000000000e+05
6.254150000000000000e+05
6.289930000000000000e+05
6.319670000000000000e+05
6.333750000000000000e+05
6.346450000000000000e+05
6.354400000000000000e+05
6.352950000000000000e+05
6.359000000000000000e+05
6.382460000000000000e+05
6.334670000000000000e+05
6.338480000000000000e+05
6.321490000000000000e+05
6.284760000000000000e+05
6.273090000000000000e+05
6.225620000000000000e+05
6.187990000000000000e+05
6.153240000000000000e+05
6.094240000000000000e+05
6.053300000000000000e+05
5.997770000000000000e+05
5.941980000000000000e+05
5.867930000000000000e+05
5.817620000000000000e+05
5.729700000000000000e+05
5.672590000000000000e+05
5.605860000000000000e+05
5.524470000000000000e+05
5.465890000000000000e+05
5.372700000000000000e+05
5.305570000000000000e+05
5.232330000000000000e+05
5.132190000000000000e+05
5.060160000000000000e+05
4.958960000000000000e+05
4.878840000000000000e+05
4.796590000000000000e+05
4.712570000000000000e+05
4.632550000000000000e+05
4.552980000000000000e+05
4.481970000000000000e+05
4.398060000000000000e+05
4.310170000000000000e+05
4.224520000000000000e+05
4.143110000000000000e+05
4.075170000000000000e+05
4.000330000000000000e+05
3.918120000000000000e+05
3.845960000000000000e+05
3.772830000000000000e+05
3.697210000000000000e+05
3.626520000000000000e+05
3.554580000000000000e+05
3.477530000000000000e+05
3.411940000000000000e+05
3.343700000000000000e+05
3.282850000000000000e+05
3.225030000000000000e+05
3.157660000000000000e+05
3.095120000000000000e+05
3.021670000000000000e+05
2.975240000000000000e+05
2.908980000000000000e+05
2.860940000000000000e+05
2.795710000000000000e+05
2.742900000000000000e+05
2.686630000000000000e+05
2.628600000000000000e+05
2.582890000000000000e+05
2.522220000000000000e+05
2.482540000000000000e+05
2.444010000000000000e+05
2.393810000000000000e+05
2.343560000000000000e+05
2.301370000000000000e+05
2.252130000000000000e+05
2.210330000000000000e+05
2.162280000000000000e+05
2.130930000000000000e+05
2.091890000000000000e+05
2.058930000000000000e+05
2.013120000000000000e+05
1.978280000000000000e+05
1.933700000000000000e+05
1.902080000000000000e+05
1.863200000000000000e+05
1.839550000000000000e+05
1.801230000000000000e+05
1.773160000000000000e+05
1.744060000000000000e+05
1.709960000000000000e+05
1.680090000000000000e+05
1.648600000000000000e+05
1.624170000000000000e+05
1.588740000000000000e+05
1.563040000000000000e+05
1.537570000000000000e+05
1.509630000000000000e+05
1.489830000000000000e+05
1.458610000000000000e+05
1.441220000000000000e+05
1.416350000000000000e+05
1.391730000000000000e+05
1.370750000000000000e+05
1.343550000000000000e+05
1.326470000000000000e+05
1.309510000000000000e+05
1.280170000000000000e+05
1.269200000000000000e+05
1.243410000000000000e+05
1.225940000000000000e+05
1.206590000000000000e+05
1.182060000000000000e+05
1.166540000000000000e+05
1.154060000000000000e+05
1.129080000000000000e+05
1.115010000000000000e+05
1.092310000000000000e+05
1.081950000000000000e+05
1.067080000000000000e+05
1.051360000000000000e+05
1.036060000000000000e+05
1.016560000000000000e+05
1.007460000000000000e+05
9.917900000000000000e+04
9.728100000000000000e+04
9.620900000000000000e+04
9.472000000000000000e+04
9.343400000000000000e+04
9.237500000000000000e+04
9.084700000000000000e+04
8.991000000000000000e+04
8.866800000000000000e+04
8.721500000000000000e+04
8.596000000000000000e+04
8.477600000000000000e+04
8.352600000000000000e+04
8.260900000000000000e+04
8.139600000000000000e+04
8.027800000000000000e+04
7.924000000000000000e+04
7.811400000000000000e+04
7.731500000000000000e+04
7.710000000000000000e+04
7.571200000000000000e+04
7.408200000000000000e+04
7.343900000000000000e+04
7.279100000000000000e+04
7.198600000000000000e+04
7.045100000000000000e+04
6.954900000000000000e+04
6.891400000000000000e+04
6.830400000000000000e+04
6.736500000000000000e+04
6.629800000000000000e+04
6.603200000000000000e+04
6.483200000000000000e+04
6.404200000000000000e+04
6.315000000000000000e+04
6.258100000000000000e+04
6.150600000000000000e+04
6.119900000000000000e+04
6.057900000000000000e+04
5.944200000000000000e+04
5.874200000000000000e+04
5.783600000000000000e+04
5.760500000000000000e+04
5.724800000000000000e+04
5.678800000000000000e+04
5.567300000000000000e+04
5.502700000000000000e+04
5.462300000000000000e+04
5.410500000000000000e+04
5.294400000000000000e+04
5.277800000000000000e+04
5.228500000000000000e+04
5.142300000000000000e+04
5.081500000000000000e+04
4.985300000000000000e+04
4.992200000000000000e+04
4.951500000000000000e+04
4.889300000000000000e+04
4.886900000000000000e+04
4.769300000000000000e+04
4.730900000000000000e+04
4.698000000000000000e+04
4.639500000000000000e+04
4.602600000000000000e+04
4.532400000000000000e+04
4.494700000000000000e+04
4.476100000000000000e+04
4.420700000000000000e+04
4.324200000000000000e+04
4.323900000000000000e+04
4.258600000000000000e+04
4.246500000000000000e+04
4.212000000000000000e+04
4.135700000000000000e+04
4.090500000000000000e+04
4.075200000000000000e+04
4.025900000000000000e+04
3.982400000000000000e+04
3.932800000000000000e+04
3.916800000000000000e+04
3.848600000000000000e+04
3.840900000000000000e+04
3.795200000000000000e+04
3.759000000000000000e+04
3.740100000000000000e+04
3.719500000000000000e+04
3.677600000000000000e+04
3.633600000000000000e+04
3.579200000000000000e+04
3.576700000000000000e+04
3.550000000000000000e+04
3.500900000000000000e+04
3.461400000000000000e+04
3.432900000000000000e+04
3.405900000000000000e+04
3.369800000000000000e+04
3.339400000000000000e+04
3.315000000000000000e+04
3.268600000000000000e+04
3.266800000000000000e+04
3.234200000000000000e+04
3.174000000000000000e+04
3.153900000000000000e+04
3.105500000000000000e+04
3.118900000000000000e+04
3.086100000000000000e+04
3.101000000000000000e+04
3.016600000000000000e+04
3.023600000000000000e+04
2.964600000000000000e+04
2.948000000000000000e+04
2.918700000000000000e+04
2.919400000000000000e+04
2.888800000000000000e+04
2.834700000000000000e+04
2.830600000000000000e+04
2.786200000000000000e+04
2.804300000000000000e+04
2.789200000000000000e+04
2.765400000000000000e+04
2.717100000000000000e+04
2.720900000000000000e+04
2.685600000000000000e+04
2.660500000000000000e+04
2.647300000000000000e+04
2.623100000000000000e+04
2.587000000000000000e+04
2.562800000000000000e+04
2.559700000000000000e+04
2.512300000000000000e+04
2.512700000000000000e+04
2.509800000000000000e+04
2.488500000000000000e+04
2.463600000000000000e+04
2.441700000000000000e+04
2.424800000000000000e+04
2.384300000000000000e+04
2.397900000000000000e+04
2.362000000000000000e+04
2.359800000000000000e+04
2.357400000000000000e+04
2.281700000000000000e+04
2.307400000000000000e+04
2.288000000000000000e+04
2.245500000000000000e+04
2.220900000000000000e+04
2.242600000000000000e+04
2.225600000000000000e+04
2.184000000000000000e+04
2.186700000000000000e+04
2.175800000000000000e+04
2.132800000000000000e+04
2.084400000000000000e+04
2.114600000000000000e+04
2.075500000000000000e+04
2.118800000000000000e+04
2.060500000000000000e+04
2.059600000000000000e+04
2.053900000000000000e+04
2.019800000000000000e+04
2.012300000000000000e+04
2.012300000000000000e+04
1.975000000000000000e+04
1.974200000000000000e+04
1.941300000000000000e+04
1.955600000000000000e+04
1.936200000000000000e+04
1.942200000000000000e+04
1.893800000000000000e+04
1.910900000000000000e+04
1.892100000000000000e+04
1.861900000000000000e+04
1.856800000000000000e+04
1.843100000000000000e+04
1.824200000000000000e+04
1.829000000000000000e+04
1.838400000000000000e+04
1.794100000000000000e+04
1.789800000000000000e+04
1.764400000000000000e+04
1.769600000000000000e+04
1.742900000000000000e+04
1.740200000000000000e+04
1.742300000000000000e+04
1.718000000000000000e+04
1.695500000000000000e+04
1.706400000000000000e+04
1.662900000000000000e+04
1.656900000000000000e+04
1.663200000000000000e+04
1.647500000000000000e+04
1.632100000000000000e+04
1.640800000000000000e+04
1.619400000000000000e+04
1.611100000000000000e+04
1.594000000000000000e+04
1.582600000000000000e+04
1.577600000000000000e+04
1.571400000000000000e+04
1.555000000000000000e+04
1.555800000000000000e+04
1.537700000000000000e+04
1.536600000000000000e+04
1.537800000000000000e+04
1.490700000000000000e+04
1.479600000000000000e+04
1.475600000000000000e+04
1.487400000000000000e+04
1.462500000000000000e+04
1.489700000000000000e+04
1.469100000000000000e+04
1.443600000000000000e+04
1.468100000000000000e+04
1.421500000000000000e+04
1.421800000000000000e+04
1.399600000000000000e+04
1.412200000000000000e+04
1.383100000000000000e+04
1.389800000000000000e+04
1.390600000000000000e+04
1.398300000000000000e+04
1.368200000000000000e+04
1.343500000000000000e+04
1.346400000000000000e+04
1.339200000000000000e+04
1.342500000000000000e+04
1.343200000000000000e+04
1.309500000000000000e+04
1.316000000000000000e+04
1.296200000000000000e+04
1.287800000000000000e+04
1.279900000000000000e+04
1.282800000000000000e+04
1.277600000000000000e+04
1.260000000000000000e+04
1.267900000000000000e+04
1.265500000000000000e+04
1.249600000000000000e+04
1.228100000000000000e+04
1.228600000000000000e+04
1.214700000000000000e+04
1.239400000000000000e+04
1.196900000000000000e+04
1.222700000000000000e+04
1.201200000000000000e+04
1.215800000000000000e+04
1.166600000000000000e+04
1.175300000000000000e+04
1.186400000000000000e+04
1.165800000000000000e+04
1.154800000000000000e+04
1.165000000000000000e+04
1.162700000000000000e+04
1.134800000000000000e+04
1.149100000000000000e+04
1.123300000000000000e+04
1.123000000000000000e+04
1.132600000000000000e+04
1.113300000000000000e+04
1.110500000000000000e+04
1.098400000000000000e+04
1.110100000000000000e+04
1.091500000000000000e+04
1.079800000000000000e+04
1.092200000000000000e+04
1.101100000000000000e+04
1.054400000000000000e+04
1.066100000000000000e+04
1.055000000000000000e+04
1.050400000000000000e+04
1.056600000000000000e+04
1.046800000000000000e+04
1.020100000000000000e+04
1.024600000000000000e+04
1.018000000000000000e+04
1.019900000000000000e+04
1.019600000000000000e+04
1.005500000000000000e+04
1.003600000000000000e+04
9.892000000000000000e+03
9.994000000000000000e+03
9.938000000000000000e+03
9.819000000000000000e+03
9.684000000000000000e+03
9.830000000000000000e+03
9.870000000000000000e+03
9.621000000000000000e+03
9.602000000000000000e+03
9.572000000000000000e+03
9.593000000000000000e+03
9.491000000000000000e+03
9.443000000000000000e+03
9.217000000000000000e+03
9.453000000000000000e+03
9.365000000000000000e+03
9.215000000000000000e+03
9.161000000000000000e+03
9.235000000000000000e+03
9.128000000000000000e+03
9.191000000000000000e+03
8.850000000000000000e+03
8.986000000000000000e+03
8.969000000000000000e+03
9.007000000000000000e+03
8.701000000000000000e+03
8.742000000000000000e+03
8.919000000000000000e+03
8.765000000000000000e+03
8.645000000000000000e+03
8.668000000000000000e+03
8.815000000000000000e+03
8.618000000000000000e+03
8.476000000000000000e+03
8.411000000000000000e+03
8.414000000000000000e+03
8.450000000000000000e+03
8.447000000000000000e+03
8.402000000000000000e+03
8.221000000000000000e+03
8.184000000000000000e+03
8.392000000000000000e+03
8.018000000000000000e+03
8.165000000000000000e+03
8.398000000000000000e+03
8.099000000000000000e+03
8.004000000000000000e+03
8.161000000000000000e+03
8.088000000000000000e+03
7.813000000000000000e+03
7.949000000000000000e+03
7.994000000000000000e+03
7.977000000000000000e+03
7.851000000000000000e+03
7.635000000000000000e+03
7.849000000000000000e+03
7.598000000000000000e+03
7.785000000000000000e+03
7.808000000000000000e+03
7.572000000000000000e+03
7.590000000000000000e+03
7.519000000000000000e+03
7.374000000000000000e+03
7.477000000000000000e+03
7.530000000000000000e+03
7.373000000000000000e+03
7.474000000000000000e+03
7.347000000000000000e+03
7.351000000000000000e+03
7.471000000000000000e+03
7.271000000000000000e+03
7.202000000000000000e+03
7.232000000000000000e+03
7.119000000000000000e+03
7.222000000000000000e+03
7.007000000000000000e+03
7.012000000000000000e+03
7.085000000000000000e+03
6.790000000000000000e+03
7.103000000000000000e+03
6.988000000000000000e+03
6.940000000000000000e+03
6.943000000000000000e+03
6.821000000000000000e+03
6.939000000000000000e+03
6.809000000000000000e+03
6.846000000000000000e+03
6.767000000000000000e+03
6.839000000000000000e+03
6.742000000000000000e+03
6.666000000000000000e+03
6.722000000000000000e+03
6.770000000000000000e+03
6.552000000000000000e+03
6.445000000000000000e+03
6.636000000000000000e+03
6.487000000000000000e+03
6.524000000000000000e+03
6.528000000000000000e+03
6.443000000000000000e+03
6.431000000000000000e+03
6.235000000000000000e+03
6.311000000000000000e+03
6.335000000000000000e+03
6.372000000000000000e+03
