6.457000000000000000e+03
6.388000000000000000e+03
6.434000000000000000e+03
6.365000000000000000e+03
6.497000000000000000e+03
6.434000000000000000e+03
6.513000000000000000e+03
6.447000000000000000e+03
6.574000000000000000e+03
6.520000000000000000e+03
6.618000000000000000e+03
6.661000000000000000e+03
6.672000000000000000e+03
6.628000000000000000e+03
6.661000000000000000e+03
6.756000000000000000e+03
6.721000000000000000e+03
6.746000000000000000e+03
6.866000000000000000e+03
6.796000000000000000e+03
6.820000000000000000e+03
6.831000000000000000e+03
6.875000000000000000e+03
6.822000000000000000e+03
7.028000000000000000e+03
7.184000000000000000e+03
7.127000000000000000e+03
7.013000000000000000e+03
7.088000000000000000e+03
7.013000000000000000e+03
7.082000000000000000e+03
7.225000000000000000e+03
7.220000000000000000e+03
7.162000000000000000e+03
7.348000000000000000e+03
7.236000000000000000e+03
7.287000000000000000e+03
7.457000000000000000e+03
7.452000000000000000e+03
7.419000000000000000e+03
7.469000000000000000e+03
7.467000000000000000e+03
7.487000000000000000e+03
7.575000000000000000e+03
7.586000000000000000e+03
7.529000000000000000e+03
7.659000000000000000e+03
7.691000000000000000e+03
7.747000000000000000e+03
7.580000000000000000e+03
7.795000000000000000e+03
7.726000000000000000e+03
7.797000000000000000e+03
7.776000000000000000e+03
7.753000000000000000e+03
7.916000000000000000e+03
7.994000000000000000e+03
8.116000000000000000e+03
8.008000000000000000e+03
8.239000000000000000e+03
8.236000000000000000e+03
8.236000000000000000e+03
8.229000000000000000e+03
8.280000000000000000e+03
8.359000000000000000e+03
8.108000000000000000e+03
8.451000000000000000e+03
8.536000000000000000e+03
8.389000000000000000e+03
8.470000000000000000e+03
8.339000000000000000e+03
8.492000000000000000e+03
8.569000000000000000e+03
8.662000000000000000e+03
8.685000000000000000e+03
8.794000000000000000e+03
8.721000000000000000e+03
8.866000000000000000e+03
8.946000000000000000e+03
9.030000000000000000e+03
9.043000000000000000e+03
8.917000000000000000e+03
8.905000000000000000e+03
9.093000000000000000e+03
9.032000000000000000e+03
9.091000000000000000e+03
9.162000000000000000e+03
9.088000000000000000e+03
9.283000000000000000e+03
9.317000000000000000e+03
9.319000000000000000e+03
9.423000000000000000e+03
9.365000000000000000e+03
9.510000000000000000e+03
9.581000000000000000e+03
9.517000000000000000e+03
9.527000000000000000e+03
9.763000000000000000e+03
9.669000000000000000e+03
9.816000000000000000e+03
9.756000000000000000e+03
9.850000000000000000e+03
9.780000000000000000e+03
9.784000000000000000e+03
1.000600000000000000e+04
1.013400000000000000e+04
1.004900000000000000e+04
1.027600000000000000e+04
1.026600000000000000e+04
1.025400000000000000e+04
1.013400000000000000e+04
1.019800000000000000e+04
1.030700000000000000e+04
1.051200000000000000e+04
1.041100000000000000e+04
1.056500000000000000e+04
1.075400000000000000e+04
1.061100000000000000e+04
1.075400000000000000e+04
1.087000000000000000e+04
1.067100000000000000e+04
1.082800000000000000e+04
1.095800000000000000e+04
1.076700000000000000e+04
1.099600000000000000e+04
1.124400000000000000e+04
1.106100000000000000e+04
1.118900000000000000e+04
1.123300000000000000e+04
1.140300000000000000e+04
1.141700000000000000e+04
1.156400000000000000e+04
1.165200000000000000e+04
1.152600000000000000e+04
1.161900000000000000e+04
1.170100000000000000e+04
1.197000000000000000e+04
1.177500000000000000e+04
1.189400000000000000e+04
1.200400000000000000e+04
1.210200000000000000e+04
1.198600000000000000e+04
1.206700000000000000e+04
1.237700000000000000e+04
1.237300000000000000e+04
1.245000000000000000e+04
1.243900000000000000e+04
1.248100000000000000e+04
1.279700000000000000e+04
1.273900000000000000e+04
1.284100000000000000e+04
1.295300000000000000e+04
1.270000000000000000e+04
1.297400000000000000e+04
1.315400000000000000e+04
1.310700000000000000e+04
1.314200000000000000e+04
1.341400000000000000e+04
1.344300000000000000e+04
1.347600000000000000e+04
1.337400000000000000e+04
1.377700000000000000e+04
1.366000000000000000e+04
1.364800000000000000e+04
1.376900000000000000e+04
1.393500000000000000e+04
1.412500000000000000e+04
1.419100000000000000e+04
1.427800000000000000e+04
1.415100000000000000e+04
1.440600000000000000e+04
1.453400000000000000e+04
1.442900000000000000e+04
1.442800000000000000e+04
1.475200000000000000e+04
1.481800000000000000e+04
1.507500000000000000e+04
1.497700000000000000e+04
1.497900000000000000e+04
1.521900000000000000e+04
1.531000000000000000e+04
1.543700000000000000e+04
1.536500000000000000e+04
1.536600000000000000e+04
1.555200000000000000e+04
1.576100000000000000e+04
1.554500000000000000e+04
1.588000000000000000e+04
1.599200000000000000e+04
1.610700000000000000e+04
1.602600000000000000e+04
1.632500000000000000e+04
1.633400000000000000e+04
1.658200000000000000e+04
1.662300000000000000e+04
1.691900000000000000e+04
1.712700000000000000e+04
1.699100000000000000e+04
1.714100000000000000e+04
1.691100000000000000e+04
1.713800000000000000e+04
1.710700000000000000e+04
1.748500000000000000e+04
1.764500000000000000e+04
1.791800000000000000e+04
1.772600000000000000e+04
1.806300000000000000e+04
1.812100000000000000e+04
1.818700000000000000e+04
1.807100000000000000e+04
1.819500000000000000e+04
1.859700000000000000e+04
1.879800000000000000e+04
1.893100000000000000e+04
1.926100000000000000e+04
1.903000000000000000e+04
1.924800000000000000e+04
1.936100000000000000e+04
1.902900000000000000e+04
1.942300000000000000e+04
1.987500000000000000e+04
1.980100000000000000e+04
2.003100000000000000e+04
1.990600000000000000e+04
2.062100000000000000e+04
2.049800000000000000e+04
2.056800000000000000e+04
2.087400000000000000e+04
2.074100000000000000e+04
2.135400000000000000e+04
2.139600000000000000e+04
2.129100000000000000e+04
2.177300000000000000e+04
2.146700000000000000e+04
2.149600000000000000e+04
2.196500000000000000e+04
2.218800000000000000e+04
2.228700000000000000e+04
2.264500000000000000e+04
2.247200000000000000e+04
2.290100000000000000e+04
2.302100000000000000e+04
2.317800000000000000e+04
2.345100000000000000e+04
2.359200000000000000e+04
2.362100000000000000e+04
2.394400000000000000e+04
2.422200000000000000e+04
2.452700000000000000e+04
2.442200000000000000e+04
2.447900000000000000e+04
2.493200000000000000e+04
2.520700000000000000e+04
2.527000000000000000e+04
2.531500000000000000e+04
2.558500000000000000e+04
2.580900000000000000e+04
2.622900000000000000e+04
2.632000000000000000e+04
2.647000000000000000e+04
2.665500000000000000e+04
2.694200000000000000e+04
2.690000000000000000e+04
2.718700000000000000e+04
2.738900000000000000e+04
2.773500000000000000e+04
2.796600000000000000e+04
2.812600000000000000e+04
2.841500000000000000e+04
2.867700000000000000e+04
2.902800000000000000e+04
2.897200000000000000e+04
2.943300000000000000e+04
2.974000000000000000e+04
2.989300000000000000e+04
3.011400000000000000e+04
3.028100000000000000e+04
3.053000000000000000e+04
3.089400000000000000e+04
3.124100000000000000e+04
3.161800000000000000e+04
3.203700000000000000e+04
3.206800000000000000e+04
3.240000000000000000e+04
3.255200000000000000e+04
3.310900000000000000e+04
3.302700000000000000e+04
3.368400000000000000e+04
3.361900000000000000e+04
3.388200000000000000e+04
3.450300000000000000e+04
3.436800000000000000e+04
3.467100000000000000e+04
3.479800000000000000e+04
3.560200000000000000e+04
3.573900000000000000e+04
3.591100000000000000e+04
3.691800000000000000e+04
3.705900000000000000e+04
3.728200000000000000e+04
3.800600000000000000e+04
3.777700000000000000e+04
3.792800000000000000e+04
3.865000000000000000e+04
3.897900000000000000e+04
3.937700000000000000e+04
3.986700000000000000e+04
4.022500000000000000e+04
4.085900000000000000e+04
4.105300000000000000e+04
4.147100000000000000e+04
4.202100000000000000e+04
4.234800000000000000e+04
4.255200000000000000e+04
4.288200000000000000e+04
4.366000000000000000e+04
4.385100000000000000e+04
4.446400000000000000e+04
4.499200000000000000e+04
4.513500000000000000e+04
4.579400000000000000e+04
4.651100000000000000e+04
4.685000000000000000e+04
4.692300000000000000e+04
4.777000000000000000e+04
4.830000000000000000e+04
4.863800000000000000e+04
4.935800000000000000e+04
5.019800000000000000e+04
5.034700000000000000e+04
5.096300000000000000e+04
5.165400000000000000e+04
5.216000000000000000e+04
5.265100000000000000e+04
5.346500000000000000e+04
5.354500000000000000e+04
5.439400000000000000e+04
5.492100000000000000e+04
5.510300000000000000e+04
5.618800000000000000e+04
5.711200000000000000e+04
5.772600000000000000e+04
5.826200000000000000e+04
5.940600000000000000e+04
5.949800000000000000e+04
6.020200000000000000e+04
6.130200000000000000e+04
6.202600000000000000e+04
6.250100000000000000e+04
6.345800000000000000e+04
6.408100000000000000e+04
6.452500000000000000e+04
6.566900000000000000e+04
6.614600000000000000e+04
6.751400000000000000e+04
6.817200000000000000e+04
6.911000000000000000e+04
7.014900000000000000e+04
7.053400000000000000e+04
7.122200000000000000e+04
7.243500000000000000e+04
7.324600000000000000e+04
7.410100000000000000e+04
7.518000000000000000e+04
7.628100000000000000e+04
7.732500000000000000e+04
7.832600000000000000e+04
7.927100000000000000e+04
8.061100000000000000e+04
8.138200000000000000e+04
8.288300000000000000e+04
8.350100000000000000e+04
8.508300000000000000e+04
8.592400000000000000e+04
8.706400000000000000e+04
8.865900000000000000e+04
8.988400000000000000e+04
9.076800000000000000e+04
9.216100000000000000e+04
9.377900000000000000e+04
9.473900000000000000e+04
9.607200000000000000e+04
9.728000000000000000e+04
9.908200000000000000e+04
1.006390000000000000e+05
1.019720000000000000e+05
1.036060000000000000e+05
1.048320000000000000e+05
1.074420000000000000e+05
1.075600000000000000e+05
1.093230000000000000e+05
1.116100000000000000e+05
1.135320000000000000e+05
1.154010000000000000e+05
1.168440000000000000e+05
1.184310000000000000e+05
1.200840000000000000e+05
1.225240000000000000e+05
1.239590000000000000e+05
1.264160000000000000e+05
1.281150000000000000e+05
1.304750000000000000e+05
1.329060000000000000e+05
1.341580000000000000e+05
1.373170000000000000e+05
1.392820000000000000e+05
1.419410000000000000e+05
1.436000000000000000e+05
1.468370000000000000e+05
1.491890000000000000e+05
1.513710000000000000e+05
1.541930000000000000e+05
1.565970000000000000e+05
1.595210000000000000e+05
1.615000000000000000e+05
1.647210000000000000e+05
1.677270000000000000e+05
1.709560000000000000e+05
1.740100000000000000e+05
1.770020000000000000e+05
1.808350000000000000e+05
1.831100000000000000e+05
1.874110000000000000e+05
1.905100000000000000e+05
1.939860000000000000e+05
1.973670000000000000e+05
2.011990000000000000e+05
2.053730000000000000e+05
2.083420000000000000e+05
2.127450000000000000e+05
2.173820000000000000e+05
2.215930000000000000e+05
2.249210000000000000e+05
2.298250000000000000e+05
2.342980000000000000e+05
2.390050000000000000e+05
2.431930000000000000e+05
2.493320000000000000e+05
2.537950000000000000e+05
2.581080000000000000e+05
2.641140000000000000e+05
2.688560000000000000e+05
2.745130000000000000e+05
2.796900000000000000e+05
2.855440000000000000e+05
2.908570000000000000e+05
2.961950000000000000e+05
3.020790000000000000e+05
3.085860000000000000e+05
3.153890000000000000e+05
3.217500000000000000e+05
3.276370000000000000e+05
3.342090000000000000e+05
3.415690000000000000e+05
3.483480000000000000e+05
3.555400000000000000e+05
3.629050000000000000e+05
3.701710000000000000e+05
3.764670000000000000e+05
3.851770000000000000e+05
3.926930000000000000e+05
3.996210000000000000e+05
4.068130000000000000e+05
4.158140000000000000e+05
4.233600000000000000e+05
4.324240000000000000e+05
4.384820000000000000e+05
4.473760000000000000e+05
4.550250000000000000e+05
4.638910000000000000e+05
4.714710000000000000e+05
4.801950000000000000e+05
4.884530000000000000e+05
4.965180000000000000e+05
5.045970000000000000e+05
5.119950000000000000e+05
5.203870000000000000e+05
5.292460000000000000e+05
5.381870000000000000e+05
5.446950000000000000e+05
5.527130000000000000e+05
5.596210000000000000e+05
5.679660000000000000e+05
5.743950000000000000e+05
5.809120000000000000e+05
5.880990000000000000e+05
5.934490000000000000e+05
6.003510000000000000e+05
6.040550000000000000e+05
6.083400000000000000e+05
6.149480000000000000e+05
6.182950000000000000e+05
6.228140000000000000e+05
6.248700000000000000e+05
6.298750000000000000e+05
6.322400000000000000e+05
6.327580000000000000e+05
6.329520000000000000e+05
6.363570000000000000e+05
6.376690000000000000e+05
6.355330000000000000e+05
6.372120000000000000e+05
6.340490000000000000e+05
6.339200000000000000e+05
6.306540000000000000e+05
6.290350000000000000e+05
6.267270000000000000e+05
6.225840000000000000e+05
6.179790000000000000e+05
6.142960000000000000e+05
6.099490000000000000e+05
6.043510000000000000e+05
5.991310000000000000e+05
5.948470000000000000e+05
5.870420000000000000e+05
5.807080000000000000e+05
5.761140000000000000e+05
5.679200000000000000e+05
5.608940000000000000e+05
5.528510000000000000e+05
5.433300000000000000e+05
5.370840000000000000e+05
5.285480000000000000e+05
5.211410000000000000e+05
5.143730000000000000e+05
5.069650000000000000e+05
4.968650000000000000e+05
4.900180000000000000e+05
4.792020000000000000e+05
4.718840000000000000e+05
4.631290000000000000e+05
4.565430000000000000e+05
4.483570000000000000e+05
4.397610000000000000e+05
4.323530000000000000e+05
4.227290000000000000e+05
4.152140000000000000e+05
4.068880000000000000e+05
3.990380000000000000e+05
3.920800000000000000e+05
3.846950000000000000e+05
3.778470000000000000e+05
3.699310000000000000e+05
3.615600000000000000e+05
3.546920000000000000e+05
3.483980000000000000e+05
3.415160000000000000e+05
3.346270000000000000e+05
3.269710000000000000e+05
3.209700000000000000e+05
3.145960000000000000e+05
3.080310000000000000e+05
3.025820000000000000e+05
2.960160000000000000e+05
2.902180000000000000e+05
2.848300000000000000e+05
2.803250000000000000e+05
2.750310000000000000e+05
2.691870000000000000e+05
2.634280000000000000e+05
2.587530000000000000e+05
2.535790000000000000e+05
2.483440000000000000e+05
2.445070000000000000e+05
2.397260000000000000e+05
2.339420000000000000e+05
2.298610000000000000e+05
2.254740000000000000e+05
2.214560000000000000e+05
2.176240000000000000e+05
2.130140000000000000e+05
2.085190000000000000e+05
2.042970000000000000e+05
2.008160000000000000e+05
1.979020000000000000e+05
1.938480000000000000e+05
1.902060000000000000e+05
1.878170000000000000e+05
1.847150000000000000e+05
1.804070000000000000e+05
1.776840000000000000e+05
1.746040000000000000e+05
1.707580000000000000e+05
1.681210000000000000e+05
1.653030000000000000e+05
1.617130000000000000e+05
1.595700000000000000e+05
1.566670000000000000e+05
1.542590000000000000e+05
1.517570000000000000e+05
1.489680000000000000e+05
1.470450000000000000e+05
1.444050000000000000e+05
1.417340000000000000e+05
1.389370000000000000e+05
1.376610000000000000e+05
1.347720000000000000e+05
1.323550000000000000e+05
1.306190000000000000e+05
1.281530000000000000e+05
1.260080000000000000e+05
1.242340000000000000e+05
1.229050000000000000e+05
1.198480000000000000e+05
1.183640000000000000e+05
1.159020000000000000e+05
1.143300000000000000e+05
1.131190000000000000e+05
1.115810000000000000e+05
1.102100000000000000e+05
1.081360000000000000e+05
1.064230000000000000e+05
1.047640000000000000e+05
1.040330000000000000e+05
1.016840000000000000e+05
1.003500000000000000e+05
9.910800000000000000e+04
9.752400000000000000e+04
9.642600000000000000e+04
9.437900000000000000e+04
9.395300000000000000e+04
9.196600000000000000e+04
9.107800000000000000e+04
8.986800000000000000e+04
8.852000000000000000e+04
8.735400000000000000e+04
8.623800000000000000e+04
8.453700000000000000e+04
8.366500000000000000e+04
8.269800000000000000e+04
8.164000000000000000e+04
8.075400000000000000e+04
7.942900000000000000e+04
7.796800000000000000e+04
7.726600000000000000e+04
7.635100000000000000e+04
7.534600000000000000e+04
7.463300000000000000e+04
7.301400000000000000e+04
7.196800000000000000e+04
7.183300000000000000e+04
6.997400000000000000e+04
6.969300000000000000e+04
6.886500000000000000e+04
6.788700000000000000e+04
6.709800000000000000e+04
6.598600000000000000e+04
6.564500000000000000e+04
6.471300000000000000e+04
6.393100000000000000e+04
6.352700000000000000e+04
6.272100000000000000e+04
6.172500000000000000e+04
6.082200000000000000e+04
6.010600000000000000e+04
5.930300000000000000e+04
5.896900000000000000e+04
5.845200000000000000e+04
5.778500000000000000e+04
5.718000000000000000e+04
5.631600000000000000e+04
5.632700000000000000e+04
5.487900000000000000e+04
5.424500000000000000e+04
5.398700000000000000e+04
5.326800000000000000e+04
5.220400000000000000e+04
5.227000000000000000e+04
5.172800000000000000e+04
5.090900000000000000e+04
5.055200000000000000e+04
5.003600000000000000e+04
4.934100000000000000e+04
4.877600000000000000e+04
4.822500000000000000e+04
4.806500000000000000e+04
4.749500000000000000e+04
4.712400000000000000e+04
4.627000000000000000e+04
4.603600000000000000e+04
4.531500000000000000e+04
4.489900000000000000e+04
4.435100000000000000e+04
4.358400000000000000e+04
4.333900000000000000e+04
4.306300000000000000e+04
4.289600000000000000e+04
4.247700000000000000e+04
4.170800000000000000e+04
4.143900000000000000e+04
4.079600000000000000e+04
4.063200000000000000e+04
4.041400000000000000e+04
4.002600000000000000e+04
3.949500000000000000e+04
3.922100000000000000e+04
3.857600000000000000e+04
3.810600000000000000e+04
3.800300000000000000e+04
3.763100000000000000e+04
3.746700000000000000e+04
3.676700000000000000e+04
3.634400000000000000e+04
3.622100000000000000e+04
3.588000000000000000e+04
3.556900000000000000e+04
3.513600000000000000e+04
3.471900000000000000e+04
3.444600000000000000e+04
3.422800000000000000e+04
3.404600000000000000e+04
3.390000000000000000e+04
3.368700000000000000e+04
3.325700000000000000e+04
3.274900000000000000e+04
3.244300000000000000e+04
3.253200000000000000e+04
3.188100000000000000e+04
3.172500000000000000e+04
3.130300000000000000e+04
3.115800000000000000e+04
3.075300000000000000e+04
3.070600000000000000e+04
3.035800000000000000e+04
3.007700000000000000e+04
2.998100000000000000e+04
2.941000000000000000e+04
2.924900000000000000e+04
2.926100000000000000e+04
2.898600000000000000e+04
2.867900000000000000e+04
2.830000000000000000e+04
2.815400000000000000e+04
2.787800000000000000e+04
2.788500000000000000e+04
2.742500000000000000e+04
2.721800000000000000e+04
2.726000000000000000e+04
2.677100000000000000e+04
2.658600000000000000e+04
2.628800000000000000e+04
2.609600000000000000e+04
2.597900000000000000e+04
2.548500000000000000e+04
2.566700000000000000e+04
2.549600000000000000e+04
2.488800000000000000e+04
2.493900000000000000e+04
2.460400000000000000e+04
2.446700000000000000e+04
2.446900000000000000e+04
2.405700000000000000e+04
2.395000000000000000e+04
2.385900000000000000e+04
2.356800000000000000e+04
2.355800000000000000e+04
2.322500000000000000e+04
2.300300000000000000e+04
2.302400000000000000e+04
2.272200000000000000e+04
2.238900000000000000e+04
2.253700000000000000e+04
2.223800000000000000e+04
2.210400000000000000e+04
2.193100000000000000e+04
2.165900000000000000e+04
2.172600000000000000e+04
2.141000000000000000e+04
2.105800000000000000e+04
2.149500000000000000e+04
2.111800000000000000e+04
2.064300000000000000e+04
2.067500000000000000e+04
2.045800000000000000e+04
2.021000000000000000e+04
2.033200000000000000e+04
2.012600000000000000e+04
2.031400000000000000e+04
1.981100000000000000e+04
1.960700000000000000e+04
1.961000000000000000e+04
1.935900000000000000e+04
1.915300000000000000e+04
1.924900000000000000e+04
1.917300000000000000e+04
1.865600000000000000e+04
1.882000000000000000e+04
1.861500000000000000e+04
1.858700000000000000e+04
1.823900000000000000e+04
1.842200000000000000e+04
1.822600000000000000e+04
1.781700000000000000e+04
1.779800000000000000e+04
1.801300000000000000e+04
1.781400000000000000e+04
1.754600000000000000e+04
1.767000000000000000e+04
1.738000000000000000e+04
1.700100000000000000e+04
1.709800000000000000e+04
1.694300000000000000e+04
1.682900000000000000e+04
1.697200000000000000e+04
1.680800000000000000e+04
1.638100000000000000e+04
1.664500000000000000e+04
1.643100000000000000e+04
1.622200000000000000e+04
1.621600000000000000e+04
1.620300000000000000e+04
1.616600000000000000e+04
1.611500000000000000e+04
1.582600000000000000e+04
1.561900000000000000e+04
1.553900000000000000e+04
1.550900000000000000e+04
1.529400000000000000e+04
1.538800000000000000e+04
1.508700000000000000e+04
1.532200000000000000e+04
1.513900000000000000e+04
1.491000000000000000e+04
1.469400000000000000e+04
1.486100000000000000e+04
1.444800000000000000e+04
1.454100000000000000e+04
1.441800000000000000e+04
1.463500000000000000e+04
1.436800000000000000e+04
1.428300000000000000e+04
1.397000000000000000e+04
1.415800000000000000e+04
1.399100000000000000e+04
1.420100000000000000e+04
1.372000000000000000e+04
1.381500000000000000e+04
1.355800000000000000e+04
1.346000000000000000e+04
1.359700000000000000e+04
1.357400000000000000e+04
1.345400000000000000e+04
1.309400000000000000e+04
1.325100000000000000e+04
1.317600000000000000e+04
1.295900000000000000e+04
1.316300000000000000e+04
1.309500000000000000e+04
1.292700000000000000e+04
1.299500000000000000e+04
1.289000000000000000e+04
1.287400000000000000e+04
1.248200000000000000e+04
1.253800000000000000e+04
1.229000000000000000e+04
1.234600000000000000e+04
1.234400000000000000e+04
1.215000000000000000e+04
1.206000000000000000e+04
1.225200000000000000e+04
1.188600000000000000e+04
1.189600000000000000e+04
1.172100000000000000e+04
1.181100000000000000e+04
1.203700000000000000e+04
1.170100000000000000e+04
1.156700000000000000e+04
1.164300000000000000e+04
1.135300000000000000e+04
1.146300000000000000e+04
1.156800000000000000e+04
1.149600000000000000e+04
1.130900000000000000e+04
1.140400000000000000e+04
1.119800000000000000e+04
1.083300000000000000e+04
1.115400000000000000e+04
1.089400000000000000e+04
1.102900000000000000e+04
1.078100000000000000e+04
1.082600000000000000e+04
1.082800000000000000e+04
1.075500000000000000e+04
1.048000000000000000e+04
1.061500000000000000e+04
1.061100000000000000e+04
1.039500000000000000e+04
1.024400000000000000e+04
1.018000000000000000e+04
1.024400000000000000e+04
1.017600000000000000e+04
1.018800000000000000e+04
1.011600000000000000e+04
1.005800000000000000e+04
1.007300000000000000e+04
9.964000000000000000e+03
9.886000000000000000e+03
9.992000000000000000e+03
9.904000000000000000e+03
9.935000000000000000e+03
9.936000000000000000e+03
9.711000000000000000e+03
9.677000000000000000e+03
9.799000000000000000e+03
9.493000000000000000e+03
9.504000000000000000e+03
9.572000000000000000e+03
9.360000000000000000e+03
9.346000000000000000e+03
9.486000000000000000e+03
9.382000000000000000e+03
9.173000000000000000e+03
9.171000000000000000e+03
9.115000000000000000e+03
9.345000000000000000e+03
9.384000000000000000e+03
9.096000000000000000e+03
9.011000000000000000e+03
9.146000000000000000e+03
8.857000000000000000e+03
8.844000000000000000e+03
8.721000000000000000e+03
8.701000000000000000e+03
8.732000000000000000e+03
8.746000000000000000e+03
8.590000000000000000e+03
8.760000000000000000e+03
8.660000000000000000e+03
8.499000000000000000e+03
8.629000000000000000e+03
8.389000000000000000e+03
8.492000000000000000e+03
8.330000000000000000e+03
8.309000000000000000e+03
8.357000000000000000e+03
8.148000000000000000e+03
8.329000000000000000e+03
8.204000000000000000e+03
8.178000000000000000e+03
8.157000000000000000e+03
8.084000000000000000e+03
8.022000000000000000e+03
8.071000000000000000e+03
7.969000000000000000e+03
8.024000000000000000e+03
8.067000000000000000e+03
7.813000000000000000e+03
7.819000000000000000e+03
7.902000000000000000e+03
7.931000000000000000e+03
7.665000000000000000e+03
7.576000000000000000e+03
7.729000000000000000e+03
7.552000000000000000e+03
7.557000000000000000e+03
7.601000000000000000e+03
7.410000000000000000e+03
7.384000000000000000e+03
7.468000000000000000e+03
7.469000000000000000e+03
7.370000000000000000e+03
7.425000000000000000e+03
7.373000000000000000e+03
7.378000000000000000e+03
7.305000000000000000e+03
7.195000000000000000e+03
7.154000000000000000e+03
7.083000000000000000e+03
7.266000000000000000e+03
7.253000000000000000e+03
6.918000000000000000e+03
7.051000000000000000e+03
7.059000000000000000e+03
7.134000000000000000e+03
6.904000000000000000e+03
6.988000000000000000e+03
6.906000000000000000e+03
6.878000000000000000e+03
6.762000000000000000e+03
6.931000000000000000e+03
6.801000000000000000e+03
6.880000000000000000e+03
6.751000000000000000e+03
6.783000000000000000e+03
6.746000000000000000e+03
6.703000000000000000e+03
6.614000000000000000e+03
6.668000000000000000e+03
6.574000000000000000e+03
6.599000000000000000e+03
6.470000000000000000e+03
6.463000000000000000e+03
6.383000000000000000e+03
6.506000000000000000e+03
6.478000000000000000e+03
6.431000000000000000e+03
6.438000000000000000e+03
6.283000000000000000e+03
6.203000000000000000e+03
6.369000000000000000e+03
