6.408400000000000000e+04
6.654400000000000000e+04
6.982200000000000000e+04
7.267000000000000000e+04
7.639300000000000000e+04
7.937100000000000000e+04
8.353700000000000000e+04
8.652200000000000000e+04
9.094900000000000000e+04
9.561100000000000000e+04
1.001880000000000000e+05
1.047760000000000000e+05
1.119310000000000000e+05
1.171160000000000000e+05
1.243920000000000000e+05
1.317290000000000000e+05
1.385630000000000000e+05
1.463880000000000000e+05
1.565570000000000000e+05
1.659530000000000000e+05
1.779670000000000000e+05
1.903500000000000000e+05
2.035900000000000000e+05
2.182110000000000000e+05
2.356800000000000000e+05
2.551850000000000000e+05
2.762080000000000000e+05
2.990100000000000000e+05
3.275320000000000000e+05
3.573230000000000000e+05
3.932510000000000000e+05
4.323860000000000000e+05
4.808060000000000000e+05
5.360040000000000000e+05
6.002110000000000000e+05
6.769900000000000000e+05
7.687130000000000000e+05
8.813410000000000000e+05
1.013321000000000000e+06
1.178533000000000000e+06
1.383189000000000000e+06
1.638527000000000000e+06
1.961074000000000000e+06
2.371318000000000000e+06
2.887204000000000000e+06
3.523729000000000000e+06
4.276614000000000000e+06
5.092531000000000000e+06
5.827443000000000000e+06
6.288407000000000000e+06
6.285087000000000000e+06
5.830486000000000000e+06
5.085787000000000000e+06
4.277786000000000000e+06
3.521408000000000000e+06
2.885241000000000000e+06
2.367199000000000000e+06
1.962590000000000000e+06
1.639703000000000000e+06
1.380948000000000000e+06
1.179327000000000000e+06
1.014125000000000000e+06
8.797680000000000000e+05
7.681710000000000000e+05
6.764400000000000000e+05
6.020120000000000000e+05
5.346150000000000000e+05
4.802860000000000000e+05
4.328320000000000000e+05
3.936590000000000000e+05
3.573130000000000000e+05
3.274800000000000000e+05
3.002080000000000000e+05
2.757990000000000000e+05
2.551240000000000000e+05
2.361670000000000000e+05
2.179720000000000000e+05
2.041200000000000000e+05
1.906080000000000000e+05
1.778840000000000000e+05
1.664310000000000000e+05
1.569350000000000000e+05
1.465450000000000000e+05
1.389700000000000000e+05
1.311770000000000000e+05
1.235420000000000000e+05
1.169270000000000000e+05
1.118560000000000000e+05
1.056000000000000000e+05
9.986300000000000000e+04
9.496400000000000000e+04
9.069300000000000000e+04
8.696400000000000000e+04
8.277300000000000000e+04
7.917000000000000000e+04
7.554400000000000000e+04
7.302800000000000000e+04
6.974000000000000000e+04
6.662500000000000000e+04
6.415500000000000000e+04
