6.413700000000000000e+04
6.722500000000000000e+04
7.003900000000000000e+04
7.274300000000000000e+04
7.665100000000000000e+04
7.899900000000000000e+04
8.259300000000000000e+04
8.724000000000000000e+04
9.167400000000000000e+04
9.568100000000000000e+04
1.005230000000000000e+05
1.057880000000000000e+05
1.115640000000000000e+05
1.181730000000000000e+05
1.240740000000000000e+05
1.303790000000000000e+05
1.380250000000000000e+05
1.468500000000000000e+05
1.567770000000000000e+05
1.664840000000000000e+05
1.781090000000000000e+05
1.897140000000000000e+05
2.032760000000000000e+05
2.191910000000000000e+05
2.359130000000000000e+05
2.555730000000000000e+05
2.759860000000000000e+05
3.002310000000000000e+05
3.276780000000000000e+05
3.589150000000000000e+05
3.933320000000000000e+05
4.333600000000000000e+05
4.798310000000000000e+05
5.375740000000000000e+05
6.009560000000000000e+05
6.779700000000000000e+05
7.688970000000000000e+05
8.795870000000000000e+05
1.012729000000000000e+06
1.177456000000000000e+06
1.382951000000000000e+06
1.639513000000000000e+06
1.963736000000000000e+06
2.370977000000000000e+06
2.882824000000000000e+06
3.520456000000000000e+06
4.274531000000000000e+06
5.089414000000000000e+06
5.828315000000000000e+06
6.282988000000000000e+06
6.283647000000000000e+06
5.828762000000000000e+06
5.088455000000000000e+06
4.275800000000000000e+06
3.521452000000000000e+06
2.888402000000000000e+06
2.370719000000000000e+06
1.961709000000000000e+06
1.639468000000000000e+06
1.381973000000000000e+06
1.178170000000000000e+06
1.012604000000000000e+06
8.799440000000000000e+05
7.683530000000000000e+05
6.766180000000000000e+05
6.011750000000000000e+05
5.362640000000000000e+05
4.811590000000000000e+05
4.340170000000000000e+05
3.942200000000000000e+05
3.575250000000000000e+05
3.265880000000000000e+05
2.997010000000000000e+05
2.750740000000000000e+05
2.548930000000000000e+05
2.354200000000000000e+05
2.191080000000000000e+05
2.039550000000000000e+05
1.895510000000000000e+05
1.778280000000000000e+05
1.663330000000000000e+05
1.560170000000000000e+05
1.475240000000000000e+05
1.393280000000000000e+05
1.310160000000000000e+05
1.236350000000000000e+05
1.172210000000000000e+05
1.111280000000000000e+05
1.062910000000000000e+05
1.004470000000000000e+05
9.567000000000000000e+04
9.090300000000000000e+04
8.709300000000000000e+04
8.317800000000000000e+04
7.948200000000000000e+04
7.542900000000000000e+04
7.246800000000000000e+04
7.004500000000000000e+04
6.717700000000000000e+04
6.438500000000000000e+04
