6.459900000000000000e+04
6.681200000000000000e+04
7.002600000000000000e+04
7.282800000000000000e+04
7.620700000000000000e+04
7.921300000000000000e+04
8.341800000000000000e+04
8.668600000000000000e+04
9.119300000000000000e+04
9.519200000000000000e+04
1.004910000000000000e+05
1.055450000000000000e+05
1.109330000000000000e+05
1.173980000000000000e+05
1.233760000000000000e+05
1.307880000000000000e+05
1.391240000000000000e+05
1.472680000000000000e+05
1.562510000000000000e+05
1.668910000000000000e+05
1.770710000000000000e+05
1.906870000000000000e+05
2.034660000000000000e+05
2.183230000000000000e+05
2.353850000000000000e+05
2.552970000000000000e+05
2.756740000000000000e+05
2.990300000000000000e+05
3.259850000000000000e+05
3.578500000000000000e+05
3.942730000000000000e+05
4.336740000000000000e+05
4.812730000000000000e+05
5.362000000000000000e+05
6.014750000000000000e+05
6.770700000000000000e+05
7.692520000000000000e+05
8.798680000000000000e+05
1.013280000000000000e+06
1.179027000000000000e+06
1.382611000000000000e+06
1.641535000000000000e+06
1.963591000000000000e+06
2.369676000000000000e+06
2.885789000000000000e+06
3.520303000000000000e+06
4.272849000000000000e+06
5.092727000000000000e+06
5.829731000000000000e+06
6.283232000000000000e+06
6.281112000000000000e+06
5.829367000000000000e+06
5.090637000000000000e+06
4.277479000000000000e+06
3.522727000000000000e+06
2.884652000000000000e+06
2.370526000000000000e+06
1.960442000000000000e+06
1.639446000000000000e+06
1.380985000000000000e+06
1.178588000000000000e+06
1.013585000000000000e+06
8.783470000000000000e+05
7.672990000000000000e+05
6.776740000000000000e+05
6.010650000000000000e+05
5.360100000000000000e+05
4.806110000000000000e+05
4.334170000000000000e+05
3.943180000000000000e+05
3.576430000000000000e+05
3.261260000000000000e+05
2.989770000000000000e+05
2.765030000000000000e+05
2.548120000000000000e+05
2.362390000000000000e+05
2.193230000000000000e+05
2.034860000000000000e+05
1.902150000000000000e+05
1.783530000000000000e+05
1.667330000000000000e+05
1.563620000000000000e+05
1.467290000000000000e+05
1.389530000000000000e+05
1.307780000000000000e+05
1.238160000000000000e+05
1.173320000000000000e+05
1.113610000000000000e+05
1.053640000000000000e+05
1.007500000000000000e+05
9.533000000000000000e+04
9.103500000000000000e+04
8.663800000000000000e+04
8.309900000000000000e+04
7.976100000000000000e+04
7.631400000000000000e+04
7.287300000000000000e+04
6.975500000000000000e+04
6.701500000000000000e+04
6.442700000000000000e+04
