6.447200000000000000e+04
6.676100000000000000e+04
7.004600000000000000e+04
7.324000000000000000e+04
7.577700000000000000e+04
7.928400000000000000e+04
8.290600000000000000e+04
8.660900000000000000e+04
9.139400000000000000e+04
9.528100000000000000e+04
9.988300000000000000e+04
1.059980000000000000e+05
1.109560000000000000e+05
1.171450000000000000e+05
1.242230000000000000e+05
1.311370000000000000e+05
1.390050000000000000e+05
1.478170000000000000e+05
1.564670000000000000e+05
1.658390000000000000e+05
1.775300000000000000e+05
1.904560000000000000e+05
2.048280000000000000e+05
2.185960000000000000e+05
2.355730000000000000e+05
2.541580000000000000e+05
2.762050000000000000e+05
3.003020000000000000e+05
3.274490000000000000e+05
3.577530000000000000e+05
3.916090000000000000e+05
4.317020000000000000e+05
4.807350000000000000e+05
5.357610000000000000e+05
5.990210000000000000e+05
6.761730000000000000e+05
7.682980000000000000e+05
8.803990000000000000e+05
1.012093000000000000e+06
1.177515000000000000e+06
1.385506000000000000e+06
1.637268000000000000e+06
1.961844000000000000e+06
2.371239000000000000e+06
2.884606000000000000e+06
3.520359000000000000e+06
4.275337000000000000e+06
5.092203000000000000e+06
5.828774000000000000e+06
6.281423000000000000e+06
6.282274000000000000e+06
5.829471000000000000e+06
5.092271000000000000e+06
4.278448000000000000e+06
3.522237000000000000e+06
2.886651000000000000e+06
2.372008000000000000e+06
1.962060000000000000e+06
1.638302000000000000e+06
1.384084000000000000e+06
1.178156000000000000e+06
1.013787000000000000e+06
8.788060000000000000e+05
7.698790000000000000e+05
6.775500000000000000e+05
6.004350000000000000e+05
5.357960000000000000e+05
4.814310000000000000e+05
4.343810000000000000e+05
3.930260000000000000e+05
3.573630000000000000e+05
3.271530000000000000e+05
3.000800000000000000e+05
2.760900000000000000e+05
2.541710000000000000e+05
2.356800000000000000e+05
2.188340000000000000e+05
2.046610000000000000e+05
1.900580000000000000e+05
1.775970000000000000e+05
1.667550000000000000e+05
1.563410000000000000e+05
1.480170000000000000e+05
1.385970000000000000e+05
1.313850000000000000e+05
1.244770000000000000e+05
1.172590000000000000e+05
1.114780000000000000e+05
1.064540000000000000e+05
1.004960000000000000e+05
9.519800000000000000e+04
9.121200000000000000e+04
8.685200000000000000e+04
8.308400000000000000e+04
7.891700000000000000e+04
7.619600000000000000e+04
7.272800000000000000e+04
6.921600000000000000e+04
6.700400000000000000e+04
6.441000000000000000e+04
