6.416400000000000000e+04
6.664600000000000000e+04
6.991900000000000000e+04
7.302700000000000000e+04
7.582900000000000000e+04
7.931900000000000000e+04
8.284900000000000000e+04
8.693500000000000000e+04
9.135200000000000000e+04
9.538500000000000000e+04
1.005600000000000000e+05
1.054450000000000000e+05
1.112120000000000000e+05
1.178130000000000000e+05
1.236310000000000000e+05
1.306720000000000000e+05
1.384150000000000000e+05
1.471940000000000000e+05
1.565010000000000000e+05
1.666260000000000000e+05
1.782770000000000000e+05
1.903810000000000000e+05
2.038770000000000000e+05
2.189680000000000000e+05
2.361470000000000000e+05
2.548040000000000000e+05
2.747740000000000000e+05
3.000730000000000000e+05
3.264400000000000000e+05
3.585770000000000000e+05
3.925020000000000000e+05
4.338870000000000000e+05
4.803990000000000000e+05
5.360780000000000000e+05
5.997100000000000000e+05
6.772990000000000000e+05
7.700800000000000000e+05
8.792010000000000000e+05
1.013159000000000000e+06
1.179400000000000000e+06
1.382994000000000000e+06
1.638419000000000000e+06
1.961206000000000000e+06
2.370077000000000000e+06
2.885307000000000000e+06
3.522186000000000000e+06
4.274176000000000000e+06
5.090143000000000000e+06
5.827932000000000000e+06
6.282857000000000000e+06
6.286859000000000000e+06
5.827795000000000000e+06
5.090840000000000000e+06
4.274108000000000000e+06
3.522160000000000000e+06
2.882809000000000000e+06
2.373882000000000000e+06
1.962116000000000000e+06
1.641583000000000000e+06
1.382087000000000000e+06
1.179700000000000000e+06
1.012555000000000000e+06
8.802190000000000000e+05
7.699410000000000000e+05
6.770490000000000000e+05
6.013690000000000000e+05
5.355740000000000000e+05
4.814120000000000000e+05
4.343010000000000000e+05
3.942870000000000000e+05
3.574920000000000000e+05
3.278920000000000000e+05
2.995450000000000000e+05
2.763200000000000000e+05
2.548660000000000000e+05
2.368390000000000000e+05
2.190660000000000000e+05
2.033720000000000000e+05
1.898110000000000000e+05
1.779430000000000000e+05
1.662670000000000000e+05
1.563670000000000000e+05
1.475870000000000000e+05
1.392400000000000000e+05
1.307630000000000000e+05
1.234330000000000000e+05
1.172940000000000000e+05
1.112700000000000000e+05
1.057200000000000000e+05
9.995700000000000000e+04
9.598500000000000000e+04
9.106100000000000000e+04
8.666000000000000000e+04
8.280500000000000000e+04
7.958300000000000000e+04
7.631100000000000000e+04
7.248600000000000000e+04
6.980400000000000000e+04
6.714700000000000000e+04
6.436300000000000000e+04
