6.281000000000000000e+03
6.436000000000000000e+03
6.424000000000000000e+03
6.472000000000000000e+03
6.382000000000000000e+03
6.380000000000000000e+03
6.371000000000000000e+03
6.602000000000000000e+03
6.494000000000000000e+03
6.560000000000000000e+03
6.490000000000000000e+03
6.686000000000000000e+03
6.708000000000000000e+03
6.577000000000000000e+03
6.551000000000000000e+03
6.660000000000000000e+03
6.794000000000000000e+03
6.694000000000000000e+03
6.730000000000000000e+03
6.689000000000000000e+03
6.895000000000000000e+03
6.845000000000000000e+03
6.894000000000000000e+03
6.911000000000000000e+03
6.912000000000000000e+03
6.869000000000000000e+03
7.041000000000000000e+03
7.040000000000000000e+03
7.013000000000000000e+03
7.063000000000000000e+03
7.072000000000000000e+03
7.187000000000000000e+03
7.185000000000000000e+03
7.351000000000000000e+03
7.304000000000000000e+03
7.342000000000000000e+03
7.300000000000000000e+03
7.379000000000000000e+03
7.252000000000000000e+03
7.586000000000000000e+03
7.476000000000000000e+03
7.262000000000000000e+03
7.506000000000000000e+03
7.551000000000000000e+03
7.562000000000000000e+03
7.576000000000000000e+03
7.634000000000000000e+03
7.834000000000000000e+03
7.722000000000000000e+03
7.914000000000000000e+03
7.742000000000000000e+03
7.740000000000000000e+03
7.945000000000000000e+03
7.727000000000000000e+03
7.901000000000000000e+03
7.994000000000000000e+03
7.916000000000000000e+03
7.934000000000000000e+03
8.078000000000000000e+03
7.999000000000000000e+03
8.333000000000000000e+03
8.127000000000000000e+03
8.313000000000000000e+03
8.258000000000000000e+03
7.979000000000000000e+03
8.461000000000000000e+03
8.320000000000000000e+03
8.438000000000000000e+03
8.564000000000000000e+03
8.327000000000000000e+03
8.434000000000000000e+03
8.491000000000000000e+03
8.534000000000000000e+03
8.583000000000000000e+03
8.764000000000000000e+03
8.668000000000000000e+03
8.775000000000000000e+03
9.056000000000000000e+03
8.674000000000000000e+03
8.806000000000000000e+03
8.892000000000000000e+03
8.871000000000000000e+03
8.799000000000000000e+03
9.185000000000000000e+03
8.927000000000000000e+03
9.123000000000000000e+03
9.044000000000000000e+03
9.210000000000000000e+03
9.090000000000000000e+03
9.244000000000000000e+03
9.340000000000000000e+03
9.494000000000000000e+03
9.548000000000000000e+03
9.669000000000000000e+03
9.644000000000000000e+03
9.660000000000000000e+03
9.373000000000000000e+03
9.771000000000000000e+03
9.470000000000000000e+03
9.831000000000000000e+03
9.790000000000000000e+03
9.810000000000000000e+03
9.872000000000000000e+03
1.001000000000000000e+04
9.860000000000000000e+03
1.023200000000000000e+04
1.019000000000000000e+04
1.017900000000000000e+04
1.024200000000000000e+04
1.046400000000000000e+04
1.040900000000000000e+04
1.036400000000000000e+04
1.050900000000000000e+04
1.054000000000000000e+04
1.074200000000000000e+04
1.055600000000000000e+04
1.047600000000000000e+04
1.068800000000000000e+04
1.084000000000000000e+04
1.088100000000000000e+04
1.110700000000000000e+04
1.093100000000000000e+04
1.095400000000000000e+04
1.102900000000000000e+04
1.101400000000000000e+04
1.128100000000000000e+04
1.128100000000000000e+04
1.122800000000000000e+04
1.107000000000000000e+04
1.137900000000000000e+04
1.151900000000000000e+04
1.152000000000000000e+04
1.164700000000000000e+04
1.175200000000000000e+04
1.157500000000000000e+04
1.181800000000000000e+04
1.172100000000000000e+04
1.204800000000000000e+04
1.221300000000000000e+04
1.228200000000000000e+04
1.198700000000000000e+04
1.215600000000000000e+04
1.219400000000000000e+04
1.228700000000000000e+04
1.222400000000000000e+04
1.243000000000000000e+04
1.229000000000000000e+04
1.255900000000000000e+04
1.256900000000000000e+04
1.259500000000000000e+04
1.260800000000000000e+04
1.277600000000000000e+04
1.280200000000000000e+04
1.303900000000000000e+04
1.304200000000000000e+04
1.305900000000000000e+04
1.325500000000000000e+04
1.364500000000000000e+04
1.337800000000000000e+04
1.347000000000000000e+04
1.321000000000000000e+04
1.354100000000000000e+04
1.371000000000000000e+04
1.376900000000000000e+04
1.403100000000000000e+04
1.399100000000000000e+04
1.385900000000000000e+04
1.424900000000000000e+04
1.425900000000000000e+04
1.418800000000000000e+04
1.414400000000000000e+04
1.417900000000000000e+04
1.456500000000000000e+04
1.452900000000000000e+04
1.441600000000000000e+04
1.493300000000000000e+04
1.497300000000000000e+04
1.479900000000000000e+04
1.491900000000000000e+04
1.512400000000000000e+04
1.546900000000000000e+04
1.537400000000000000e+04
1.511900000000000000e+04
1.545800000000000000e+04
1.556200000000000000e+04
1.575700000000000000e+04
1.582700000000000000e+04
1.591900000000000000e+04
1.593900000000000000e+04
1.591400000000000000e+04
1.621300000000000000e+04
1.636800000000000000e+04
1.651700000000000000e+04
1.627900000000000000e+04
1.671400000000000000e+04
1.689800000000000000e+04
1.671700000000000000e+04
1.705200000000000000e+04
1.695600000000000000e+04
1.722900000000000000e+04
1.724300000000000000e+04
1.715600000000000000e+04
1.742900000000000000e+04
1.772800000000000000e+04
1.784600000000000000e+04
1.757800000000000000e+04
1.784100000000000000e+04
1.788800000000000000e+04
1.814800000000000000e+04
1.857500000000000000e+04
1.808600000000000000e+04
1.855700000000000000e+04
1.877200000000000000e+04
1.872400000000000000e+04
1.886500000000000000e+04
1.900900000000000000e+04
1.933500000000000000e+04
1.926400000000000000e+04
1.953000000000000000e+04
1.950500000000000000e+04
1.953200000000000000e+04
2.000700000000000000e+04
1.980300000000000000e+04
2.017600000000000000e+04
2.038600000000000000e+04
2.069900000000000000e+04
2.048400000000000000e+04
2.065000000000000000e+04
2.090500000000000000e+04
2.067100000000000000e+04
2.136900000000000000e+04
2.146200000000000000e+04
2.128100000000000000e+04
2.159600000000000000e+04
2.167500000000000000e+04
2.180700000000000000e+04
2.214000000000000000e+04
2.210700000000000000e+04
2.243700000000000000e+04
2.255800000000000000e+04
2.271500000000000000e+04
2.309900000000000000e+04
2.289600000000000000e+04
2.326400000000000000e+04
2.359300000000000000e+04
2.355400000000000000e+04
2.379900000000000000e+04
2.411500000000000000e+04
2.433700000000000000e+04
2.416300000000000000e+04
2.440300000000000000e+04
2.463900000000000000e+04
2.529200000000000000e+04
2.504800000000000000e+04
2.509800000000000000e+04
2.575800000000000000e+04
2.574500000000000000e+04
2.592400000000000000e+04
2.618500000000000000e+04
2.660700000000000000e+04
2.686700000000000000e+04
2.671900000000000000e+04
2.695800000000000000e+04
2.732700000000000000e+04
2.718900000000000000e+04
2.739700000000000000e+04
2.775700000000000000e+04
2.794200000000000000e+04
2.836900000000000000e+04
2.824600000000000000e+04
2.908000000000000000e+04
2.897300000000000000e+04
2.927500000000000000e+04
2.955500000000000000e+04
2.997800000000000000e+04
3.004000000000000000e+04
3.032800000000000000e+04
3.061700000000000000e+04
3.097100000000000000e+04
3.101200000000000000e+04
3.177600000000000000e+04
3.149200000000000000e+04
3.184300000000000000e+04
3.214800000000000000e+04
3.261600000000000000e+04
3.298300000000000000e+04
3.280500000000000000e+04
3.363900000000000000e+04
3.350600000000000000e+04
3.378200000000000000e+04
3.419300000000000000e+04
3.448000000000000000e+04
3.516200000000000000e+04
3.513300000000000000e+04
3.597600000000000000e+04
3.582800000000000000e+04
3.621000000000000000e+04
3.623000000000000000e+04
3.692500000000000000e+04
3.698200000000000000e+04
3.814300000000000000e+04
3.806400000000000000e+04
3.839500000000000000e+04
3.856400000000000000e+04
3.909100000000000000e+04
3.932800000000000000e+04
3.961200000000000000e+04
4.049800000000000000e+04
4.035900000000000000e+04
4.111000000000000000e+04
4.162900000000000000e+04
4.145900000000000000e+04
4.220500000000000000e+04
4.305300000000000000e+04
4.343600000000000000e+04
4.324100000000000000e+04
4.399700000000000000e+04
4.472900000000000000e+04
4.500300000000000000e+04
4.530600000000000000e+04
4.564500000000000000e+04
4.595600000000000000e+04
4.712700000000000000e+04
4.706300000000000000e+04
4.777900000000000000e+04
4.834800000000000000e+04
4.882700000000000000e+04
4.941900000000000000e+04
4.962900000000000000e+04
5.027600000000000000e+04
5.096500000000000000e+04
5.176700000000000000e+04
5.187100000000000000e+04
5.282100000000000000e+04
5.324500000000000000e+04
5.402400000000000000e+04
5.417900000000000000e+04
5.526500000000000000e+04
5.563500000000000000e+04
5.624100000000000000e+04
5.709200000000000000e+04
5.762100000000000000e+04
5.770800000000000000e+04
5.899500000000000000e+04
5.970500000000000000e+04
6.041700000000000000e+04
6.109200000000000000e+04
6.156400000000000000e+04
6.286000000000000000e+04
6.372300000000000000e+04
6.405700000000000000e+04
6.451900000000000000e+04
6.584600000000000000e+04
6.637500000000000000e+04
6.743600000000000000e+04
6.804400000000000000e+04
6.940400000000000000e+04
6.953900000000000000e+04
7.095600000000000000e+04
7.137700000000000000e+04
7.254900000000000000e+04
7.369200000000000000e+04
7.471700000000000000e+04
7.525700000000000000e+04
7.676700000000000000e+04
7.754400000000000000e+04
7.836200000000000000e+04
7.959600000000000000e+04
8.072900000000000000e+04
8.130400000000000000e+04
8.293300000000000000e+04
8.393400000000000000e+04
8.473900000000000000e+04
8.636900000000000000e+04
8.663000000000000000e+04
8.858200000000000000e+04
8.976400000000000000e+04
9.105400000000000000e+04
9.234300000000000000e+04
9.322700000000000000e+04
9.496200000000000000e+04
9.629900000000000000e+04
9.783000000000000000e+04
9.881000000000000000e+04
1.012420000000000000e+05
1.018300000000000000e+05
1.029340000000000000e+05
1.054520000000000000e+05
1.064490000000000000e+05
1.082550000000000000e+05
1.098560000000000000e+05
1.111670000000000000e+05
1.128340000000000000e+05
1.148640000000000000e+05
1.163500000000000000e+05
1.192510000000000000e+05
1.198830000000000000e+05
1.227680000000000000e+05
1.248410000000000000e+05
1.262600000000000000e+05
1.285660000000000000e+05
1.304700000000000000e+05
1.330120000000000000e+05
1.341480000000000000e+05
1.367110000000000000e+05
1.390070000000000000e+05
1.412620000000000000e+05
1.431670000000000000e+05
1.461470000000000000e+05
1.486400000000000000e+05
1.514810000000000000e+05
1.534460000000000000e+05
1.562340000000000000e+05
1.596060000000000000e+05
1.626490000000000000e+05
1.650910000000000000e+05
1.681010000000000000e+05
1.708750000000000000e+05
1.745550000000000000e+05
1.773280000000000000e+05
1.799570000000000000e+05
1.832770000000000000e+05
1.874960000000000000e+05
1.901570000000000000e+05
1.932910000000000000e+05
1.979640000000000000e+05
2.017800000000000000e+05
2.049710000000000000e+05
2.084360000000000000e+05
2.130180000000000000e+05
2.170260000000000000e+05
2.220080000000000000e+05
2.249350000000000000e+05
2.297280000000000000e+05
2.351210000000000000e+05
2.392780000000000000e+05
2.438890000000000000e+05
2.474340000000000000e+05
2.535590000000000000e+05
2.586460000000000000e+05
2.630310000000000000e+05
2.690500000000000000e+05
2.745260000000000000e+05
2.786600000000000000e+05
2.857060000000000000e+05
2.918730000000000000e+05
2.969980000000000000e+05
3.028760000000000000e+05
3.090530000000000000e+05
3.150680000000000000e+05
3.212460000000000000e+05
3.285740000000000000e+05
3.348970000000000000e+05
3.414680000000000000e+05
3.488480000000000000e+05
3.554560000000000000e+05
3.629810000000000000e+05
3.688060000000000000e+05
3.775170000000000000e+05
3.846880000000000000e+05
3.926340000000000000e+05
4.003100000000000000e+05
4.076630000000000000e+05
4.157260000000000000e+05
4.236250000000000000e+05
4.310530000000000000e+05
4.392020000000000000e+05
4.465020000000000000e+05
4.543400000000000000e+05
4.646570000000000000e+05
4.724130000000000000e+05
4.801180000000000000e+05
4.881780000000000000e+05
4.962380000000000000e+05
5.038110000000000000e+05
5.132080000000000000e+05
5.207810000000000000e+05
5.292230000000000000e+05
5.376320000000000000e+05
5.451170000000000000e+05
5.527000000000000000e+05
5.604350000000000000e+05
5.651420000000000000e+05
5.754110000000000000e+05
5.803280000000000000e+05
5.878980000000000000e+05
5.938610000000000000e+05
5.978710000000000000e+05
6.043230000000000000e+05
6.104410000000000000e+05
6.144350000000000000e+05
6.191890000000000000e+05
6.223060000000000000e+05
6.266650000000000000e+05
6.304870000000000000e+05
6.310780000000000000e+05
6.328080000000000000e+05
6.356400000000000000e+05
6.372340000000000000e+05
6.366900000000000000e+05
6.371160000000000000e+05
6.360850000000000000e+05
6.351860000000000000e+05
6.330710000000000000e+05
6.333600000000000000e+05
6.285350000000000000e+05
6.245400000000000000e+05
6.228060000000000000e+05
6.194050000000000000e+05
6.147650000000000000e+05
6.082790000000000000e+05
6.045580000000000000e+05
6.006980000000000000e+05
5.944070000000000000e+05
5.878060000000000000e+05
5.798470000000000000e+05
5.751040000000000000e+05
5.666900000000000000e+05
5.600990000000000000e+05
5.524470000000000000e+05
5.450750000000000000e+05
5.376480000000000000e+05
5.303290000000000000e+05
5.219750000000000000e+05
5.135570000000000000e+05
5.058420000000000000e+05
4.968150000000000000e+05
4.885110000000000000e+05
4.810650000000000000e+05
4.717710000000000000e+05
4.640240000000000000e+05
4.564150000000000000e+05
4.477560000000000000e+05
4.388240000000000000e+05
4.301940000000000000e+05
4.231880000000000000e+05
4.148960000000000000e+05
4.075460000000000000e+05
3.992850000000000000e+05
3.918040000000000000e+05
3.838290000000000000e+05
3.781030000000000000e+05
3.688380000000000000e+05
3.622860000000000000e+05
3.548820000000000000e+05
3.484270000000000000e+05
3.414300000000000000e+05
3.349040000000000000e+05
3.288290000000000000e+05
3.219160000000000000e+05
3.147850000000000000e+05
3.094120000000000000e+05
3.031870000000000000e+05
2.965270000000000000e+05
2.910450000000000000e+05
2.859270000000000000e+05
2.784570000000000000e+05
2.734150000000000000e+05
2.691040000000000000e+05
2.634110000000000000e+05
2.580660000000000000e+05
2.531090000000000000e+05
2.483080000000000000e+05
2.441950000000000000e+05
2.384040000000000000e+05
2.343500000000000000e+05
2.296710000000000000e+05
2.258040000000000000e+05
2.214370000000000000e+05
2.170970000000000000e+05
2.132370000000000000e+05
2.094150000000000000e+05
2.048500000000000000e+05
2.020740000000000000e+05
1.976540000000000000e+05
1.932490000000000000e+05
1.907640000000000000e+05
1.868090000000000000e+05
1.835720000000000000e+05
1.805150000000000000e+05
1.774750000000000000e+05
1.741490000000000000e+05
1.707000000000000000e+05
1.679950000000000000e+05
1.651300000000000000e+05
1.618720000000000000e+05
1.586670000000000000e+05
1.574310000000000000e+05
1.549010000000000000e+05
1.515500000000000000e+05
1.487390000000000000e+05
1.467290000000000000e+05
1.439860000000000000e+05
1.413210000000000000e+05
1.392940000000000000e+05
1.363250000000000000e+05
1.352210000000000000e+05
1.322130000000000000e+05
1.311600000000000000e+05
1.284910000000000000e+05
1.258470000000000000e+05
1.239720000000000000e+05
1.220370000000000000e+05
1.207280000000000000e+05
1.191350000000000000e+05
1.162270000000000000e+05
1.141870000000000000e+05
1.134850000000000000e+05
1.112870000000000000e+05
1.096740000000000000e+05
1.078810000000000000e+05
1.064790000000000000e+05
1.051540000000000000e+05
1.034240000000000000e+05
1.024780000000000000e+05
1.006000000000000000e+05
9.923900000000000000e+04
9.721000000000000000e+04
9.605200000000000000e+04
9.446800000000000000e+04
9.346000000000000000e+04
9.185200000000000000e+04
9.064400000000000000e+04
8.947200000000000000e+04
8.825500000000000000e+04
8.757600000000000000e+04
8.570500000000000000e+04
8.460400000000000000e+04
8.374100000000000000e+04
8.283800000000000000e+04
8.172000000000000000e+04
8.004400000000000000e+04
7.962000000000000000e+04
7.781400000000000000e+04
7.693000000000000000e+04
7.606100000000000000e+04
7.487000000000000000e+04
7.422700000000000000e+04
7.321600000000000000e+04
7.210600000000000000e+04
7.142200000000000000e+04
7.064400000000000000e+04
6.983100000000000000e+04
6.902600000000000000e+04
6.855700000000000000e+04
6.737400000000000000e+04
6.619900000000000000e+04
6.567300000000000000e+04
6.484900000000000000e+04
6.392600000000000000e+04
6.309000000000000000e+04
6.282600000000000000e+04
6.189900000000000000e+04
6.082600000000000000e+04
6.091800000000000000e+04
5.943600000000000000e+04
5.878700000000000000e+04
5.829500000000000000e+04
5.772000000000000000e+04
5.700500000000000000e+04
5.604600000000000000e+04
5.584500000000000000e+04
5.494900000000000000e+04
5.419400000000000000e+04
5.420900000000000000e+04
5.304800000000000000e+04
5.274100000000000000e+04
5.238600000000000000e+04
5.135400000000000000e+04
5.108300000000000000e+04
5.024500000000000000e+04
4.985800000000000000e+04
4.946900000000000000e+04
4.865000000000000000e+04
4.823600000000000000e+04
4.821000000000000000e+04
4.756300000000000000e+04
4.658300000000000000e+04
4.622300000000000000e+04
4.543900000000000000e+04
4.539400000000000000e+04
4.484700000000000000e+04
4.445400000000000000e+04
4.392000000000000000e+04
4.354700000000000000e+04
4.343400000000000000e+04
4.274200000000000000e+04
4.241800000000000000e+04
4.205800000000000000e+04
4.153400000000000000e+04
4.099100000000000000e+04
4.051900000000000000e+04
4.022000000000000000e+04
3.982500000000000000e+04
3.925000000000000000e+04
3.931800000000000000e+04
3.871500000000000000e+04
3.830800000000000000e+04
3.806400000000000000e+04
3.750100000000000000e+04
3.717500000000000000e+04
3.704300000000000000e+04
3.665500000000000000e+04
3.605000000000000000e+04
3.569200000000000000e+04
3.532400000000000000e+04
3.541000000000000000e+04
3.495500000000000000e+04
3.440300000000000000e+04
3.405000000000000000e+04
3.405700000000000000e+04
3.365400000000000000e+04
3.318600000000000000e+04
3.320300000000000000e+04
3.282800000000000000e+04
3.230500000000000000e+04
3.215000000000000000e+04
3.181300000000000000e+04
3.167900000000000000e+04
3.164700000000000000e+04
3.143000000000000000e+04
3.096300000000000000e+04
3.059300000000000000e+04
3.027100000000000000e+04
2.998400000000000000e+04
3.007400000000000000e+04
2.944300000000000000e+04
2.923400000000000000e+04
2.928400000000000000e+04
2.859500000000000000e+04
2.879200000000000000e+04
2.835200000000000000e+04
2.790400000000000000e+04
2.790500000000000000e+04
2.741200000000000000e+04
2.713300000000000000e+04
2.715600000000000000e+04
2.718900000000000000e+04
2.698400000000000000e+04
2.668000000000000000e+04
2.652400000000000000e+04
2.632300000000000000e+04
2.589100000000000000e+04
2.584100000000000000e+04
2.565400000000000000e+04
2.534500000000000000e+04
2.512500000000000000e+04
2.505700000000000000e+04
2.496800000000000000e+04
2.455300000000000000e+04
2.444400000000000000e+04
2.391200000000000000e+04
2.393200000000000000e+04
2.398200000000000000e+04
2.357300000000000000e+04
2.338400000000000000e+04
2.322400000000000000e+04
2.301800000000000000e+04
2.295300000000000000e+04
2.246100000000000000e+04
2.255400000000000000e+04
2.261500000000000000e+04
2.217300000000000000e+04
2.213900000000000000e+04
2.212600000000000000e+04
2.193400000000000000e+04
2.165600000000000000e+04
2.154000000000000000e+04
2.131100000000000000e+04
2.113100000000000000e+04
2.100800000000000000e+04
2.071300000000000000e+04
2.071500000000000000e+04
2.067000000000000000e+04
2.043800000000000000e+04
2.045000000000000000e+04
2.010000000000000000e+04
2.000300000000000000e+04
1.983100000000000000e+04
1.990000000000000000e+04
1.986000000000000000e+04
1.950100000000000000e+04
1.927100000000000000e+04
1.930000000000000000e+04
1.925600000000000000e+04
1.863000000000000000e+04
1.854300000000000000e+04
1.850000000000000000e+04
1.845800000000000000e+04
1.861600000000000000e+04
1.825400000000000000e+04
1.834400000000000000e+04
1.841600000000000000e+04
1.810100000000000000e+04
1.778100000000000000e+04
1.785700000000000000e+04
1.753700000000000000e+04
1.734100000000000000e+04
1.722300000000000000e+04
1.712300000000000000e+04
1.718700000000000000e+04
1.684200000000000000e+04
1.688700000000000000e+04
1.664400000000000000e+04
1.681000000000000000e+04
1.647200000000000000e+04
1.649200000000000000e+04
1.655800000000000000e+04
1.632800000000000000e+04
1.629900000000000000e+04
1.614300000000000000e+04
1.610400000000000000e+04
1.575300000000000000e+04
1.578200000000000000e+04
1.564000000000000000e+04
1.560800000000000000e+04
1.552900000000000000e+04
1.549100000000000000e+04
1.532900000000000000e+04
1.526400000000000000e+04
1.510000000000000000e+04
1.500300000000000000e+04
1.489800000000000000e+04
1.487700000000000000e+04
1.488300000000000000e+04
1.448800000000000000e+04
1.460000000000000000e+04
1.444900000000000000e+04
1.439800000000000000e+04
1.435500000000000000e+04
1.439800000000000000e+04
1.407800000000000000e+04
1.407800000000000000e+04
1.422700000000000000e+04
1.405000000000000000e+04
1.392200000000000000e+04
1.369100000000000000e+04
1.372900000000000000e+04
1.352500000000000000e+04
1.343300000000000000e+04
1.352900000000000000e+04
1.360500000000000000e+04
1.303600000000000000e+04
1.315500000000000000e+04
1.306400000000000000e+04
1.308500000000000000e+04
1.307000000000000000e+04
1.268400000000000000e+04
1.287900000000000000e+04
1.270800000000000000e+04
1.278800000000000000e+04
1.260800000000000000e+04
1.273600000000000000e+04
1.255400000000000000e+04
1.250300000000000000e+04
1.230200000000000000e+04
1.215500000000000000e+04
1.213200000000000000e+04
1.216700000000000000e+04
1.216200000000000000e+04
1.174900000000000000e+04
1.196700000000000000e+04
1.202200000000000000e+04
1.176200000000000000e+04
1.182400000000000000e+04
1.174900000000000000e+04
1.170700000000000000e+04
1.158800000000000000e+04
1.150300000000000000e+04
1.148500000000000000e+04
1.139300000000000000e+04
1.134400000000000000e+04
1.125100000000000000e+04
1.104200000000000000e+04
1.137500000000000000e+04
1.123700000000000000e+04
1.110400000000000000e+04
1.091400000000000000e+04
1.080000000000000000e+04
1.078600000000000000e+04
1.102000000000000000e+04
1.085500000000000000e+04
1.070700000000000000e+04
1.071700000000000000e+04
1.059200000000000000e+04
1.049100000000000000e+04
1.055100000000000000e+04
1.036300000000000000e+04
1.033200000000000000e+04
1.030200000000000000e+04
1.042200000000000000e+04
1.018500000000000000e+04
1.015300000000000000e+04
1.022500000000000000e+04
1.012700000000000000e+04
1.017200000000000000e+04
1.002900000000000000e+04
1.000300000000000000e+04
9.915000000000000000e+03
9.844000000000000000e+03
9.822000000000000000e+03
9.836000000000000000e+03
9.857000000000000000e+03
9.731000000000000000e+03
9.716000000000000000e+03
9.452000000000000000e+03
9.484000000000000000e+03
9.488000000000000000e+03
9.218000000000000000e+03
9.310000000000000000e+03
9.317000000000000000e+03
9.192000000000000000e+03
9.184000000000000000e+03
9.181000000000000000e+03
9.172000000000000000e+03
9.120000000000000000e+03
8.857000000000000000e+03
9.007000000000000000e+03
8.847000000000000000e+03
8.878000000000000000e+03
8.836000000000000000e+03
8.653000000000000000e+03
8.670000000000000000e+03
8.750000000000000000e+03
8.764000000000000000e+03
8.641000000000000000e+03
8.589000000000000000e+03
8.721000000000000000e+03
8.503000000000000000e+03
8.414000000000000000e+03
8.663000000000000000e+03
8.449000000000000000e+03
8.554000000000000000e+03
8.142000000000000000e+03
8.190000000000000000e+03
8.229000000000000000e+03
8.299000000000000000e+03
8.148000000000000000e+03
8.221000000000000000e+03
8.131000000000000000e+03
8.137000000000000000e+03
8.101000000000000000e+03
7.930000000000000000e+03
8.093000000000000000e+03
8.051000000000000000e+03
7.899000000000000000e+03
7.827000000000000000e+03
7.936000000000000000e+03
7.699000000000000000e+03
7.733000000000000000e+03
7.668000000000000000e+03
7.757000000000000000e+03
7.576000000000000000e+03
7.737000000000000000e+03
7.444000000000000000e+03
7.452000000000000000e+03
7.513000000000000000e+03
7.418000000000000000e+03
7.548000000000000000e+03
7.524000000000000000e+03
7.315000000000000000e+03
7.307000000000000000e+03
7.341000000000000000e+03
7.293000000000000000e+03
7.351000000000000000e+03
7.268000000000000000e+03
7.252000000000000000e+03
7.182000000000000000e+03
7.192000000000000000e+03
7.203000000000000000e+03
7.130000000000000000e+03
7.065000000000000000e+03
7.086000000000000000e+03
7.200000000000000000e+03
6.958000000000000000e+03
6.888000000000000000e+03
6.934000000000000000e+03
6.999000000000000000e+03
6.893000000000000000e+03
6.907000000000000000e+03
6.584000000000000000e+03
6.879000000000000000e+03
6.673000000000000000e+03
6.719000000000000000e+03
6.643000000000000000e+03
6.717000000000000000e+03
6.721000000000000000e+03
6.582000000000000000e+03
6.674000000000000000e+03
6.572000000000000000e+03
6.544000000000000000e+03
6.492000000000000000e+03
6.449000000000000000e+03
6.696000000000000000e+03
6.501000000000000000e+03
6.321000000000000000e+03
6.358000000000000000e+03
6.473000000000000000e+03
6.343000000000000000e+03
6.257000000000000000e+03
