6.419300000000000000e+04
6.699600000000000000e+04
6.979200000000000000e+04
7.286600000000000000e+04
7.604400000000000000e+04
7.910700000000000000e+04
8.279200000000000000e+04
8.675700000000000000e+04
9.114200000000000000e+04
9.565900000000000000e+04
9.967400000000000000e+04
1.058690000000000000e+05
1.118950000000000000e+05
1.172940000000000000e+05
1.241150000000000000e+05
1.311720000000000000e+05
1.384240000000000000e+05
1.472790000000000000e+05
1.565930000000000000e+05
1.674630000000000000e+05
1.781320000000000000e+05
1.904010000000000000e+05
2.037000000000000000e+05
2.203900000000000000e+05
2.359880000000000000e+05
2.531250000000000000e+05
2.756880000000000000e+05
2.995150000000000000e+05
3.272440000000000000e+05
3.580850000000000000e+05
3.922590000000000000e+05
4.334180000000000000e+05
4.811740000000000000e+05
5.380670000000000000e+05
6.006430000000000000e+05
6.774020000000000000e+05
7.688090000000000000e+05
8.794230000000000000e+05
1.014994000000000000e+06
1.177725000000000000e+06
1.385127000000000000e+06
1.638543000000000000e+06
1.962771000000000000e+06
2.370119000000000000e+06
2.888097000000000000e+06
3.525055000000000000e+06
4.275409000000000000e+06
5.086769000000000000e+06
5.823148000000000000e+06
6.282752000000000000e+06
6.286260000000000000e+06
5.827206000000000000e+06
5.088354000000000000e+06
4.277101000000000000e+06
3.522389000000000000e+06
2.886141000000000000e+06
2.371123000000000000e+06
1.962588000000000000e+06
1.638059000000000000e+06
1.384282000000000000e+06
1.179886000000000000e+06
1.013298000000000000e+06
8.782610000000000000e+05
7.687310000000000000e+05
6.767380000000000000e+05
6.003060000000000000e+05
5.356210000000000000e+05
4.805040000000000000e+05
4.324100000000000000e+05
3.930590000000000000e+05
3.578070000000000000e+05
3.273400000000000000e+05
2.992550000000000000e+05
2.759980000000000000e+05
2.551960000000000000e+05
2.360900000000000000e+05
2.187980000000000000e+05
2.041280000000000000e+05
1.907560000000000000e+05
1.776870000000000000e+05
1.666560000000000000e+05
1.564960000000000000e+05
1.468020000000000000e+05
1.389320000000000000e+05
1.308540000000000000e+05
1.241810000000000000e+05
1.167290000000000000e+05
1.112280000000000000e+05
1.058320000000000000e+05
1.005760000000000000e+05
9.510600000000000000e+04
9.160000000000000000e+04
8.706500000000000000e+04
8.285800000000000000e+04
7.951000000000000000e+04
7.571000000000000000e+04
7.296100000000000000e+04
6.975200000000000000e+04
6.723300000000000000e+04
6.445000000000000000e+04
