6.283000000000000000e+03
6.470000000000000000e+03
6.223000000000000000e+03
6.226000000000000000e+03
6.543000000000000000e+03
6.435000000000000000e+03
6.425000000000000000e+03
6.480000000000000000e+03
6.484000000000000000e+03
6.554000000000000000e+03
6.560000000000000000e+03
6.592000000000000000e+03
6.516000000000000000e+03
6.858000000000000000e+03
6.657000000000000000e+03
6.674000000000000000e+03
6.827000000000000000e+03
6.735000000000000000e+03
6.734000000000000000e+03
6.787000000000000000e+03
6.881000000000000000e+03
6.812000000000000000e+03
6.884000000000000000e+03
6.968000000000000000e+03
6.876000000000000000e+03
6.852000000000000000e+03
7.161000000000000000e+03
7.101000000000000000e+03
7.138000000000000000e+03
7.099000000000000000e+03
7.230000000000000000e+03
7.127000000000000000e+03
7.194000000000000000e+03
7.125000000000000000e+03
7.283000000000000000e+03
7.209000000000000000e+03
7.228000000000000000e+03
7.277000000000000000e+03
7.322000000000000000e+03
7.462000000000000000e+03
7.360000000000000000e+03
7.283000000000000000e+03
7.542000000000000000e+03
7.467000000000000000e+03
7.575000000000000000e+03
7.492000000000000000e+03
7.668000000000000000e+03
7.784000000000000000e+03
7.559000000000000000e+03
7.705000000000000000e+03
7.820000000000000000e+03
7.955000000000000000e+03
7.782000000000000000e+03
7.855000000000000000e+03
7.888000000000000000e+03
8.042000000000000000e+03
8.083000000000000000e+03
8.165000000000000000e+03
8.018000000000000000e+03
8.222000000000000000e+03
8.146000000000000000e+03
8.193000000000000000e+03
8.136000000000000000e+03
8.334000000000000000e+03
8.385000000000000000e+03
8.189000000000000000e+03
8.367000000000000000e+03
8.415000000000000000e+03
8.559000000000000000e+03
8.467000000000000000e+03
8.698000000000000000e+03
8.584000000000000000e+03
8.556000000000000000e+03
8.765000000000000000e+03
8.855000000000000000e+03
8.952000000000000000e+03
8.925000000000000000e+03
8.745000000000000000e+03
8.864000000000000000e+03
8.774000000000000000e+03
8.962000000000000000e+03
8.963000000000000000e+03
9.051000000000000000e+03
9.021000000000000000e+03
9.138000000000000000e+03
9.041000000000000000e+03
9.144000000000000000e+03
9.244000000000000000e+03
9.241000000000000000e+03
9.335000000000000000e+03
9.512000000000000000e+03
9.485000000000000000e+03
9.273000000000000000e+03
9.539000000000000000e+03
9.456000000000000000e+03
9.506000000000000000e+03
9.657000000000000000e+03
9.742000000000000000e+03
9.762000000000000000e+03
9.624000000000000000e+03
9.596000000000000000e+03
1.001200000000000000e+04
9.902000000000000000e+03
1.002200000000000000e+04
9.993000000000000000e+03
1.008800000000000000e+04
9.953000000000000000e+03
1.017300000000000000e+04
1.012600000000000000e+04
1.021500000000000000e+04
1.030400000000000000e+04
1.029900000000000000e+04
1.015000000000000000e+04
1.036600000000000000e+04
1.040800000000000000e+04
1.065800000000000000e+04
1.059500000000000000e+04
1.073200000000000000e+04
1.057200000000000000e+04
1.073100000000000000e+04
1.086300000000000000e+04
1.103700000000000000e+04
1.091700000000000000e+04
1.087600000000000000e+04
1.126100000000000000e+04
1.109500000000000000e+04
1.100300000000000000e+04
1.130700000000000000e+04
1.129100000000000000e+04
1.122500000000000000e+04
1.129400000000000000e+04
1.154100000000000000e+04
1.160400000000000000e+04
1.162600000000000000e+04
1.192200000000000000e+04
1.181100000000000000e+04
1.182500000000000000e+04
1.177000000000000000e+04
1.184900000000000000e+04
1.212200000000000000e+04
1.198300000000000000e+04
1.210900000000000000e+04
1.213500000000000000e+04
1.239300000000000000e+04
1.223800000000000000e+04
1.224900000000000000e+04
1.236900000000000000e+04
1.247300000000000000e+04
1.276100000000000000e+04
1.240900000000000000e+04
1.274300000000000000e+04
1.282900000000000000e+04
1.308100000000000000e+04
1.281600000000000000e+04
1.299200000000000000e+04
1.290400000000000000e+04
1.324800000000000000e+04
1.329900000000000000e+04
1.341400000000000000e+04
1.353100000000000000e+04
1.326300000000000000e+04
1.358400000000000000e+04
1.343800000000000000e+04
1.377300000000000000e+04
1.391600000000000000e+04
1.392100000000000000e+04
1.397000000000000000e+04
1.409000000000000000e+04
1.404900000000000000e+04
1.412400000000000000e+04
1.425100000000000000e+04
1.443500000000000000e+04
1.456400000000000000e+04
1.451500000000000000e+04
1.450700000000000000e+04
1.483200000000000000e+04
1.485200000000000000e+04
1.478700000000000000e+04
1.507100000000000000e+04
1.516100000000000000e+04
1.505200000000000000e+04
1.535100000000000000e+04
1.524300000000000000e+04
1.543200000000000000e+04
1.546400000000000000e+04
1.592800000000000000e+04
1.574800000000000000e+04
1.554200000000000000e+04
1.585100000000000000e+04
1.627300000000000000e+04
1.605800000000000000e+04
1.618700000000000000e+04
1.634000000000000000e+04
1.650200000000000000e+04
1.643600000000000000e+04
1.682400000000000000e+04
1.658700000000000000e+04
1.710400000000000000e+04
1.706000000000000000e+04
1.707800000000000000e+04
1.717500000000000000e+04
1.744700000000000000e+04
1.751300000000000000e+04
1.757200000000000000e+04
1.792400000000000000e+04
1.798800000000000000e+04
1.798400000000000000e+04
1.818900000000000000e+04
1.812400000000000000e+04
1.843000000000000000e+04
1.824600000000000000e+04
1.870300000000000000e+04
1.873600000000000000e+04
1.899500000000000000e+04
1.908300000000000000e+04
1.913500000000000000e+04
1.916900000000000000e+04
1.915700000000000000e+04
1.964300000000000000e+04
1.975900000000000000e+04
1.989100000000000000e+04
1.976700000000000000e+04
1.980000000000000000e+04
2.021300000000000000e+04
2.037300000000000000e+04
2.071600000000000000e+04
2.032400000000000000e+04
2.054100000000000000e+04
2.089900000000000000e+04
2.115000000000000000e+04
2.116800000000000000e+04
2.140300000000000000e+04
2.149900000000000000e+04
2.164800000000000000e+04
2.198900000000000000e+04
2.189000000000000000e+04
2.217200000000000000e+04
2.241500000000000000e+04
2.248500000000000000e+04
2.263200000000000000e+04
2.285500000000000000e+04
2.270400000000000000e+04
2.311800000000000000e+04
2.347100000000000000e+04
2.360300000000000000e+04
2.346100000000000000e+04
2.386400000000000000e+04
2.387200000000000000e+04
2.431200000000000000e+04
2.433700000000000000e+04
2.473800000000000000e+04
2.494500000000000000e+04
2.510900000000000000e+04
2.531900000000000000e+04
2.496900000000000000e+04
2.569700000000000000e+04
2.586600000000000000e+04
2.618800000000000000e+04
2.611700000000000000e+04
2.614600000000000000e+04
2.690200000000000000e+04
2.680900000000000000e+04
2.725700000000000000e+04
2.728900000000000000e+04
2.740000000000000000e+04
2.739700000000000000e+04
2.793300000000000000e+04
2.816100000000000000e+04
2.823700000000000000e+04
2.877900000000000000e+04
2.889900000000000000e+04
2.890700000000000000e+04
2.965800000000000000e+04
2.931200000000000000e+04
3.001000000000000000e+04
2.970500000000000000e+04
3.029600000000000000e+04
3.049100000000000000e+04
3.089100000000000000e+04
3.133200000000000000e+04
3.145900000000000000e+04
3.194000000000000000e+04
3.165600000000000000e+04
3.224900000000000000e+04
3.256900000000000000e+04
3.280800000000000000e+04
3.302500000000000000e+04
3.326600000000000000e+04
3.354700000000000000e+04
3.439500000000000000e+04
3.393000000000000000e+04
3.462800000000000000e+04
3.492600000000000000e+04
3.556400000000000000e+04
3.566300000000000000e+04
3.618900000000000000e+04
3.644300000000000000e+04
3.669700000000000000e+04
3.700900000000000000e+04
3.725600000000000000e+04
3.768000000000000000e+04
3.783000000000000000e+04
3.836800000000000000e+04
3.874200000000000000e+04
3.909300000000000000e+04
3.949000000000000000e+04
4.020900000000000000e+04
4.025000000000000000e+04
4.088800000000000000e+04
4.130200000000000000e+04
4.140000000000000000e+04
4.186700000000000000e+04
4.251900000000000000e+04
4.306400000000000000e+04
4.292600000000000000e+04
4.330300000000000000e+04
4.437100000000000000e+04
4.443900000000000000e+04
4.478400000000000000e+04
4.550300000000000000e+04
4.563200000000000000e+04
4.623500000000000000e+04
4.659700000000000000e+04
4.719900000000000000e+04
4.778800000000000000e+04
4.811000000000000000e+04
4.895500000000000000e+04
4.927900000000000000e+04
4.965900000000000000e+04
5.015300000000000000e+04
5.112300000000000000e+04
5.138100000000000000e+04
5.245200000000000000e+04
5.321400000000000000e+04
5.343600000000000000e+04
5.379300000000000000e+04
5.456300000000000000e+04
5.523300000000000000e+04
5.589900000000000000e+04
5.634200000000000000e+04
5.684800000000000000e+04
5.796800000000000000e+04
5.817800000000000000e+04
5.890900000000000000e+04
5.943600000000000000e+04
6.079900000000000000e+04
6.114200000000000000e+04
6.215900000000000000e+04
6.252200000000000000e+04
6.320400000000000000e+04
6.390200000000000000e+04
6.460600000000000000e+04
6.546300000000000000e+04
6.609300000000000000e+04
6.724700000000000000e+04
6.765200000000000000e+04
6.946500000000000000e+04
7.013800000000000000e+04
7.037700000000000000e+04
7.148100000000000000e+04
7.262500000000000000e+04
7.328700000000000000e+04
7.468400000000000000e+04
7.554200000000000000e+04
7.685000000000000000e+04
7.732600000000000000e+04
7.816500000000000000e+04
7.940000000000000000e+04
8.079600000000000000e+04
8.135600000000000000e+04
8.253900000000000000e+04
8.384900000000000000e+04
8.435400000000000000e+04
8.605200000000000000e+04
8.667900000000000000e+04
8.829600000000000000e+04
9.007600000000000000e+04
9.090300000000000000e+04
9.221300000000000000e+04
9.339200000000000000e+04
9.481800000000000000e+04
9.603400000000000000e+04
9.804300000000000000e+04
9.964500000000000000e+04
1.000120000000000000e+05
1.020340000000000000e+05
1.035950000000000000e+05
1.048430000000000000e+05
1.068940000000000000e+05
1.083150000000000000e+05
1.099560000000000000e+05
1.115400000000000000e+05
1.137310000000000000e+05
1.148200000000000000e+05
1.169180000000000000e+05
1.191810000000000000e+05
1.205190000000000000e+05
1.233250000000000000e+05
1.243490000000000000e+05
1.261670000000000000e+05
1.286610000000000000e+05
1.300160000000000000e+05
1.333060000000000000e+05
1.346810000000000000e+05
1.373070000000000000e+05
1.386070000000000000e+05
1.418610000000000000e+05
1.438080000000000000e+05
1.466030000000000000e+05
1.491750000000000000e+05
1.513700000000000000e+05
1.539440000000000000e+05
1.566700000000000000e+05
1.590730000000000000e+05
1.628170000000000000e+05
1.654170000000000000e+05
1.681710000000000000e+05
1.713940000000000000e+05
1.744870000000000000e+05
1.776320000000000000e+05
1.807740000000000000e+05
1.835310000000000000e+05
1.866370000000000000e+05
1.907410000000000000e+05
1.940850000000000000e+05
1.977200000000000000e+05
2.014670000000000000e+05
2.053400000000000000e+05
2.090910000000000000e+05
2.121660000000000000e+05
2.169660000000000000e+05
2.216430000000000000e+05
2.249120000000000000e+05
2.304090000000000000e+05
2.343440000000000000e+05
2.387320000000000000e+05
2.439930000000000000e+05
2.492200000000000000e+05
2.536550000000000000e+05
2.578050000000000000e+05
2.633700000000000000e+05
2.692700000000000000e+05
2.732050000000000000e+05
2.794440000000000000e+05
2.848850000000000000e+05
2.910440000000000000e+05
2.972310000000000000e+05
3.029420000000000000e+05
3.082900000000000000e+05
3.154200000000000000e+05
3.218180000000000000e+05
3.280720000000000000e+05
3.346320000000000000e+05
3.416230000000000000e+05
3.483460000000000000e+05
3.558380000000000000e+05
3.630720000000000000e+05
3.693450000000000000e+05
3.766340000000000000e+05
3.842730000000000000e+05
3.923240000000000000e+05
4.013250000000000000e+05
4.078110000000000000e+05
4.147440000000000000e+05
4.232080000000000000e+05
4.307670000000000000e+05
4.396730000000000000e+05
4.471820000000000000e+05
4.546820000000000000e+05
4.636090000000000000e+05
4.715340000000000000e+05
4.796380000000000000e+05
4.867620000000000000e+05
4.967830000000000000e+05
5.048160000000000000e+05
5.122560000000000000e+05
5.217360000000000000e+05
5.300250000000000000e+05
5.362050000000000000e+05
5.455110000000000000e+05
5.514740000000000000e+05
5.606110000000000000e+05
5.677310000000000000e+05
5.738860000000000000e+05
5.816130000000000000e+05
5.875360000000000000e+05
5.937590000000000000e+05
6.006120000000000000e+05
6.051830000000000000e+05
6.092040000000000000e+05
6.144800000000000000e+05
6.190480000000000000e+05
6.231960000000000000e+05
6.267040000000000000e+05
6.285970000000000000e+05
6.309930000000000000e+05
6.328980000000000000e+05
6.352980000000000000e+05
6.363320000000000000e+05
6.364180000000000000e+05
6.371480000000000000e+05
6.349850000000000000e+05
6.338170000000000000e+05
6.328390000000000000e+05
6.321190000000000000e+05
6.288740000000000000e+05
6.264070000000000000e+05
6.217260000000000000e+05
6.181870000000000000e+05
6.141950000000000000e+05
6.112990000000000000e+05
6.045790000000000000e+05
5.984180000000000000e+05
5.928660000000000000e+05
5.873090000000000000e+05
5.809350000000000000e+05
5.720550000000000000e+05
5.690300000000000000e+05
5.597440000000000000e+05
5.523960000000000000e+05
5.438790000000000000e+05
5.373460000000000000e+05
5.297130000000000000e+05
5.198070000000000000e+05
5.140320000000000000e+05
5.062920000000000000e+05
4.958710000000000000e+05
4.877090000000000000e+05
4.802820000000000000e+05
4.723710000000000000e+05
4.633950000000000000e+05
4.550420000000000000e+05
4.465880000000000000e+05
4.395540000000000000e+05
4.313290000000000000e+05
4.236240000000000000e+05
4.155980000000000000e+05
4.073420000000000000e+05
3.997100000000000000e+05
3.922640000000000000e+05
3.849600000000000000e+05
3.778150000000000000e+05
3.699950000000000000e+05
3.616590000000000000e+05
3.556530000000000000e+05
3.490310000000000000e+05
3.416230000000000000e+05
3.345280000000000000e+05
3.280000000000000000e+05
3.206000000000000000e+05
3.147280000000000000e+05
3.086650000000000000e+05
3.032080000000000000e+05
2.965470000000000000e+05
2.909410000000000000e+05
2.850550000000000000e+05
2.794190000000000000e+05
2.739160000000000000e+05
2.696970000000000000e+05
2.637030000000000000e+05
2.588200000000000000e+05
2.541780000000000000e+05
2.482370000000000000e+05
2.426270000000000000e+05
2.388970000000000000e+05
2.347720000000000000e+05
2.298870000000000000e+05
2.255050000000000000e+05
2.216400000000000000e+05
2.168390000000000000e+05
2.133060000000000000e+05
2.092820000000000000e+05
2.057490000000000000e+05
2.011350000000000000e+05
1.979340000000000000e+05
1.936240000000000000e+05
1.906990000000000000e+05
1.860620000000000000e+05
1.837410000000000000e+05
1.799500000000000000e+05
1.775690000000000000e+05
1.751560000000000000e+05
1.714450000000000000e+05
1.684820000000000000e+05
1.648430000000000000e+05
1.625020000000000000e+05
1.598140000000000000e+05
1.571040000000000000e+05
1.538640000000000000e+05
1.516970000000000000e+05
1.484810000000000000e+05
1.459280000000000000e+05
1.438600000000000000e+05
1.412220000000000000e+05
1.391560000000000000e+05
1.375590000000000000e+05
1.345080000000000000e+05
1.325240000000000000e+05
1.305190000000000000e+05
1.278190000000000000e+05
1.264280000000000000e+05
1.240270000000000000e+05
1.228520000000000000e+05
1.204600000000000000e+05
1.186070000000000000e+05
1.167800000000000000e+05
1.156760000000000000e+05
1.132830000000000000e+05
1.115630000000000000e+05
1.104650000000000000e+05
1.075880000000000000e+05
1.069560000000000000e+05
1.053330000000000000e+05
1.038510000000000000e+05
1.018810000000000000e+05
1.005430000000000000e+05
9.889100000000000000e+04
9.732800000000000000e+04
9.648500000000000000e+04
9.518700000000000000e+04
9.387100000000000000e+04
9.260500000000000000e+04
9.133300000000000000e+04
8.908700000000000000e+04
8.827900000000000000e+04
8.769200000000000000e+04
8.618800000000000000e+04
8.426500000000000000e+04
8.315300000000000000e+04
8.250000000000000000e+04
8.131300000000000000e+04
8.060500000000000000e+04
7.980500000000000000e+04
7.827900000000000000e+04
7.738800000000000000e+04
7.641800000000000000e+04
7.548200000000000000e+04
7.438900000000000000e+04
7.388200000000000000e+04
7.277500000000000000e+04
7.145800000000000000e+04
7.042000000000000000e+04
6.966600000000000000e+04
6.878400000000000000e+04
6.825200000000000000e+04
6.767900000000000000e+04
6.669300000000000000e+04
6.561900000000000000e+04
6.491100000000000000e+04
6.409700000000000000e+04
6.319900000000000000e+04
6.223300000000000000e+04
6.130100000000000000e+04
6.109300000000000000e+04
6.020000000000000000e+04
5.941500000000000000e+04
5.944900000000000000e+04
5.809100000000000000e+04
5.767200000000000000e+04
5.684500000000000000e+04
5.637500000000000000e+04
5.560700000000000000e+04
5.481300000000000000e+04
5.451400000000000000e+04
5.347500000000000000e+04
5.298200000000000000e+04
5.287900000000000000e+04
5.186400000000000000e+04
5.137000000000000000e+04
5.063900000000000000e+04
5.044900000000000000e+04
5.024900000000000000e+04
4.902000000000000000e+04
4.867800000000000000e+04
4.824000000000000000e+04
4.781000000000000000e+04
4.735700000000000000e+04
4.717200000000000000e+04
4.648200000000000000e+04
4.563700000000000000e+04
4.515500000000000000e+04
4.464100000000000000e+04
4.425000000000000000e+04
4.390300000000000000e+04
4.347200000000000000e+04
4.322800000000000000e+04
4.260000000000000000e+04
4.279300000000000000e+04
4.205000000000000000e+04
4.169200000000000000e+04
4.090400000000000000e+04
4.091200000000000000e+04
4.007900000000000000e+04
3.989600000000000000e+04
3.943100000000000000e+04
3.897500000000000000e+04
3.882900000000000000e+04
3.792500000000000000e+04
3.805600000000000000e+04
3.739400000000000000e+04
3.726800000000000000e+04
3.704500000000000000e+04
3.635700000000000000e+04
3.618100000000000000e+04
3.590300000000000000e+04
3.564900000000000000e+04
3.549300000000000000e+04
3.506200000000000000e+04
3.428200000000000000e+04
3.432900000000000000e+04
3.403800000000000000e+04
3.347600000000000000e+04
3.366000000000000000e+04
3.299300000000000000e+04
3.261700000000000000e+04
3.233800000000000000e+04
3.231900000000000000e+04
3.249800000000000000e+04
3.149900000000000000e+04
3.121600000000000000e+04
3.102800000000000000e+04
3.092300000000000000e+04
3.040500000000000000e+04
3.011700000000000000e+04
2.989400000000000000e+04
2.997100000000000000e+04
2.948900000000000000e+04
2.946900000000000000e+04
2.931000000000000000e+04
2.890500000000000000e+04
2.813100000000000000e+04
2.836500000000000000e+04
2.809800000000000000e+04
2.802600000000000000e+04
2.755400000000000000e+04
2.758900000000000000e+04
2.736200000000000000e+04
2.709100000000000000e+04
2.636600000000000000e+04
2.635300000000000000e+04
2.603100000000000000e+04
2.640400000000000000e+04
2.616500000000000000e+04
2.565300000000000000e+04
2.537000000000000000e+04
2.546200000000000000e+04
2.516000000000000000e+04
2.501100000000000000e+04
2.469500000000000000e+04
2.445100000000000000e+04
2.445400000000000000e+04
2.411100000000000000e+04
2.402600000000000000e+04
2.365400000000000000e+04
2.393900000000000000e+04
2.335000000000000000e+04
2.315900000000000000e+04
2.325800000000000000e+04
2.287500000000000000e+04
2.286500000000000000e+04
2.231000000000000000e+04
2.242500000000000000e+04
2.234400000000000000e+04
2.213400000000000000e+04
2.189900000000000000e+04
2.170400000000000000e+04
2.188100000000000000e+04
2.139700000000000000e+04
2.122400000000000000e+04
2.113600000000000000e+04
2.121300000000000000e+04
2.090400000000000000e+04
2.089300000000000000e+04
2.049700000000000000e+04
2.042400000000000000e+04
2.035500000000000000e+04
2.026400000000000000e+04
2.002100000000000000e+04
1.984900000000000000e+04
1.955300000000000000e+04
1.950100000000000000e+04
1.957900000000000000e+04
1.910200000000000000e+04
1.924600000000000000e+04
1.899500000000000000e+04
1.892200000000000000e+04
1.881000000000000000e+04
1.889400000000000000e+04
1.849200000000000000e+04
1.847000000000000000e+04
1.823900000000000000e+04
1.811500000000000000e+04
1.797800000000000000e+04
1.781400000000000000e+04
1.790600000000000000e+04
1.756200000000000000e+04
1.760600000000000000e+04
1.735300000000000000e+04
1.721600000000000000e+04
1.722400000000000000e+04
1.698500000000000000e+04
1.732100000000000000e+04
1.685600000000000000e+04
1.681400000000000000e+04
1.697700000000000000e+04
1.677100000000000000e+04
1.663200000000000000e+04
1.640500000000000000e+04
1.629200000000000000e+04
1.606200000000000000e+04
1.612200000000000000e+04
1.605700000000000000e+04
1.575400000000000000e+04
1.580000000000000000e+04
1.561300000000000000e+04
1.557400000000000000e+04
1.554500000000000000e+04
1.547000000000000000e+04
1.537100000000000000e+04
1.529900000000000000e+04
1.514500000000000000e+04
1.505700000000000000e+04
1.472500000000000000e+04
1.486900000000000000e+04
1.480300000000000000e+04
1.454700000000000000e+04
1.454900000000000000e+04
1.454100000000000000e+04
1.438400000000000000e+04
1.418000000000000000e+04
1.426100000000000000e+04
1.403800000000000000e+04
1.405500000000000000e+04
1.396800000000000000e+04
1.390600000000000000e+04
1.379300000000000000e+04
1.363200000000000000e+04
1.371600000000000000e+04
1.383400000000000000e+04
1.345100000000000000e+04
1.356200000000000000e+04
1.323900000000000000e+04
1.312600000000000000e+04
1.324000000000000000e+04
1.332900000000000000e+04
1.294200000000000000e+04
1.297300000000000000e+04
1.303300000000000000e+04
1.300200000000000000e+04
1.253100000000000000e+04
1.272800000000000000e+04
1.281700000000000000e+04
1.253600000000000000e+04
1.255200000000000000e+04
1.249200000000000000e+04
1.243300000000000000e+04
1.239700000000000000e+04
1.211300000000000000e+04
1.221500000000000000e+04
1.191800000000000000e+04
1.203900000000000000e+04
1.188800000000000000e+04
1.193000000000000000e+04
1.176300000000000000e+04
1.164000000000000000e+04
1.160000000000000000e+04
1.179700000000000000e+04
1.151700000000000000e+04
1.126200000000000000e+04
1.160200000000000000e+04
1.138000000000000000e+04
1.138700000000000000e+04
1.131400000000000000e+04
1.119800000000000000e+04
1.128300000000000000e+04
1.101100000000000000e+04
1.103200000000000000e+04
1.097200000000000000e+04
1.066400000000000000e+04
1.098300000000000000e+04
1.061300000000000000e+04
1.069900000000000000e+04
1.056600000000000000e+04
1.042800000000000000e+04
1.058500000000000000e+04
1.055000000000000000e+04
1.055500000000000000e+04
1.054700000000000000e+04
1.040300000000000000e+04
1.037900000000000000e+04
1.026800000000000000e+04
1.011400000000000000e+04
1.030300000000000000e+04
1.008200000000000000e+04
1.006000000000000000e+04
1.006100000000000000e+04
1.002900000000000000e+04
1.001200000000000000e+04
9.733000000000000000e+03
1.001700000000000000e+04
9.771000000000000000e+03
9.710000000000000000e+03
9.828000000000000000e+03
9.660000000000000000e+03
9.557000000000000000e+03
9.359000000000000000e+03
9.582000000000000000e+03
9.175000000000000000e+03
9.462000000000000000e+03
9.199000000000000000e+03
9.187000000000000000e+03
9.343000000000000000e+03
9.277000000000000000e+03
9.263000000000000000e+03
9.092000000000000000e+03
9.148000000000000000e+03
9.001000000000000000e+03
9.002000000000000000e+03
8.967000000000000000e+03
8.830000000000000000e+03
8.914000000000000000e+03
8.799000000000000000e+03
8.806000000000000000e+03
8.839000000000000000e+03
8.537000000000000000e+03
8.783000000000000000e+03
8.631000000000000000e+03
8.500000000000000000e+03
8.570000000000000000e+03
8.450000000000000000e+03
8.587000000000000000e+03
8.531000000000000000e+03
8.284000000000000000e+03
8.296000000000000000e+03
8.308000000000000000e+03
8.270000000000000000e+03
8.130000000000000000e+03
8.231000000000000000e+03
8.133000000000000000e+03
8.172000000000000000e+03
8.153000000000000000e+03
8.156000000000000000e+03
7.867000000000000000e+03
7.848000000000000000e+03
7.856000000000000000e+03
7.889000000000000000e+03
7.857000000000000000e+03
7.908000000000000000e+03
7.924000000000000000e+03
7.728000000000000000e+03
7.724000000000000000e+03
7.739000000000000000e+03
7.828000000000000000e+03
7.687000000000000000e+03
7.614000000000000000e+03
7.659000000000000000e+03
7.451000000000000000e+03
7.488000000000000000e+03
7.365000000000000000e+03
7.234000000000000000e+03
7.509000000000000000e+03
7.185000000000000000e+03
7.329000000000000000e+03
7.338000000000000000e+03
7.238000000000000000e+03
7.386000000000000000e+03
7.272000000000000000e+03
7.191000000000000000e+03
7.207000000000000000e+03
7.030000000000000000e+03
7.090000000000000000e+03
7.071000000000000000e+03
7.147000000000000000e+03
7.043000000000000000e+03
7.090000000000000000e+03
6.973000000000000000e+03
6.855000000000000000e+03
7.007000000000000000e+03
6.847000000000000000e+03
6.913000000000000000e+03
6.863000000000000000e+03
6.741000000000000000e+03
6.674000000000000000e+03
6.803000000000000000e+03
6.715000000000000000e+03
6.696000000000000000e+03
6.487000000000000000e+03
6.581000000000000000e+03
6.517000000000000000e+03
6.508000000000000000e+03
6.481000000000000000e+03
6.661000000000000000e+03
6.490000000000000000e+03
6.415000000000000000e+03
6.600000000000000000e+03
6.534000000000000000e+03
6.431000000000000000e+03
6.404000000000000000e+03
6.375000000000000000e+03
6.288000000000000000e+03
