6.387000000000000000e+03
6.299000000000000000e+03
6.433000000000000000e+03
6.290000000000000000e+03
6.544000000000000000e+03
6.426000000000000000e+03
6.373000000000000000e+03
6.470000000000000000e+03
6.574000000000000000e+03
6.544000000000000000e+03
6.669000000000000000e+03
6.621000000000000000e+03
6.747000000000000000e+03
6.730000000000000000e+03
6.701000000000000000e+03
6.723000000000000000e+03
6.723000000000000000e+03
6.806000000000000000e+03
6.637000000000000000e+03
7.059000000000000000e+03
6.914000000000000000e+03
6.821000000000000000e+03
6.935000000000000000e+03
6.889000000000000000e+03
6.990000000000000000e+03
6.925000000000000000e+03
6.941000000000000000e+03
7.037000000000000000e+03
7.176000000000000000e+03
7.013000000000000000e+03
7.171000000000000000e+03
7.145000000000000000e+03
7.389000000000000000e+03
7.225000000000000000e+03
7.287000000000000000e+03
7.489000000000000000e+03
7.477000000000000000e+03
7.352000000000000000e+03
7.343000000000000000e+03
7.324000000000000000e+03
7.477000000000000000e+03
7.512000000000000000e+03
7.383000000000000000e+03
7.739000000000000000e+03
7.714000000000000000e+03
7.673000000000000000e+03
7.688000000000000000e+03
7.688000000000000000e+03
7.663000000000000000e+03
7.748000000000000000e+03
7.643000000000000000e+03
7.872000000000000000e+03
7.924000000000000000e+03
7.915000000000000000e+03
8.001000000000000000e+03
8.113000000000000000e+03
7.947000000000000000e+03
7.969000000000000000e+03
8.034000000000000000e+03
8.152000000000000000e+03
8.147000000000000000e+03
8.097000000000000000e+03
8.134000000000000000e+03
8.218000000000000000e+03
8.321000000000000000e+03
8.550000000000000000e+03
8.297000000000000000e+03
8.576000000000000000e+03
8.489000000000000000e+03
8.533000000000000000e+03
8.622000000000000000e+03
8.712000000000000000e+03
8.484000000000000000e+03
8.817000000000000000e+03
8.694000000000000000e+03
8.720000000000000000e+03
8.933000000000000000e+03
8.774000000000000000e+03
8.755000000000000000e+03
8.927000000000000000e+03
9.008000000000000000e+03
9.049000000000000000e+03
8.980000000000000000e+03
8.845000000000000000e+03
9.165000000000000000e+03
9.226000000000000000e+03
9.251000000000000000e+03
9.104000000000000000e+03
9.270000000000000000e+03
9.242000000000000000e+03
9.380000000000000000e+03
9.528000000000000000e+03
9.342000000000000000e+03
9.468000000000000000e+03
9.653000000000000000e+03
9.595000000000000000e+03
9.487000000000000000e+03
9.777000000000000000e+03
9.722000000000000000e+03
9.766000000000000000e+03
9.745000000000000000e+03
9.792000000000000000e+03
9.793000000000000000e+03
1.015000000000000000e+04
9.882000000000000000e+03
1.008500000000000000e+04
1.015800000000000000e+04
1.034400000000000000e+04
1.003000000000000000e+04
1.021800000000000000e+04
1.032300000000000000e+04
1.042800000000000000e+04
1.040200000000000000e+04
1.063700000000000000e+04
1.046800000000000000e+04
1.062400000000000000e+04
1.067300000000000000e+04
1.064600000000000000e+04
1.080500000000000000e+04
1.068900000000000000e+04
1.101900000000000000e+04
1.085400000000000000e+04
1.105600000000000000e+04
1.090900000000000000e+04
1.106600000000000000e+04
1.114300000000000000e+04
1.110900000000000000e+04
1.127000000000000000e+04
1.121400000000000000e+04
1.141900000000000000e+04
1.156100000000000000e+04
1.164100000000000000e+04
1.165200000000000000e+04
1.156200000000000000e+04
1.169800000000000000e+04
1.188900000000000000e+04
1.190300000000000000e+04
1.181800000000000000e+04
1.188400000000000000e+04
1.220500000000000000e+04
1.207600000000000000e+04
1.212800000000000000e+04
1.223600000000000000e+04
1.233800000000000000e+04
1.221700000000000000e+04
1.244900000000000000e+04
1.256500000000000000e+04
1.246700000000000000e+04
1.265400000000000000e+04
1.270100000000000000e+04
1.280700000000000000e+04
1.290700000000000000e+04
1.279800000000000000e+04
1.285300000000000000e+04
1.303300000000000000e+04
1.316200000000000000e+04
1.329500000000000000e+04
1.325400000000000000e+04
1.323000000000000000e+04
1.340300000000000000e+04
1.353700000000000000e+04
1.360100000000000000e+04
1.350000000000000000e+04
1.382000000000000000e+04
1.384700000000000000e+04
1.391900000000000000e+04
1.400500000000000000e+04
1.425600000000000000e+04
1.418300000000000000e+04
1.418900000000000000e+04
1.432400000000000000e+04
1.433300000000000000e+04
1.456200000000000000e+04
1.460800000000000000e+04
1.469600000000000000e+04
1.494000000000000000e+04
1.503800000000000000e+04
1.494700000000000000e+04
1.515900000000000000e+04
1.534700000000000000e+04
1.521200000000000000e+04
1.542500000000000000e+04
1.538700000000000000e+04
1.544300000000000000e+04
1.552700000000000000e+04
1.579000000000000000e+04
1.565700000000000000e+04
1.578100000000000000e+04
1.613800000000000000e+04
1.604500000000000000e+04
1.638100000000000000e+04
1.621300000000000000e+04
1.664700000000000000e+04
1.632800000000000000e+04
1.659800000000000000e+04
1.697200000000000000e+04
1.701400000000000000e+04
1.683800000000000000e+04
1.697300000000000000e+04
1.735200000000000000e+04
1.735600000000000000e+04
1.721100000000000000e+04
1.757800000000000000e+04
1.753300000000000000e+04
1.777500000000000000e+04
1.790300000000000000e+04
1.784400000000000000e+04
1.809700000000000000e+04
1.826300000000000000e+04
1.833800000000000000e+04
1.837400000000000000e+04
1.867400000000000000e+04
1.856600000000000000e+04
1.865200000000000000e+04
1.896600000000000000e+04
1.897800000000000000e+04
1.947100000000000000e+04
1.934700000000000000e+04
1.949200000000000000e+04
1.946400000000000000e+04
1.986000000000000000e+04
1.985500000000000000e+04
2.007500000000000000e+04
2.005100000000000000e+04
2.028800000000000000e+04
2.048300000000000000e+04
2.051900000000000000e+04
2.072700000000000000e+04
2.089000000000000000e+04
2.095600000000000000e+04
2.119500000000000000e+04
2.134100000000000000e+04
2.165400000000000000e+04
2.167000000000000000e+04
2.169200000000000000e+04
2.188000000000000000e+04
2.218400000000000000e+04
2.239600000000000000e+04
2.270000000000000000e+04
2.255300000000000000e+04
2.319100000000000000e+04
2.311300000000000000e+04
2.317400000000000000e+04
2.360800000000000000e+04
2.349600000000000000e+04
2.378300000000000000e+04
2.404600000000000000e+04
2.420000000000000000e+04
2.407300000000000000e+04
2.446900000000000000e+04
2.421800000000000000e+04
2.471200000000000000e+04
2.453600000000000000e+04
2.535500000000000000e+04
2.542800000000000000e+04
2.560400000000000000e+04
2.562200000000000000e+04
2.627500000000000000e+04
2.647800000000000000e+04
2.625800000000000000e+04
2.664300000000000000e+04
2.703600000000000000e+04
2.681500000000000000e+04
2.715000000000000000e+04
2.729400000000000000e+04
2.758000000000000000e+04
2.823100000000000000e+04
2.777000000000000000e+04
2.840200000000000000e+04
2.862200000000000000e+04
2.903600000000000000e+04
2.905200000000000000e+04
2.943700000000000000e+04
2.949500000000000000e+04
2.999400000000000000e+04
3.016200000000000000e+04
3.016800000000000000e+04
3.064500000000000000e+04
3.097500000000000000e+04
3.119500000000000000e+04
3.150300000000000000e+04
3.176400000000000000e+04
3.201400000000000000e+04
3.243000000000000000e+04
3.288800000000000000e+04
3.299700000000000000e+04
3.292200000000000000e+04
3.338800000000000000e+04
3.386900000000000000e+04
3.390300000000000000e+04
3.423000000000000000e+04
3.476700000000000000e+04
3.497500000000000000e+04
3.518200000000000000e+04
3.582200000000000000e+04
3.594500000000000000e+04
3.622700000000000000e+04
3.643000000000000000e+04
3.690200000000000000e+04
3.734700000000000000e+04
3.744100000000000000e+04
3.813200000000000000e+04
3.837600000000000000e+04
3.886600000000000000e+04
3.911900000000000000e+04
3.946500000000000000e+04
4.010900000000000000e+04
4.038000000000000000e+04
4.015100000000000000e+04
4.112200000000000000e+04
4.129100000000000000e+04
4.204300000000000000e+04
4.257500000000000000e+04
4.291300000000000000e+04
4.275500000000000000e+04
4.379000000000000000e+04
4.418200000000000000e+04
4.474400000000000000e+04
4.499100000000000000e+04
4.528600000000000000e+04
4.543200000000000000e+04
4.649500000000000000e+04
4.664500000000000000e+04
4.727600000000000000e+04
4.799600000000000000e+04
4.848900000000000000e+04
4.859200000000000000e+04
4.927100000000000000e+04
4.976900000000000000e+04
5.052600000000000000e+04
5.127200000000000000e+04
5.166300000000000000e+04
5.234800000000000000e+04
5.298400000000000000e+04
5.273500000000000000e+04
5.364100000000000000e+04
5.482500000000000000e+04
5.531300000000000000e+04
5.565000000000000000e+04
5.641100000000000000e+04
5.720700000000000000e+04
5.781500000000000000e+04
5.801700000000000000e+04
5.940700000000000000e+04
5.967700000000000000e+04
6.022600000000000000e+04
6.148500000000000000e+04
6.186400000000000000e+04
6.287500000000000000e+04
6.305400000000000000e+04
6.406400000000000000e+04
6.474500000000000000e+04
6.514000000000000000e+04
6.646400000000000000e+04
6.694800000000000000e+04
6.744200000000000000e+04
6.854100000000000000e+04
6.946200000000000000e+04
7.080600000000000000e+04
7.134500000000000000e+04
7.229400000000000000e+04
7.341700000000000000e+04
7.486700000000000000e+04
7.516300000000000000e+04
7.615800000000000000e+04
7.752600000000000000e+04
7.881000000000000000e+04
7.929700000000000000e+04
8.069800000000000000e+04
8.129100000000000000e+04
8.233200000000000000e+04
8.402200000000000000e+04
8.527800000000000000e+04
8.601000000000000000e+04
8.714700000000000000e+04
8.872200000000000000e+04
8.918300000000000000e+04
9.131100000000000000e+04
9.191300000000000000e+04
9.333500000000000000e+04
9.459300000000000000e+04
9.636100000000000000e+04
9.739800000000000000e+04
9.862300000000000000e+04
1.001150000000000000e+05
1.015900000000000000e+05
1.035220000000000000e+05
1.054350000000000000e+05
1.067660000000000000e+05
1.079030000000000000e+05
1.095150000000000000e+05
1.112970000000000000e+05
1.133640000000000000e+05
1.150790000000000000e+05
1.165010000000000000e+05
1.185720000000000000e+05
1.206390000000000000e+05
1.229830000000000000e+05
1.237280000000000000e+05
1.257930000000000000e+05
1.284300000000000000e+05
1.304680000000000000e+05
1.325010000000000000e+05
1.347150000000000000e+05
1.360370000000000000e+05
1.390790000000000000e+05
1.423920000000000000e+05
1.437300000000000000e+05
1.465150000000000000e+05
1.483550000000000000e+05
1.517040000000000000e+05
1.543320000000000000e+05
1.560190000000000000e+05
1.589490000000000000e+05
1.616220000000000000e+05
1.653760000000000000e+05
1.677130000000000000e+05
1.715530000000000000e+05
1.736710000000000000e+05
1.779840000000000000e+05
1.796710000000000000e+05
1.835340000000000000e+05
1.862910000000000000e+05
1.914470000000000000e+05
1.938580000000000000e+05
1.975980000000000000e+05
2.016520000000000000e+05
2.057630000000000000e+05
2.091180000000000000e+05
2.124590000000000000e+05
2.168070000000000000e+05
2.210310000000000000e+05
2.251270000000000000e+05
2.307240000000000000e+05
2.344420000000000000e+05
2.389080000000000000e+05
2.438330000000000000e+05
2.473440000000000000e+05
2.527510000000000000e+05
2.588090000000000000e+05
2.639920000000000000e+05
2.691840000000000000e+05
2.742930000000000000e+05
2.796600000000000000e+05
2.848530000000000000e+05
2.899970000000000000e+05
2.975860000000000000e+05
3.025370000000000000e+05
3.090460000000000000e+05
3.147140000000000000e+05
3.212630000000000000e+05
3.287090000000000000e+05
3.351340000000000000e+05
3.411290000000000000e+05
3.477180000000000000e+05
3.553380000000000000e+05
3.623550000000000000e+05
3.694300000000000000e+05
3.774160000000000000e+05
3.828110000000000000e+05
3.916100000000000000e+05
3.995050000000000000e+05
4.081710000000000000e+05
4.149790000000000000e+05
4.238460000000000000e+05
4.313560000000000000e+05
4.400160000000000000e+05
4.463100000000000000e+05
4.569550000000000000e+05
4.633310000000000000e+05
4.734160000000000000e+05
4.795850000000000000e+05
4.879240000000000000e+05
4.973010000000000000e+05
5.050930000000000000e+05
5.132050000000000000e+05
5.226140000000000000e+05
5.290240000000000000e+05
5.363080000000000000e+05
5.454530000000000000e+05
5.513760000000000000e+05
5.607000000000000000e+05
5.681500000000000000e+05
5.746470000000000000e+05
5.815470000000000000e+05
5.873110000000000000e+05
5.938820000000000000e+05
5.962350000000000000e+05
6.046690000000000000e+05
6.106560000000000000e+05
6.138570000000000000e+05
6.200470000000000000e+05
6.205500000000000000e+05
6.268500000000000000e+05
6.270150000000000000e+05
6.317610000000000000e+05
6.336590000000000000e+05
6.346190000000000000e+05
6.364610000000000000e+05
6.364570000000000000e+05
6.358400000000000000e+05
6.370370000000000000e+05
6.343590000000000000e+05
6.325720000000000000e+05
6.319220000000000000e+05
6.286130000000000000e+05
6.261000000000000000e+05
6.225080000000000000e+05
6.189180000000000000e+05
6.144000000000000000e+05
6.095770000000000000e+05
6.048910000000000000e+05
5.991180000000000000e+05
5.937310000000000000e+05
5.872410000000000000e+05
5.814780000000000000e+05
5.732640000000000000e+05
5.660500000000000000e+05
5.604440000000000000e+05
5.520080000000000000e+05
5.460770000000000000e+05
5.367780000000000000e+05
5.286710000000000000e+05
5.214690000000000000e+05
5.132270000000000000e+05
5.064450000000000000e+05
4.972380000000000000e+05
4.892380000000000000e+05
4.804710000000000000e+05
4.729640000000000000e+05
4.642080000000000000e+05
4.560250000000000000e+05
4.474390000000000000e+05
4.388970000000000000e+05
4.311120000000000000e+05
4.223130000000000000e+05
4.160130000000000000e+05
4.085630000000000000e+05
3.991050000000000000e+05
3.923880000000000000e+05
3.846170000000000000e+05
3.767780000000000000e+05
3.703100000000000000e+05
3.622330000000000000e+05
3.555840000000000000e+05
3.485090000000000000e+05
3.406290000000000000e+05
3.344970000000000000e+05
3.283470000000000000e+05
3.218400000000000000e+05
3.151360000000000000e+05
3.080790000000000000e+05
3.029260000000000000e+05
2.961760000000000000e+05
2.910880000000000000e+05
2.858780000000000000e+05
2.797970000000000000e+05
2.748730000000000000e+05
2.689790000000000000e+05
2.635010000000000000e+05
2.585970000000000000e+05
2.532700000000000000e+05
2.488410000000000000e+05
2.432680000000000000e+05
2.389510000000000000e+05
2.342320000000000000e+05
2.295420000000000000e+05
2.252630000000000000e+05
2.213780000000000000e+05
2.171150000000000000e+05
2.131380000000000000e+05
2.095360000000000000e+05
2.049320000000000000e+05
2.016230000000000000e+05
1.977930000000000000e+05
1.941770000000000000e+05
1.906650000000000000e+05
1.864870000000000000e+05
1.839200000000000000e+05
1.802230000000000000e+05
1.770900000000000000e+05
1.747730000000000000e+05
1.718370000000000000e+05
1.680000000000000000e+05
1.651440000000000000e+05
1.624640000000000000e+05
1.596040000000000000e+05
1.566210000000000000e+05
1.536550000000000000e+05
1.517330000000000000e+05
1.491770000000000000e+05
1.464300000000000000e+05
1.435400000000000000e+05
1.411820000000000000e+05
1.391480000000000000e+05
1.367740000000000000e+05
1.350080000000000000e+05
1.322020000000000000e+05
1.308580000000000000e+05
1.277710000000000000e+05
1.262880000000000000e+05
1.238790000000000000e+05
1.222690000000000000e+05
1.202060000000000000e+05
1.185690000000000000e+05
1.172140000000000000e+05
1.150900000000000000e+05
1.130960000000000000e+05
1.115610000000000000e+05
1.097390000000000000e+05
1.084120000000000000e+05
1.067490000000000000e+05
1.051170000000000000e+05
1.033990000000000000e+05
1.020310000000000000e+05
1.002490000000000000e+05
9.913100000000000000e+04
9.765800000000000000e+04
9.635600000000000000e+04
9.462100000000000000e+04
9.378600000000000000e+04
9.214800000000000000e+04
9.078900000000000000e+04
8.973300000000000000e+04
8.847000000000000000e+04
8.734400000000000000e+04
8.613800000000000000e+04
8.435400000000000000e+04
8.377400000000000000e+04
8.295800000000000000e+04
8.159700000000000000e+04
8.059900000000000000e+04
7.921600000000000000e+04
7.827400000000000000e+04
7.677200000000000000e+04
7.657200000000000000e+04
7.499400000000000000e+04
7.478300000000000000e+04
7.346900000000000000e+04
7.220700000000000000e+04
7.160200000000000000e+04
7.027100000000000000e+04
6.937000000000000000e+04
6.861900000000000000e+04
6.849300000000000000e+04
6.739300000000000000e+04
6.646800000000000000e+04
6.560600000000000000e+04
6.507600000000000000e+04
6.403400000000000000e+04
6.330300000000000000e+04
6.248400000000000000e+04
6.184100000000000000e+04
6.100000000000000000e+04
6.047700000000000000e+04
5.974700000000000000e+04
5.912300000000000000e+04
5.821900000000000000e+04
5.763300000000000000e+04
5.693600000000000000e+04
5.700100000000000000e+04
5.585000000000000000e+04
5.522600000000000000e+04
5.443200000000000000e+04
5.427000000000000000e+04
5.290400000000000000e+04
5.281700000000000000e+04
5.175000000000000000e+04
5.096900000000000000e+04
5.124000000000000000e+04
5.007600000000000000e+04
4.976900000000000000e+04
4.944500000000000000e+04
4.891900000000000000e+04
4.842300000000000000e+04
4.798700000000000000e+04
4.739900000000000000e+04
4.680600000000000000e+04
4.615000000000000000e+04
4.569100000000000000e+04
4.519200000000000000e+04
4.530100000000000000e+04
4.444500000000000000e+04
4.376900000000000000e+04
4.353400000000000000e+04
4.309500000000000000e+04
4.252600000000000000e+04
4.212100000000000000e+04
4.174600000000000000e+04
4.100500000000000000e+04
4.107300000000000000e+04
4.075900000000000000e+04
4.018100000000000000e+04
3.993600000000000000e+04
3.962400000000000000e+04
3.932000000000000000e+04
3.859300000000000000e+04
3.874100000000000000e+04
3.809200000000000000e+04
3.757700000000000000e+04
3.679000000000000000e+04
3.669300000000000000e+04
3.681100000000000000e+04
3.623200000000000000e+04
3.583600000000000000e+04
3.555900000000000000e+04
3.540000000000000000e+04
3.473600000000000000e+04
3.484500000000000000e+04
3.435400000000000000e+04
3.398000000000000000e+04
3.357200000000000000e+04
3.325500000000000000e+04
3.301700000000000000e+04
3.269300000000000000e+04
3.263700000000000000e+04
3.210300000000000000e+04
3.148700000000000000e+04
3.135100000000000000e+04
3.155100000000000000e+04
3.130900000000000000e+04
3.068600000000000000e+04
3.090700000000000000e+04
3.017600000000000000e+04
3.006200000000000000e+04
3.009200000000000000e+04
2.948800000000000000e+04
2.926700000000000000e+04
2.895100000000000000e+04
2.879500000000000000e+04
2.858100000000000000e+04
2.865200000000000000e+04
2.824600000000000000e+04
2.808600000000000000e+04
2.752400000000000000e+04
2.741500000000000000e+04
2.724600000000000000e+04
2.719000000000000000e+04
2.721200000000000000e+04
2.649300000000000000e+04
2.648600000000000000e+04
2.630500000000000000e+04
2.598800000000000000e+04
2.538900000000000000e+04
2.532400000000000000e+04
2.550600000000000000e+04
2.504600000000000000e+04
2.505700000000000000e+04
2.501500000000000000e+04
2.448900000000000000e+04
2.437500000000000000e+04
2.399200000000000000e+04
2.419200000000000000e+04
2.379600000000000000e+04
2.367800000000000000e+04
2.362600000000000000e+04
2.321300000000000000e+04
2.303300000000000000e+04
2.311600000000000000e+04
2.270900000000000000e+04
2.262800000000000000e+04
2.255100000000000000e+04
2.236800000000000000e+04
2.241100000000000000e+04
2.192200000000000000e+04
2.181200000000000000e+04
2.190000000000000000e+04
2.171900000000000000e+04
2.138700000000000000e+04
2.118400000000000000e+04
2.120000000000000000e+04
2.056800000000000000e+04
2.075000000000000000e+04
2.060100000000000000e+04
2.029600000000000000e+04
2.038600000000000000e+04
2.026900000000000000e+04
2.004700000000000000e+04
1.996000000000000000e+04
1.978800000000000000e+04
1.975300000000000000e+04
1.965100000000000000e+04
1.937100000000000000e+04
1.917400000000000000e+04
1.902900000000000000e+04
1.867100000000000000e+04
1.867700000000000000e+04
1.851900000000000000e+04
1.848800000000000000e+04
1.818900000000000000e+04
1.798000000000000000e+04
1.831500000000000000e+04
1.820300000000000000e+04
1.794400000000000000e+04
1.801000000000000000e+04
1.764500000000000000e+04
1.767700000000000000e+04
1.748800000000000000e+04
1.731000000000000000e+04
1.731800000000000000e+04
1.699600000000000000e+04
1.721900000000000000e+04
1.689300000000000000e+04
1.689100000000000000e+04
1.666200000000000000e+04
1.651400000000000000e+04
1.651500000000000000e+04
1.660100000000000000e+04
1.657700000000000000e+04
1.616500000000000000e+04
1.617200000000000000e+04
1.604500000000000000e+04
1.587700000000000000e+04
1.580700000000000000e+04
1.550000000000000000e+04
1.565000000000000000e+04
1.545300000000000000e+04
1.544800000000000000e+04
1.531800000000000000e+04
1.499500000000000000e+04
1.507600000000000000e+04
1.495700000000000000e+04
1.496800000000000000e+04
1.487500000000000000e+04
1.485600000000000000e+04
1.471100000000000000e+04
1.459400000000000000e+04
1.443300000000000000e+04
1.453800000000000000e+04
1.428500000000000000e+04
1.423300000000000000e+04
1.417000000000000000e+04
1.404000000000000000e+04
1.398600000000000000e+04
1.392300000000000000e+04
1.366100000000000000e+04
1.380400000000000000e+04
1.360200000000000000e+04
1.368500000000000000e+04
1.362800000000000000e+04
1.349900000000000000e+04
1.331100000000000000e+04
1.315700000000000000e+04
1.319400000000000000e+04
1.311600000000000000e+04
1.302000000000000000e+04
1.308500000000000000e+04
1.313500000000000000e+04
1.270100000000000000e+04
1.255600000000000000e+04
1.267600000000000000e+04
1.263700000000000000e+04
1.247900000000000000e+04
1.249300000000000000e+04
1.241500000000000000e+04
1.257900000000000000e+04
1.238000000000000000e+04
1.223000000000000000e+04
1.223600000000000000e+04
1.186700000000000000e+04
1.185000000000000000e+04
1.185300000000000000e+04
1.201000000000000000e+04
1.176900000000000000e+04
1.172700000000000000e+04
1.166700000000000000e+04
1.163000000000000000e+04
1.159800000000000000e+04
1.140800000000000000e+04
1.159200000000000000e+04
1.138300000000000000e+04
1.121200000000000000e+04
1.111800000000000000e+04
1.149200000000000000e+04
1.138300000000000000e+04
1.114700000000000000e+04
1.123400000000000000e+04
1.089300000000000000e+04
1.096900000000000000e+04
1.078000000000000000e+04
1.096800000000000000e+04
1.067800000000000000e+04
1.082600000000000000e+04
1.080700000000000000e+04
1.050700000000000000e+04
1.043500000000000000e+04
1.040600000000000000e+04
1.034300000000000000e+04
1.034500000000000000e+04
1.027500000000000000e+04
1.034100000000000000e+04
1.023200000000000000e+04
1.009300000000000000e+04
1.000800000000000000e+04
9.916000000000000000e+03
9.802000000000000000e+03
9.868000000000000000e+03
9.965000000000000000e+03
9.678000000000000000e+03
9.881000000000000000e+03
9.710000000000000000e+03
9.625000000000000000e+03
9.685000000000000000e+03
9.604000000000000000e+03
9.521000000000000000e+03
9.403000000000000000e+03
9.557000000000000000e+03
9.323000000000000000e+03
9.339000000000000000e+03
9.464000000000000000e+03
9.163000000000000000e+03
9.398000000000000000e+03
9.192000000000000000e+03
9.197000000000000000e+03
9.046000000000000000e+03
9.214000000000000000e+03
9.133000000000000000e+03
8.991000000000000000e+03
8.973000000000000000e+03
9.060000000000000000e+03
8.796000000000000000e+03
8.698000000000000000e+03
8.749000000000000000e+03
8.777000000000000000e+03
8.779000000000000000e+03
8.654000000000000000e+03
8.667000000000000000e+03
8.629000000000000000e+03
8.710000000000000000e+03
8.460000000000000000e+03
8.432000000000000000e+03
8.500000000000000000e+03
8.473000000000000000e+03
8.321000000000000000e+03
8.368000000000000000e+03
8.157000000000000000e+03
8.231000000000000000e+03
8.141000000000000000e+03
8.159000000000000000e+03
8.217000000000000000e+03
7.901000000000000000e+03
8.081000000000000000e+03
8.084000000000000000e+03
7.870000000000000000e+03
8.049000000000000000e+03
8.001000000000000000e+03
7.812000000000000000e+03
7.890000000000000000e+03
7.814000000000000000e+03
7.854000000000000000e+03
7.843000000000000000e+03
7.681000000000000000e+03
7.654000000000000000e+03
7.586000000000000000e+03
7.722000000000000000e+03
7.613000000000000000e+03
7.613000000000000000e+03
7.433000000000000000e+03
7.472000000000000000e+03
7.405000000000000000e+03
7.386000000000000000e+03
7.434000000000000000e+03
7.269000000000000000e+03
7.284000000000000000e+03
7.344000000000000000e+03
7.218000000000000000e+03
7.267000000000000000e+03
7.233000000000000000e+03
7.220000000000000000e+03
7.092000000000000000e+03
6.980000000000000000e+03
6.840000000000000000e+03
7.044000000000000000e+03
6.916000000000000000e+03
7.173000000000000000e+03
6.828000000000000000e+03
6.989000000000000000e+03
6.712000000000000000e+03
6.806000000000000000e+03
6.915000000000000000e+03
7.000000000000000000e+03
6.818000000000000000e+03
6.704000000000000000e+03
6.749000000000000000e+03
6.566000000000000000e+03
6.627000000000000000e+03
6.746000000000000000e+03
6.650000000000000000e+03
6.549000000000000000e+03
6.450000000000000000e+03
6.577000000000000000e+03
6.425000000000000000e+03
6.501000000000000000e+03
6.468000000000000000e+03
6.434000000000000000e+03
6.338000000000000000e+03
6.277000000000000000e+03
6.377000000000000000e+03
6.227000000000000000e+03
6.329000000000000000e+03
