6.308000000000000000e+03
6.370000000000000000e+03
6.380000000000000000e+03
6.390000000000000000e+03
6.424000000000000000e+03
6.575000000000000000e+03
6.651000000000000000e+03
6.366000000000000000e+03
6.526000000000000000e+03
6.554000000000000000e+03
6.580000000000000000e+03
6.663000000000000000e+03
6.590000000000000000e+03
6.723000000000000000e+03
6.640000000000000000e+03
6.744000000000000000e+03
6.598000000000000000e+03
6.705000000000000000e+03
6.693000000000000000e+03
6.907000000000000000e+03
6.823000000000000000e+03
6.922000000000000000e+03
6.962000000000000000e+03
6.962000000000000000e+03
6.970000000000000000e+03
7.031000000000000000e+03
6.986000000000000000e+03
6.995000000000000000e+03
7.019000000000000000e+03
7.210000000000000000e+03
7.034000000000000000e+03
7.216000000000000000e+03
7.279000000000000000e+03
7.287000000000000000e+03
7.296000000000000000e+03
7.360000000000000000e+03
7.392000000000000000e+03
7.209000000000000000e+03
7.299000000000000000e+03
7.320000000000000000e+03
7.500000000000000000e+03
7.586000000000000000e+03
7.509000000000000000e+03
7.655000000000000000e+03
7.475000000000000000e+03
7.577000000000000000e+03
7.646000000000000000e+03
7.656000000000000000e+03
7.742000000000000000e+03
7.741000000000000000e+03
7.915000000000000000e+03
7.773000000000000000e+03
7.889000000000000000e+03
7.802000000000000000e+03
8.023000000000000000e+03
7.898000000000000000e+03
7.985000000000000000e+03
8.000000000000000000e+03
8.244000000000000000e+03
8.131000000000000000e+03
8.185000000000000000e+03
8.197000000000000000e+03
8.080000000000000000e+03
8.263000000000000000e+03
8.297000000000000000e+03
8.266000000000000000e+03
8.119000000000000000e+03
8.380000000000000000e+03
8.415000000000000000e+03
8.499000000000000000e+03
8.362000000000000000e+03
8.480000000000000000e+03
8.634000000000000000e+03
8.583000000000000000e+03
8.669000000000000000e+03
8.646000000000000000e+03
8.741000000000000000e+03
8.724000000000000000e+03
8.975000000000000000e+03
8.809000000000000000e+03
8.957000000000000000e+03
9.165000000000000000e+03
8.900000000000000000e+03
9.231000000000000000e+03
8.948000000000000000e+03
9.229000000000000000e+03
9.138000000000000000e+03
9.370000000000000000e+03
9.386000000000000000e+03
9.281000000000000000e+03
9.334000000000000000e+03
9.403000000000000000e+03
9.461000000000000000e+03
9.372000000000000000e+03
9.393000000000000000e+03
9.618000000000000000e+03
9.698000000000000000e+03
9.633000000000000000e+03
9.643000000000000000e+03
9.807000000000000000e+03
9.725000000000000000e+03
9.803000000000000000e+03
9.980000000000000000e+03
9.990000000000000000e+03
9.855000000000000000e+03
1.002200000000000000e+04
1.021400000000000000e+04
9.891000000000000000e+03
1.023800000000000000e+04
1.020900000000000000e+04
1.039000000000000000e+04
1.007500000000000000e+04
1.047500000000000000e+04
1.047500000000000000e+04
1.055400000000000000e+04
1.056000000000000000e+04
1.052900000000000000e+04
1.082900000000000000e+04
1.093900000000000000e+04
1.072700000000000000e+04
1.083800000000000000e+04
1.095700000000000000e+04
1.086500000000000000e+04
1.108900000000000000e+04
1.118600000000000000e+04
1.124000000000000000e+04
1.118000000000000000e+04
1.120700000000000000e+04
1.123200000000000000e+04
1.129600000000000000e+04
1.128400000000000000e+04
1.151400000000000000e+04
1.153700000000000000e+04
1.171000000000000000e+04
1.173100000000000000e+04
1.168500000000000000e+04
1.188400000000000000e+04
1.202700000000000000e+04
1.192200000000000000e+04
1.215000000000000000e+04
1.214400000000000000e+04
1.207900000000000000e+04
1.227700000000000000e+04
1.226000000000000000e+04
1.221000000000000000e+04
1.231000000000000000e+04
1.236600000000000000e+04
1.254400000000000000e+04
1.279500000000000000e+04
1.258000000000000000e+04
1.282500000000000000e+04
1.286700000000000000e+04
1.305000000000000000e+04
1.302700000000000000e+04
1.307000000000000000e+04
1.312600000000000000e+04
1.314900000000000000e+04
1.319200000000000000e+04
1.343300000000000000e+04
1.328100000000000000e+04
1.344600000000000000e+04
1.371400000000000000e+04
1.356800000000000000e+04
1.385800000000000000e+04
1.378600000000000000e+04
1.395300000000000000e+04
1.410100000000000000e+04
1.391100000000000000e+04
1.420600000000000000e+04
1.419200000000000000e+04
1.440700000000000000e+04
1.427000000000000000e+04
1.460800000000000000e+04
1.463200000000000000e+04
1.460400000000000000e+04
1.468900000000000000e+04
1.500100000000000000e+04
1.493300000000000000e+04
1.488400000000000000e+04
1.512500000000000000e+04
1.546600000000000000e+04
1.524000000000000000e+04
1.532400000000000000e+04
1.567900000000000000e+04
1.548600000000000000e+04
1.549600000000000000e+04
1.572700000000000000e+04
1.616000000000000000e+04
1.584100000000000000e+04
1.603500000000000000e+04
1.632300000000000000e+04
1.614000000000000000e+04
1.648200000000000000e+04
1.644000000000000000e+04
1.666000000000000000e+04
1.668200000000000000e+04
1.678200000000000000e+04
1.714500000000000000e+04
1.709200000000000000e+04
1.694900000000000000e+04
1.717400000000000000e+04
1.742300000000000000e+04
1.740300000000000000e+04
1.775800000000000000e+04
1.792200000000000000e+04
1.797500000000000000e+04
1.791400000000000000e+04
1.811500000000000000e+04
1.834800000000000000e+04
1.837700000000000000e+04
1.844400000000000000e+04
1.856100000000000000e+04
1.866700000000000000e+04
1.871500000000000000e+04
1.888200000000000000e+04
1.904800000000000000e+04
1.907200000000000000e+04
1.944700000000000000e+04
1.944500000000000000e+04
1.965200000000000000e+04
1.982400000000000000e+04
2.003800000000000000e+04
1.976400000000000000e+04
2.023700000000000000e+04
2.007500000000000000e+04
2.061500000000000000e+04
2.056100000000000000e+04
2.073200000000000000e+04
2.097200000000000000e+04
2.108000000000000000e+04
2.112100000000000000e+04
2.141200000000000000e+04
2.145600000000000000e+04
2.154400000000000000e+04
2.171500000000000000e+04
2.202300000000000000e+04
2.215000000000000000e+04
2.234900000000000000e+04
2.246000000000000000e+04
2.244200000000000000e+04
2.272300000000000000e+04
2.322500000000000000e+04
2.323300000000000000e+04
2.325200000000000000e+04
2.350800000000000000e+04
2.360700000000000000e+04
2.393400000000000000e+04
2.396900000000000000e+04
2.418100000000000000e+04
2.447600000000000000e+04
2.470700000000000000e+04
2.463500000000000000e+04
2.496400000000000000e+04
2.518000000000000000e+04
2.552200000000000000e+04
2.559600000000000000e+04
2.577500000000000000e+04
2.602500000000000000e+04
2.632000000000000000e+04
2.650300000000000000e+04
2.683700000000000000e+04
2.683600000000000000e+04
2.689500000000000000e+04
2.722100000000000000e+04
2.771700000000000000e+04
2.759400000000000000e+04
2.802800000000000000e+04
2.831000000000000000e+04
2.834200000000000000e+04
2.864100000000000000e+04
2.852500000000000000e+04
2.907800000000000000e+04
2.954400000000000000e+04
2.944400000000000000e+04
3.021900000000000000e+04
3.002000000000000000e+04
3.010400000000000000e+04
3.049900000000000000e+04
3.051700000000000000e+04
3.102600000000000000e+04
3.119700000000000000e+04
3.126100000000000000e+04
3.183500000000000000e+04
3.201900000000000000e+04
3.261600000000000000e+04
3.247100000000000000e+04
3.294000000000000000e+04
3.341700000000000000e+04
3.362000000000000000e+04
3.381600000000000000e+04
3.434600000000000000e+04
3.476100000000000000e+04
3.514600000000000000e+04
3.545900000000000000e+04
3.571200000000000000e+04
3.581900000000000000e+04
3.627000000000000000e+04
3.692700000000000000e+04
3.695100000000000000e+04
3.711000000000000000e+04
3.773600000000000000e+04
3.805100000000000000e+04
3.829500000000000000e+04
3.877800000000000000e+04
3.899500000000000000e+04
3.955700000000000000e+04
3.991500000000000000e+04
4.048700000000000000e+04
4.047700000000000000e+04
4.116900000000000000e+04
4.140900000000000000e+04
4.177400000000000000e+04
4.239000000000000000e+04
4.281700000000000000e+04
4.291800000000000000e+04
4.325000000000000000e+04
4.379700000000000000e+04
4.449400000000000000e+04
4.469500000000000000e+04
4.523400000000000000e+04
4.581200000000000000e+04
4.604400000000000000e+04
4.668600000000000000e+04
4.725900000000000000e+04
4.764900000000000000e+04
4.859400000000000000e+04
4.905200000000000000e+04
4.937500000000000000e+04
4.983000000000000000e+04
5.041900000000000000e+04
5.087600000000000000e+04
5.163800000000000000e+04
5.185800000000000000e+04
5.245400000000000000e+04
5.319300000000000000e+04
5.352400000000000000e+04
5.458100000000000000e+04
5.526300000000000000e+04
5.623600000000000000e+04
5.624200000000000000e+04
5.675600000000000000e+04
5.731700000000000000e+04
5.835800000000000000e+04
5.851900000000000000e+04
5.963400000000000000e+04
6.033000000000000000e+04
6.093900000000000000e+04
6.195800000000000000e+04
6.250700000000000000e+04
6.336400000000000000e+04
6.408700000000000000e+04
6.471300000000000000e+04
6.587700000000000000e+04
6.610300000000000000e+04
6.714800000000000000e+04
6.826300000000000000e+04
6.897300000000000000e+04
6.984200000000000000e+04
7.035600000000000000e+04
7.147800000000000000e+04
7.214800000000000000e+04
7.351300000000000000e+04
7.444100000000000000e+04
7.484300000000000000e+04
7.603100000000000000e+04
7.700400000000000000e+04
7.841200000000000000e+04
7.968600000000000000e+04
8.068500000000000000e+04
8.114200000000000000e+04
8.261700000000000000e+04
8.356400000000000000e+04
8.519700000000000000e+04
8.644600000000000000e+04
8.727200000000000000e+04
8.854500000000000000e+04
8.925000000000000000e+04
9.061300000000000000e+04
9.226600000000000000e+04
9.358800000000000000e+04
9.475100000000000000e+04
9.567900000000000000e+04
9.755600000000000000e+04
9.901800000000000000e+04
1.002500000000000000e+05
1.012920000000000000e+05
1.032870000000000000e+05
1.052020000000000000e+05
1.065910000000000000e+05
1.084940000000000000e+05
1.096560000000000000e+05
1.110670000000000000e+05
1.129250000000000000e+05
1.155780000000000000e+05
1.171360000000000000e+05
1.193140000000000000e+05
1.205020000000000000e+05
1.224940000000000000e+05
1.248310000000000000e+05
1.263690000000000000e+05
1.285630000000000000e+05
1.310460000000000000e+05
1.325040000000000000e+05
1.343170000000000000e+05
1.374260000000000000e+05
1.391730000000000000e+05
1.412290000000000000e+05
1.439770000000000000e+05
1.464380000000000000e+05
1.485250000000000000e+05
1.512160000000000000e+05
1.536250000000000000e+05
1.573750000000000000e+05
1.589290000000000000e+05
1.628260000000000000e+05
1.651200000000000000e+05
1.675170000000000000e+05
1.707280000000000000e+05
1.739920000000000000e+05
1.776990000000000000e+05
1.802280000000000000e+05
1.837910000000000000e+05
1.872740000000000000e+05
1.910900000000000000e+05
1.938160000000000000e+05
1.970100000000000000e+05
2.013810000000000000e+05
2.055960000000000000e+05
2.097440000000000000e+05
2.133900000000000000e+05
2.173650000000000000e+05
2.218900000000000000e+05
2.252640000000000000e+05
2.294990000000000000e+05
2.346720000000000000e+05
2.385600000000000000e+05
2.429730000000000000e+05
2.480620000000000000e+05
2.530660000000000000e+05
2.579780000000000000e+05
2.630180000000000000e+05
2.691970000000000000e+05
2.745940000000000000e+05
2.791740000000000000e+05
2.852900000000000000e+05
2.902270000000000000e+05
2.975460000000000000e+05
3.029430000000000000e+05
3.096120000000000000e+05
3.152780000000000000e+05
3.224940000000000000e+05
3.281710000000000000e+05
3.354580000000000000e+05
3.409810000000000000e+05
3.473780000000000000e+05
3.565570000000000000e+05
3.630040000000000000e+05
3.697640000000000000e+05
3.757870000000000000e+05
3.841840000000000000e+05
3.922440000000000000e+05
3.996370000000000000e+05
4.078790000000000000e+05
4.144690000000000000e+05
4.231760000000000000e+05
4.323260000000000000e+05
4.388040000000000000e+05
4.485010000000000000e+05
4.564930000000000000e+05
4.641160000000000000e+05
4.719480000000000000e+05
4.792510000000000000e+05
4.891230000000000000e+05
4.971300000000000000e+05
5.060610000000000000e+05
5.145360000000000000e+05
5.211350000000000000e+05
5.291920000000000000e+05
5.384280000000000000e+05
5.441550000000000000e+05
5.525450000000000000e+05
5.597680000000000000e+05
5.673200000000000000e+05
5.730420000000000000e+05
5.806200000000000000e+05
5.884920000000000000e+05
5.930320000000000000e+05
5.999490000000000000e+05
6.054530000000000000e+05
6.104680000000000000e+05
6.137410000000000000e+05
6.189720000000000000e+05
6.239560000000000000e+05
6.270360000000000000e+05
6.289100000000000000e+05
6.310970000000000000e+05
6.349070000000000000e+05
6.348900000000000000e+05
6.360760000000000000e+05
6.357980000000000000e+05
6.365980000000000000e+05
6.361420000000000000e+05
6.352940000000000000e+05
6.327970000000000000e+05
6.312420000000000000e+05
6.298640000000000000e+05
6.256820000000000000e+05
6.211710000000000000e+05
6.186440000000000000e+05
6.146400000000000000e+05
6.101570000000000000e+05
6.049080000000000000e+05
5.985040000000000000e+05
5.929530000000000000e+05
5.867990000000000000e+05
5.805240000000000000e+05
5.745990000000000000e+05
5.680510000000000000e+05
5.605550000000000000e+05
5.518170000000000000e+05
5.457760000000000000e+05
5.376090000000000000e+05
5.291860000000000000e+05
5.225060000000000000e+05
5.136230000000000000e+05
5.039500000000000000e+05
4.964640000000000000e+05
4.879190000000000000e+05
4.798170000000000000e+05
4.723600000000000000e+05
4.640670000000000000e+05
4.550930000000000000e+05
4.487840000000000000e+05
4.391120000000000000e+05
4.315450000000000000e+05
4.235480000000000000e+05
4.158030000000000000e+05
4.066070000000000000e+05
3.986290000000000000e+05
3.916060000000000000e+05
3.850930000000000000e+05
3.767190000000000000e+05
3.695500000000000000e+05
3.624780000000000000e+05
3.549650000000000000e+05
3.477020000000000000e+05
3.412980000000000000e+05
3.353570000000000000e+05
3.271300000000000000e+05
3.209360000000000000e+05
3.148900000000000000e+05
3.095750000000000000e+05
3.028200000000000000e+05
2.973380000000000000e+05
2.904130000000000000e+05
2.859290000000000000e+05
2.807090000000000000e+05
2.741990000000000000e+05
2.685780000000000000e+05
2.631250000000000000e+05
2.584260000000000000e+05
2.536640000000000000e+05
2.476620000000000000e+05
2.434280000000000000e+05
2.387240000000000000e+05
2.334240000000000000e+05
2.298130000000000000e+05
2.250200000000000000e+05
2.200360000000000000e+05
2.166280000000000000e+05
2.129060000000000000e+05
2.088950000000000000e+05
2.056590000000000000e+05
2.016500000000000000e+05
1.984140000000000000e+05
1.938550000000000000e+05
1.900950000000000000e+05
1.867360000000000000e+05
1.833280000000000000e+05
1.807400000000000000e+05
1.778550000000000000e+05
1.735560000000000000e+05
1.707210000000000000e+05
1.680400000000000000e+05
1.657300000000000000e+05
1.624810000000000000e+05
1.587560000000000000e+05
1.572730000000000000e+05
1.546650000000000000e+05
1.514220000000000000e+05
1.485750000000000000e+05
1.465210000000000000e+05
1.436350000000000000e+05
1.415720000000000000e+05
1.380250000000000000e+05
1.368040000000000000e+05
1.349500000000000000e+05
1.320690000000000000e+05
1.304330000000000000e+05
1.283250000000000000e+05
1.256230000000000000e+05
1.244300000000000000e+05
1.224120000000000000e+05
1.204740000000000000e+05
1.184300000000000000e+05
1.172910000000000000e+05
1.142320000000000000e+05
1.129480000000000000e+05
1.112090000000000000e+05
1.108710000000000000e+05
1.079950000000000000e+05
1.066920000000000000e+05
1.044640000000000000e+05
1.031760000000000000e+05
1.017120000000000000e+05
1.005170000000000000e+05
9.947000000000000000e+04
9.744700000000000000e+04
9.588700000000000000e+04
9.489700000000000000e+04
9.329200000000000000e+04
9.231200000000000000e+04
9.116800000000000000e+04
8.970000000000000000e+04
8.832300000000000000e+04
8.734100000000000000e+04
8.593000000000000000e+04
8.453400000000000000e+04
8.302900000000000000e+04
8.247800000000000000e+04
8.126200000000000000e+04
8.046100000000000000e+04
7.964100000000000000e+04
7.823000000000000000e+04
7.711000000000000000e+04
7.637300000000000000e+04
7.523400000000000000e+04
7.442900000000000000e+04
7.387400000000000000e+04
7.239800000000000000e+04
7.201200000000000000e+04
7.086400000000000000e+04
6.971700000000000000e+04
6.852600000000000000e+04
6.808400000000000000e+04
6.723500000000000000e+04
6.651200000000000000e+04
6.596400000000000000e+04
6.455500000000000000e+04
6.425900000000000000e+04
6.329400000000000000e+04
6.276300000000000000e+04
6.139800000000000000e+04
6.160400000000000000e+04
6.066700000000000000e+04
5.912000000000000000e+04
5.934600000000000000e+04
5.807200000000000000e+04
5.777900000000000000e+04
5.705300000000000000e+04
5.614900000000000000e+04
5.545600000000000000e+04
5.503100000000000000e+04
5.434600000000000000e+04
5.379600000000000000e+04
5.339000000000000000e+04
5.263500000000000000e+04
5.191200000000000000e+04
5.120500000000000000e+04
5.110900000000000000e+04
5.052400000000000000e+04
5.008400000000000000e+04
4.952300000000000000e+04
4.850300000000000000e+04
4.829700000000000000e+04
4.769300000000000000e+04
4.777200000000000000e+04
4.668700000000000000e+04
4.614500000000000000e+04
4.598300000000000000e+04
4.539400000000000000e+04
4.495200000000000000e+04
4.442800000000000000e+04
4.416500000000000000e+04
4.357800000000000000e+04
4.321000000000000000e+04
4.260400000000000000e+04
4.234800000000000000e+04
4.215300000000000000e+04
4.137200000000000000e+04
4.112600000000000000e+04
4.080600000000000000e+04
3.997200000000000000e+04
3.965700000000000000e+04
3.949400000000000000e+04
3.892800000000000000e+04
3.865600000000000000e+04
3.838900000000000000e+04
3.821000000000000000e+04
3.744800000000000000e+04
3.722400000000000000e+04
3.663100000000000000e+04
3.702100000000000000e+04
3.660300000000000000e+04
3.591900000000000000e+04
3.562700000000000000e+04
3.529500000000000000e+04
3.511600000000000000e+04
3.453900000000000000e+04
3.422700000000000000e+04
3.428200000000000000e+04
3.383100000000000000e+04
3.323400000000000000e+04
3.334800000000000000e+04
3.281800000000000000e+04
3.238400000000000000e+04
3.217300000000000000e+04
3.230400000000000000e+04
3.190700000000000000e+04
3.156900000000000000e+04
3.103100000000000000e+04
3.072500000000000000e+04
3.061300000000000000e+04
3.037400000000000000e+04
3.027500000000000000e+04
2.974200000000000000e+04
2.965400000000000000e+04
2.949700000000000000e+04
2.883100000000000000e+04
2.866000000000000000e+04
2.853200000000000000e+04
2.846700000000000000e+04
2.800600000000000000e+04
2.785100000000000000e+04
2.765900000000000000e+04
2.761400000000000000e+04
2.698700000000000000e+04
2.697600000000000000e+04
2.661300000000000000e+04
2.667700000000000000e+04
2.663000000000000000e+04
2.604500000000000000e+04
2.577600000000000000e+04
2.581500000000000000e+04
2.551200000000000000e+04
2.526700000000000000e+04
2.524400000000000000e+04
2.511800000000000000e+04
2.465200000000000000e+04
2.445600000000000000e+04
2.436800000000000000e+04
2.419200000000000000e+04
2.403800000000000000e+04
2.387400000000000000e+04
2.366200000000000000e+04
2.360600000000000000e+04
2.295300000000000000e+04
2.303400000000000000e+04
2.289600000000000000e+04
2.288900000000000000e+04
2.276800000000000000e+04
2.213100000000000000e+04
2.215100000000000000e+04
2.216100000000000000e+04
2.202100000000000000e+04
2.181500000000000000e+04
2.160300000000000000e+04
2.171300000000000000e+04
2.125100000000000000e+04
2.107700000000000000e+04
2.092300000000000000e+04
2.089800000000000000e+04
2.080800000000000000e+04
2.061400000000000000e+04
2.044800000000000000e+04
2.022600000000000000e+04
1.992300000000000000e+04
2.014500000000000000e+04
2.006600000000000000e+04
1.959400000000000000e+04
1.968100000000000000e+04
1.963700000000000000e+04
1.922500000000000000e+04
1.939200000000000000e+04
1.902300000000000000e+04
1.891300000000000000e+04
1.877100000000000000e+04
1.848500000000000000e+04
1.850800000000000000e+04
1.822800000000000000e+04
1.847600000000000000e+04
1.837200000000000000e+04
1.792400000000000000e+04
1.784800000000000000e+04
1.791700000000000000e+04
1.761200000000000000e+04
1.769100000000000000e+04
1.773500000000000000e+04
1.727200000000000000e+04
1.701200000000000000e+04
1.722200000000000000e+04
1.696800000000000000e+04
1.669600000000000000e+04
1.679900000000000000e+04
1.669000000000000000e+04
1.661700000000000000e+04
1.638200000000000000e+04
1.631400000000000000e+04
1.641500000000000000e+04
1.643700000000000000e+04
1.577600000000000000e+04
1.588200000000000000e+04
1.578300000000000000e+04
1.573600000000000000e+04
1.553900000000000000e+04
1.567700000000000000e+04
1.571900000000000000e+04
1.526000000000000000e+04
1.544500000000000000e+04
1.510700000000000000e+04
1.514600000000000000e+04
1.490000000000000000e+04
1.494600000000000000e+04
1.465500000000000000e+04
1.458200000000000000e+04
1.480400000000000000e+04
1.480000000000000000e+04
1.450200000000000000e+04
1.446900000000000000e+04
1.412900000000000000e+04
1.441300000000000000e+04
1.425300000000000000e+04
1.399100000000000000e+04
1.393200000000000000e+04
1.397700000000000000e+04
1.391200000000000000e+04
1.376400000000000000e+04
1.341900000000000000e+04
1.371900000000000000e+04
1.343600000000000000e+04
1.341500000000000000e+04
1.348500000000000000e+04
1.353200000000000000e+04
1.321900000000000000e+04
1.313200000000000000e+04
1.305900000000000000e+04
1.318400000000000000e+04
1.274900000000000000e+04
1.282000000000000000e+04
1.258500000000000000e+04
1.277200000000000000e+04
1.267300000000000000e+04
1.243600000000000000e+04
1.256200000000000000e+04
1.240300000000000000e+04
1.252000000000000000e+04
1.231000000000000000e+04
1.202300000000000000e+04
1.215900000000000000e+04
1.212400000000000000e+04
1.209800000000000000e+04
1.201100000000000000e+04
1.176300000000000000e+04
1.165800000000000000e+04
1.183500000000000000e+04
1.180900000000000000e+04
1.154000000000000000e+04
1.158300000000000000e+04
1.148300000000000000e+04
1.156800000000000000e+04
1.132900000000000000e+04
1.140600000000000000e+04
1.134500000000000000e+04
1.116900000000000000e+04
1.125600000000000000e+04
1.145000000000000000e+04
1.112000000000000000e+04
1.070200000000000000e+04
1.081300000000000000e+04
1.086800000000000000e+04
1.075000000000000000e+04
1.072000000000000000e+04
1.069700000000000000e+04
1.067600000000000000e+04
1.066300000000000000e+04
1.061300000000000000e+04
1.044800000000000000e+04
1.064700000000000000e+04
1.045000000000000000e+04
1.038500000000000000e+04
1.015400000000000000e+04
1.029400000000000000e+04
1.009000000000000000e+04
1.010900000000000000e+04
1.011700000000000000e+04
9.970000000000000000e+03
1.001800000000000000e+04
9.993000000000000000e+03
9.916000000000000000e+03
9.684000000000000000e+03
9.830000000000000000e+03
9.703000000000000000e+03
9.682000000000000000e+03
9.571000000000000000e+03
9.448000000000000000e+03
9.642000000000000000e+03
9.310000000000000000e+03
9.371000000000000000e+03
9.489000000000000000e+03
9.288000000000000000e+03
9.305000000000000000e+03
9.284000000000000000e+03
9.221000000000000000e+03
9.193000000000000000e+03
9.262000000000000000e+03
9.011000000000000000e+03
9.042000000000000000e+03
8.802000000000000000e+03
9.128000000000000000e+03
8.988000000000000000e+03
8.906000000000000000e+03
8.823000000000000000e+03
8.807000000000000000e+03
8.797000000000000000e+03
8.660000000000000000e+03
8.685000000000000000e+03
8.657000000000000000e+03
8.686000000000000000e+03
8.506000000000000000e+03
8.641000000000000000e+03
8.436000000000000000e+03
8.436000000000000000e+03
8.340000000000000000e+03
8.398000000000000000e+03
8.402000000000000000e+03
8.321000000000000000e+03
8.130000000000000000e+03
8.283000000000000000e+03
8.189000000000000000e+03
8.010000000000000000e+03
8.209000000000000000e+03
8.070000000000000000e+03
8.103000000000000000e+03
7.972000000000000000e+03
7.900000000000000000e+03
8.005000000000000000e+03
7.856000000000000000e+03
7.792000000000000000e+03
7.908000000000000000e+03
7.815000000000000000e+03
7.792000000000000000e+03
7.801000000000000000e+03
7.762000000000000000e+03
7.694000000000000000e+03
7.642000000000000000e+03
7.520000000000000000e+03
7.499000000000000000e+03
7.505000000000000000e+03
7.458000000000000000e+03
7.640000000000000000e+03
7.469000000000000000e+03
7.587000000000000000e+03
7.288000000000000000e+03
7.292000000000000000e+03
7.369000000000000000e+03
7.205000000000000000e+03
7.356000000000000000e+03
7.168000000000000000e+03
7.224000000000000000e+03
7.147000000000000000e+03
7.204000000000000000e+03
7.040000000000000000e+03
7.055000000000000000e+03
7.280000000000000000e+03
6.998000000000000000e+03
7.057000000000000000e+03
6.869000000000000000e+03
6.910000000000000000e+03
6.721000000000000000e+03
6.840000000000000000e+03
6.712000000000000000e+03
6.803000000000000000e+03
6.714000000000000000e+03
6.596000000000000000e+03
6.777000000000000000e+03
6.725000000000000000e+03
6.636000000000000000e+03
6.660000000000000000e+03
6.637000000000000000e+03
6.634000000000000000e+03
6.510000000000000000e+03
6.528000000000000000e+03
6.616000000000000000e+03
6.419000000000000000e+03
6.547000000000000000e+03
6.561000000000000000e+03
6.386000000000000000e+03
6.331000000000000000e+03
6.338000000000000000e+03
6.310000000000000000e+03
