6.410300000000000000e+04
6.664700000000000000e+04
7.014100000000000000e+04
7.270800000000000000e+04
7.591000000000000000e+04
7.919100000000000000e+04
8.343600000000000000e+04
8.753200000000000000e+04
9.154700000000000000e+04
9.551200000000000000e+04
1.003450000000000000e+05
1.053080000000000000e+05
1.104840000000000000e+05
1.169880000000000000e+05
1.237580000000000000e+05
1.308180000000000000e+05
1.383230000000000000e+05
1.467780000000000000e+05
1.566550000000000000e+05
1.666080000000000000e+05
1.773300000000000000e+05
1.899910000000000000e+05
2.037700000000000000e+05
2.181340000000000000e+05
2.360080000000000000e+05
2.548480000000000000e+05
2.756680000000000000e+05
2.997600000000000000e+05
3.265040000000000000e+05
3.584130000000000000e+05
3.935470000000000000e+05
4.338530000000000000e+05
4.803500000000000000e+05
5.347710000000000000e+05
5.990640000000000000e+05
6.783820000000000000e+05
7.686100000000000000e+05
8.790930000000000000e+05
1.012157000000000000e+06
1.177882000000000000e+06
1.382010000000000000e+06
1.636925000000000000e+06
1.962251000000000000e+06
2.370739000000000000e+06
2.885165000000000000e+06
3.524935000000000000e+06
4.276356000000000000e+06
5.090464000000000000e+06
5.829367000000000000e+06
6.283007000000000000e+06
6.284295000000000000e+06
5.830515000000000000e+06
5.093504000000000000e+06
4.274748000000000000e+06
3.522605000000000000e+06
2.886904000000000000e+06
2.369909000000000000e+06
1.961477000000000000e+06
1.638970000000000000e+06
1.383011000000000000e+06
1.178309000000000000e+06
1.014540000000000000e+06
8.796550000000000000e+05
7.673950000000000000e+05
6.790250000000000000e+05
5.997600000000000000e+05
5.363910000000000000e+05
4.810050000000000000e+05
4.342700000000000000e+05
3.932340000000000000e+05
3.580650000000000000e+05
3.266550000000000000e+05
2.996450000000000000e+05
2.752540000000000000e+05
2.553570000000000000e+05
2.362630000000000000e+05
2.183590000000000000e+05
2.047470000000000000e+05
1.898150000000000000e+05
1.777970000000000000e+05
1.670750000000000000e+05
1.573220000000000000e+05
1.468470000000000000e+05
1.382170000000000000e+05
1.312000000000000000e+05
1.241590000000000000e+05
1.171310000000000000e+05
1.110340000000000000e+05
1.055630000000000000e+05
1.003440000000000000e+05
9.558000000000000000e+04
9.089900000000000000e+04
8.637400000000000000e+04
8.321600000000000000e+04
7.940900000000000000e+04
7.589900000000000000e+04
7.273300000000000000e+04
6.993400000000000000e+04
6.661200000000000000e+04
6.444300000000000000e+04
