6.308000000000000000e+03
6.364000000000000000e+03
6.439000000000000000e+03
6.339000000000000000e+03
6.275000000000000000e+03
6.287000000000000000e+03
6.479000000000000000e+03
6.453000000000000000e+03
6.689000000000000000e+03
6.573000000000000000e+03
6.521000000000000000e+03
6.728000000000000000e+03
6.687000000000000000e+03
6.703000000000000000e+03
6.682000000000000000e+03
6.702000000000000000e+03
6.798000000000000000e+03
6.658000000000000000e+03
6.773000000000000000e+03
6.707000000000000000e+03
6.702000000000000000e+03
6.808000000000000000e+03
6.947000000000000000e+03
6.942000000000000000e+03
6.897000000000000000e+03
7.040000000000000000e+03
6.989000000000000000e+03
6.993000000000000000e+03
7.155000000000000000e+03
7.038000000000000000e+03
7.117000000000000000e+03
7.029000000000000000e+03
7.185000000000000000e+03
7.430000000000000000e+03
7.208000000000000000e+03
7.278000000000000000e+03
7.345000000000000000e+03
7.356000000000000000e+03
7.455000000000000000e+03
7.414000000000000000e+03
7.484000000000000000e+03
7.404000000000000000e+03
7.669000000000000000e+03
7.514000000000000000e+03
7.710000000000000000e+03
7.579000000000000000e+03
7.710000000000000000e+03
7.600000000000000000e+03
7.591000000000000000e+03
7.526000000000000000e+03
7.827000000000000000e+03
7.717000000000000000e+03
7.714000000000000000e+03
7.901000000000000000e+03
7.847000000000000000e+03
7.955000000000000000e+03
8.043000000000000000e+03
8.060000000000000000e+03
8.039000000000000000e+03
8.089000000000000000e+03
8.220000000000000000e+03
8.109000000000000000e+03
8.159000000000000000e+03
8.172000000000000000e+03
8.215000000000000000e+03
8.278000000000000000e+03
8.336000000000000000e+03
8.317000000000000000e+03
8.554000000000000000e+03
8.484000000000000000e+03
8.580000000000000000e+03
8.479000000000000000e+03
8.411000000000000000e+03
8.705000000000000000e+03
8.822000000000000000e+03
8.596000000000000000e+03
8.630000000000000000e+03
8.847000000000000000e+03
8.875000000000000000e+03
8.784000000000000000e+03
8.938000000000000000e+03
8.834000000000000000e+03
8.890000000000000000e+03
9.085000000000000000e+03
9.042000000000000000e+03
9.191000000000000000e+03
9.385000000000000000e+03
9.219000000000000000e+03
9.059000000000000000e+03
9.559000000000000000e+03
9.236000000000000000e+03
9.389000000000000000e+03
9.489000000000000000e+03
9.371000000000000000e+03
9.608000000000000000e+03
9.744000000000000000e+03
9.667000000000000000e+03
9.630000000000000000e+03
9.725000000000000000e+03
9.750000000000000000e+03
9.884000000000000000e+03
9.857000000000000000e+03
9.877000000000000000e+03
9.824000000000000000e+03
1.014500000000000000e+04
9.995000000000000000e+03
1.005700000000000000e+04
1.003700000000000000e+04
1.029500000000000000e+04
1.035400000000000000e+04
1.012700000000000000e+04
1.032600000000000000e+04
1.040000000000000000e+04
1.047900000000000000e+04
1.040500000000000000e+04
1.050800000000000000e+04
1.065900000000000000e+04
1.066900000000000000e+04
1.091400000000000000e+04
1.085200000000000000e+04
1.094000000000000000e+04
1.078700000000000000e+04
1.093000000000000000e+04
1.105100000000000000e+04
1.123900000000000000e+04
1.133100000000000000e+04
1.123100000000000000e+04
1.132700000000000000e+04
1.107000000000000000e+04
1.148100000000000000e+04
1.151600000000000000e+04
1.181800000000000000e+04
1.157200000000000000e+04
1.157700000000000000e+04
1.166400000000000000e+04
1.159000000000000000e+04
1.179200000000000000e+04
1.188100000000000000e+04
1.191300000000000000e+04
1.212900000000000000e+04
1.197600000000000000e+04
1.205700000000000000e+04
1.207200000000000000e+04
1.227000000000000000e+04
1.232100000000000000e+04
1.243300000000000000e+04
1.242800000000000000e+04
1.261500000000000000e+04
1.268100000000000000e+04
1.263600000000000000e+04
1.263900000000000000e+04
1.300000000000000000e+04
1.296700000000000000e+04
1.306700000000000000e+04
1.310800000000000000e+04
1.308400000000000000e+04
1.306300000000000000e+04
1.336300000000000000e+04
1.330400000000000000e+04
1.349000000000000000e+04
1.353300000000000000e+04
1.368300000000000000e+04
1.379100000000000000e+04
1.388400000000000000e+04
1.386500000000000000e+04
1.403100000000000000e+04
1.408100000000000000e+04
1.429500000000000000e+04
1.419200000000000000e+04
1.427600000000000000e+04
1.430100000000000000e+04
1.432200000000000000e+04
1.462400000000000000e+04
1.455800000000000000e+04
1.466800000000000000e+04
1.485500000000000000e+04
1.472600000000000000e+04
1.507600000000000000e+04
1.496300000000000000e+04
1.525100000000000000e+04
1.542400000000000000e+04
1.530300000000000000e+04
1.525600000000000000e+04
1.551000000000000000e+04
1.559800000000000000e+04
1.574400000000000000e+04
1.581400000000000000e+04
1.585800000000000000e+04
1.603500000000000000e+04
1.603100000000000000e+04
1.626100000000000000e+04
1.608900000000000000e+04
1.658100000000000000e+04
1.627000000000000000e+04
1.670500000000000000e+04
1.649300000000000000e+04
1.686600000000000000e+04
1.686200000000000000e+04
1.711000000000000000e+04
1.725600000000000000e+04
1.740300000000000000e+04
1.751000000000000000e+04
1.721600000000000000e+04
1.771600000000000000e+04
1.760600000000000000e+04
1.800300000000000000e+04
1.799300000000000000e+04
1.808000000000000000e+04
1.817500000000000000e+04
1.808400000000000000e+04
1.818100000000000000e+04
1.859300000000000000e+04
1.864200000000000000e+04
1.900800000000000000e+04
1.874800000000000000e+04
1.931400000000000000e+04
1.922700000000000000e+04
1.933700000000000000e+04
1.964600000000000000e+04
1.993600000000000000e+04
1.971100000000000000e+04
1.984000000000000000e+04
2.021700000000000000e+04
2.013400000000000000e+04
2.015500000000000000e+04
2.049600000000000000e+04
2.072700000000000000e+04
2.075000000000000000e+04
2.057900000000000000e+04
2.093000000000000000e+04
2.116200000000000000e+04
2.149400000000000000e+04
2.142300000000000000e+04
2.187100000000000000e+04
2.186200000000000000e+04
2.200400000000000000e+04
2.225000000000000000e+04
2.211500000000000000e+04
2.247700000000000000e+04
2.258500000000000000e+04
2.259600000000000000e+04
2.294900000000000000e+04
2.313000000000000000e+04
2.365900000000000000e+04
2.377900000000000000e+04
2.347900000000000000e+04
2.416400000000000000e+04
2.392700000000000000e+04
2.410200000000000000e+04
2.427300000000000000e+04
2.469800000000000000e+04
2.488600000000000000e+04
2.489100000000000000e+04
2.528800000000000000e+04
2.554400000000000000e+04
2.560100000000000000e+04
2.565400000000000000e+04
2.590900000000000000e+04
2.638700000000000000e+04
2.641100000000000000e+04
2.654100000000000000e+04
2.683900000000000000e+04
2.726200000000000000e+04
2.727100000000000000e+04
2.742900000000000000e+04
2.773900000000000000e+04
2.779700000000000000e+04
2.823600000000000000e+04
2.846100000000000000e+04
2.873100000000000000e+04
2.852100000000000000e+04
2.918600000000000000e+04
2.931800000000000000e+04
2.936900000000000000e+04
2.996300000000000000e+04
2.989700000000000000e+04
2.997300000000000000e+04
3.009000000000000000e+04
3.093700000000000000e+04
3.148500000000000000e+04
3.159200000000000000e+04
3.189900000000000000e+04
3.208500000000000000e+04
3.224800000000000000e+04
3.254100000000000000e+04
3.309000000000000000e+04
3.295000000000000000e+04
3.335900000000000000e+04
3.396000000000000000e+04
3.410100000000000000e+04
3.399000000000000000e+04
3.472900000000000000e+04
3.526900000000000000e+04
3.534100000000000000e+04
3.577200000000000000e+04
3.559300000000000000e+04
3.657300000000000000e+04
3.665100000000000000e+04
3.701200000000000000e+04
3.709100000000000000e+04
3.758500000000000000e+04
3.780300000000000000e+04
3.838900000000000000e+04
3.895200000000000000e+04
3.904700000000000000e+04
3.950800000000000000e+04
3.962600000000000000e+04
4.044000000000000000e+04
4.089500000000000000e+04
4.096100000000000000e+04
4.172500000000000000e+04
4.201100000000000000e+04
4.212500000000000000e+04
4.272200000000000000e+04
4.341500000000000000e+04
4.355900000000000000e+04
4.392400000000000000e+04
4.450900000000000000e+04
4.476200000000000000e+04
4.498500000000000000e+04
4.600400000000000000e+04
4.605000000000000000e+04
4.654700000000000000e+04
4.752300000000000000e+04
4.755000000000000000e+04
4.847600000000000000e+04
4.865000000000000000e+04
4.958300000000000000e+04
4.997200000000000000e+04
5.058600000000000000e+04
5.093800000000000000e+04
5.121800000000000000e+04
5.192200000000000000e+04
5.312300000000000000e+04
5.287900000000000000e+04
5.420900000000000000e+04
5.437400000000000000e+04
5.511200000000000000e+04
5.561700000000000000e+04
5.637600000000000000e+04
5.692600000000000000e+04
5.741600000000000000e+04
5.855600000000000000e+04
5.866200000000000000e+04
5.963400000000000000e+04
6.059600000000000000e+04
6.091700000000000000e+04
6.214800000000000000e+04
6.229200000000000000e+04
6.316400000000000000e+04
6.454500000000000000e+04
6.458600000000000000e+04
6.563000000000000000e+04
6.667000000000000000e+04
6.734400000000000000e+04
6.809600000000000000e+04
6.909500000000000000e+04
6.993300000000000000e+04
7.039000000000000000e+04
7.133100000000000000e+04
7.257500000000000000e+04
7.319200000000000000e+04
7.455900000000000000e+04
7.531900000000000000e+04
7.649700000000000000e+04
7.751400000000000000e+04
7.758800000000000000e+04
8.021400000000000000e+04
8.010500000000000000e+04
8.132100000000000000e+04
8.265100000000000000e+04
8.346300000000000000e+04
8.462700000000000000e+04
8.645400000000000000e+04
8.702000000000000000e+04
8.883400000000000000e+04
8.974100000000000000e+04
9.124900000000000000e+04
9.238100000000000000e+04
9.300400000000000000e+04
9.500900000000000000e+04
9.609200000000000000e+04
9.766900000000000000e+04
9.915200000000000000e+04
1.005450000000000000e+05
1.020570000000000000e+05
1.033860000000000000e+05
1.051690000000000000e+05
1.061450000000000000e+05
1.081210000000000000e+05
1.102900000000000000e+05
1.106940000000000000e+05
1.127850000000000000e+05
1.154470000000000000e+05
1.166020000000000000e+05
1.183590000000000000e+05
1.207050000000000000e+05
1.224470000000000000e+05
1.240060000000000000e+05
1.265730000000000000e+05
1.282780000000000000e+05
1.309060000000000000e+05
1.327760000000000000e+05
1.352950000000000000e+05
1.367510000000000000e+05
1.395130000000000000e+05
1.425030000000000000e+05
1.434870000000000000e+05
1.459590000000000000e+05
1.494770000000000000e+05
1.517610000000000000e+05
1.543990000000000000e+05
1.565870000000000000e+05
1.590350000000000000e+05
1.622770000000000000e+05
1.648900000000000000e+05
1.685210000000000000e+05
1.708540000000000000e+05
1.733590000000000000e+05
1.773670000000000000e+05
1.799510000000000000e+05
1.832920000000000000e+05
1.869470000000000000e+05
1.903040000000000000e+05
1.934300000000000000e+05
1.978440000000000000e+05
2.018490000000000000e+05
2.049520000000000000e+05
2.095620000000000000e+05
2.122800000000000000e+05
2.170400000000000000e+05
2.206660000000000000e+05
2.253810000000000000e+05
2.301040000000000000e+05
2.343970000000000000e+05
2.390230000000000000e+05
2.434260000000000000e+05
2.480810000000000000e+05
2.530700000000000000e+05
2.587790000000000000e+05
2.631510000000000000e+05
2.687630000000000000e+05
2.731960000000000000e+05
2.787810000000000000e+05
2.843890000000000000e+05
2.915070000000000000e+05
2.957930000000000000e+05
3.030560000000000000e+05
3.085080000000000000e+05
3.154800000000000000e+05
3.205920000000000000e+05
3.283750000000000000e+05
3.342180000000000000e+05
3.417670000000000000e+05
3.480240000000000000e+05
3.548300000000000000e+05
3.626840000000000000e+05
3.694720000000000000e+05
3.773070000000000000e+05
3.851640000000000000e+05
3.919900000000000000e+05
3.992620000000000000e+05
4.075840000000000000e+05
4.150380000000000000e+05
4.221020000000000000e+05
4.306570000000000000e+05
4.381950000000000000e+05
4.472510000000000000e+05
4.565960000000000000e+05
4.638180000000000000e+05
4.723680000000000000e+05
4.811470000000000000e+05
4.880950000000000000e+05
4.970230000000000000e+05
5.060440000000000000e+05
5.135800000000000000e+05
5.218480000000000000e+05
5.294890000000000000e+05
5.366380000000000000e+05
5.457600000000000000e+05
5.530140000000000000e+05
5.605130000000000000e+05
5.692600000000000000e+05
5.733960000000000000e+05
5.795110000000000000e+05
5.878380000000000000e+05
5.945690000000000000e+05
5.991110000000000000e+05
6.043440000000000000e+05
6.103270000000000000e+05
6.141590000000000000e+05
6.191150000000000000e+05
6.222290000000000000e+05
6.258820000000000000e+05
6.305130000000000000e+05
6.303500000000000000e+05
6.326660000000000000e+05
6.348050000000000000e+05
6.369430000000000000e+05
6.365420000000000000e+05
6.359620000000000000e+05
6.361810000000000000e+05
6.355990000000000000e+05
6.329930000000000000e+05
6.303570000000000000e+05
6.295340000000000000e+05
6.270460000000000000e+05
6.230690000000000000e+05
6.193220000000000000e+05
6.144490000000000000e+05
6.096650000000000000e+05
6.055420000000000000e+05
5.995270000000000000e+05
5.939870000000000000e+05
5.882980000000000000e+05
5.800000000000000000e+05
5.744790000000000000e+05
5.663500000000000000e+05
5.604710000000000000e+05
5.522540000000000000e+05
5.461750000000000000e+05
5.370940000000000000e+05
5.299410000000000000e+05
5.207010000000000000e+05
5.120210000000000000e+05
5.056310000000000000e+05
4.976320000000000000e+05
4.896680000000000000e+05
4.806400000000000000e+05
4.723710000000000000e+05
4.638520000000000000e+05
4.563760000000000000e+05
4.474880000000000000e+05
4.394780000000000000e+05
4.311550000000000000e+05
4.234730000000000000e+05
4.155180000000000000e+05
4.066010000000000000e+05
3.999490000000000000e+05
3.914010000000000000e+05
3.842560000000000000e+05
3.781480000000000000e+05
3.686020000000000000e+05
3.626190000000000000e+05
3.555770000000000000e+05
3.481550000000000000e+05
3.413190000000000000e+05
3.342780000000000000e+05
3.277760000000000000e+05
3.212070000000000000e+05
3.147520000000000000e+05
3.079260000000000000e+05
3.026610000000000000e+05
2.961400000000000000e+05
2.911260000000000000e+05
2.851400000000000000e+05
2.796140000000000000e+05
2.738750000000000000e+05
2.689150000000000000e+05
2.640320000000000000e+05
2.588130000000000000e+05
2.539110000000000000e+05
2.483210000000000000e+05
2.422710000000000000e+05
2.388980000000000000e+05
2.346910000000000000e+05
2.304900000000000000e+05
2.253230000000000000e+05
2.217160000000000000e+05
2.177410000000000000e+05
2.135770000000000000e+05
2.078420000000000000e+05
2.053520000000000000e+05
2.008470000000000000e+05
1.977510000000000000e+05
1.940000000000000000e+05
1.911250000000000000e+05
1.864970000000000000e+05
1.838000000000000000e+05
1.800740000000000000e+05
1.776170000000000000e+05
1.738810000000000000e+05
1.707880000000000000e+05
1.680420000000000000e+05
1.651360000000000000e+05
1.616610000000000000e+05
1.595940000000000000e+05
1.571360000000000000e+05
1.532690000000000000e+05
1.517550000000000000e+05
1.490580000000000000e+05
1.460540000000000000e+05
1.440420000000000000e+05
1.411960000000000000e+05
1.394020000000000000e+05
1.366820000000000000e+05
1.351450000000000000e+05
1.330850000000000000e+05
1.301290000000000000e+05
1.278560000000000000e+05
1.263220000000000000e+05
1.245400000000000000e+05
1.221630000000000000e+05
1.203820000000000000e+05
1.188760000000000000e+05
1.170320000000000000e+05
1.157000000000000000e+05
1.134330000000000000e+05
1.114030000000000000e+05
1.098880000000000000e+05
1.081000000000000000e+05
1.069340000000000000e+05
1.053600000000000000e+05
1.033610000000000000e+05
1.016050000000000000e+05
1.002360000000000000e+05
9.919500000000000000e+04
9.761000000000000000e+04
9.594200000000000000e+04
9.457100000000000000e+04
9.324500000000000000e+04
9.156800000000000000e+04
9.171100000000000000e+04
8.985900000000000000e+04
8.830600000000000000e+04
8.674000000000000000e+04
8.611600000000000000e+04
8.452000000000000000e+04
8.352600000000000000e+04
8.265100000000000000e+04
8.154300000000000000e+04
8.002100000000000000e+04
7.910000000000000000e+04
7.815500000000000000e+04
7.666900000000000000e+04
7.603200000000000000e+04
7.539700000000000000e+04
7.454300000000000000e+04
7.315700000000000000e+04
7.254200000000000000e+04
7.159700000000000000e+04
7.077400000000000000e+04
6.980900000000000000e+04
6.874600000000000000e+04
6.785800000000000000e+04
6.687900000000000000e+04
6.622600000000000000e+04
6.508400000000000000e+04
6.475600000000000000e+04
6.431800000000000000e+04
6.319600000000000000e+04
6.255500000000000000e+04
6.195900000000000000e+04
6.105900000000000000e+04
6.090700000000000000e+04
5.958100000000000000e+04
5.902400000000000000e+04
5.825600000000000000e+04
5.740900000000000000e+04
5.682400000000000000e+04
5.633300000000000000e+04
5.582000000000000000e+04
5.541300000000000000e+04
5.508900000000000000e+04
5.373500000000000000e+04
5.299500000000000000e+04
5.239700000000000000e+04
5.189000000000000000e+04
5.142200000000000000e+04
5.098900000000000000e+04
5.027600000000000000e+04
4.979500000000000000e+04
5.010700000000000000e+04
4.876600000000000000e+04
4.820100000000000000e+04
4.778600000000000000e+04
4.747500000000000000e+04
4.695800000000000000e+04
4.620500000000000000e+04
4.555100000000000000e+04
4.538700000000000000e+04
4.481700000000000000e+04
4.439900000000000000e+04
4.415000000000000000e+04
4.341100000000000000e+04
4.359100000000000000e+04
4.288500000000000000e+04
4.227000000000000000e+04
4.194600000000000000e+04
4.148000000000000000e+04
4.102500000000000000e+04
4.039600000000000000e+04
4.058800000000000000e+04
3.973100000000000000e+04
3.938900000000000000e+04
3.920400000000000000e+04
3.840900000000000000e+04
3.812000000000000000e+04
3.800400000000000000e+04
3.746400000000000000e+04
3.716000000000000000e+04
3.696300000000000000e+04
3.665500000000000000e+04
3.657500000000000000e+04
3.595100000000000000e+04
3.582000000000000000e+04
3.529400000000000000e+04
3.497700000000000000e+04
3.476200000000000000e+04
3.420600000000000000e+04
3.433800000000000000e+04
3.381100000000000000e+04
3.318400000000000000e+04
3.295400000000000000e+04
3.321300000000000000e+04
3.271500000000000000e+04
3.238300000000000000e+04
3.180600000000000000e+04
3.161400000000000000e+04
3.153100000000000000e+04
3.104300000000000000e+04
3.070700000000000000e+04
3.077100000000000000e+04
3.042100000000000000e+04
3.020500000000000000e+04
2.971700000000000000e+04
2.968400000000000000e+04
2.923200000000000000e+04
2.917100000000000000e+04
2.883700000000000000e+04
2.862400000000000000e+04
2.820700000000000000e+04
2.820800000000000000e+04
2.754000000000000000e+04
2.783900000000000000e+04
2.752000000000000000e+04
2.720800000000000000e+04
2.703000000000000000e+04
2.655600000000000000e+04
2.662400000000000000e+04
2.650300000000000000e+04
2.627000000000000000e+04
2.613300000000000000e+04
2.587000000000000000e+04
2.588200000000000000e+04
2.535900000000000000e+04
2.511000000000000000e+04
2.509200000000000000e+04
2.475000000000000000e+04
2.485800000000000000e+04
2.427700000000000000e+04
2.431500000000000000e+04
2.409400000000000000e+04
2.370000000000000000e+04
2.373600000000000000e+04
2.342800000000000000e+04
2.321900000000000000e+04
2.313400000000000000e+04
2.265100000000000000e+04
2.270600000000000000e+04
2.254800000000000000e+04
2.241000000000000000e+04
2.241400000000000000e+04
2.193500000000000000e+04
2.220500000000000000e+04
2.173300000000000000e+04
2.155300000000000000e+04
2.144700000000000000e+04
2.126800000000000000e+04
2.141800000000000000e+04
2.097800000000000000e+04
2.094800000000000000e+04
2.082400000000000000e+04
2.058300000000000000e+04
2.062900000000000000e+04
2.029800000000000000e+04
2.020000000000000000e+04
1.981800000000000000e+04
1.979800000000000000e+04
1.972600000000000000e+04
1.959200000000000000e+04
1.945400000000000000e+04
1.933300000000000000e+04
1.935700000000000000e+04
1.906500000000000000e+04
1.908800000000000000e+04
1.903100000000000000e+04
1.844700000000000000e+04
1.846500000000000000e+04
1.840200000000000000e+04
1.808500000000000000e+04
1.804000000000000000e+04
1.812100000000000000e+04
1.781700000000000000e+04
1.774800000000000000e+04
1.773600000000000000e+04
1.795800000000000000e+04
1.747600000000000000e+04
1.758100000000000000e+04
1.734800000000000000e+04
1.696800000000000000e+04
1.711200000000000000e+04
1.692100000000000000e+04
1.680700000000000000e+04
1.688100000000000000e+04
1.669600000000000000e+04
1.677000000000000000e+04
1.648600000000000000e+04
1.625700000000000000e+04
1.634300000000000000e+04
1.601100000000000000e+04
1.595200000000000000e+04
1.610300000000000000e+04
1.578000000000000000e+04
1.560500000000000000e+04
1.571400000000000000e+04
1.574700000000000000e+04
1.530900000000000000e+04
1.530500000000000000e+04
1.525300000000000000e+04
1.528200000000000000e+04
1.504900000000000000e+04
1.501700000000000000e+04
1.488500000000000000e+04
1.477700000000000000e+04
1.462600000000000000e+04
1.459100000000000000e+04
1.443900000000000000e+04
1.430100000000000000e+04
1.418200000000000000e+04
1.427600000000000000e+04
1.439600000000000000e+04
1.407700000000000000e+04
1.387000000000000000e+04
1.405200000000000000e+04
1.378000000000000000e+04
1.376900000000000000e+04
1.342500000000000000e+04
1.357400000000000000e+04
1.357600000000000000e+04
1.353300000000000000e+04
1.342800000000000000e+04
1.330200000000000000e+04
1.295300000000000000e+04
1.340600000000000000e+04
1.304600000000000000e+04
1.299100000000000000e+04
1.317700000000000000e+04
1.308800000000000000e+04
1.262700000000000000e+04
1.278500000000000000e+04
1.262100000000000000e+04
1.284400000000000000e+04
1.237700000000000000e+04
1.244800000000000000e+04
1.241200000000000000e+04
1.247700000000000000e+04
1.203900000000000000e+04
1.219800000000000000e+04
1.204300000000000000e+04
1.207500000000000000e+04
1.197500000000000000e+04
1.174700000000000000e+04
1.171400000000000000e+04
1.190700000000000000e+04
1.182000000000000000e+04
1.194600000000000000e+04
1.157500000000000000e+04
1.150000000000000000e+04
1.144100000000000000e+04
1.144500000000000000e+04
1.130900000000000000e+04
1.126400000000000000e+04
1.116200000000000000e+04
1.134800000000000000e+04
1.112300000000000000e+04
1.106500000000000000e+04
1.095800000000000000e+04
1.080300000000000000e+04
1.102600000000000000e+04
1.082600000000000000e+04
1.074800000000000000e+04
1.078600000000000000e+04
1.075400000000000000e+04
1.058400000000000000e+04
1.044000000000000000e+04
1.032500000000000000e+04
1.043500000000000000e+04
1.038000000000000000e+04
1.039100000000000000e+04
1.019100000000000000e+04
1.020500000000000000e+04
1.004100000000000000e+04
1.023100000000000000e+04
9.959000000000000000e+03
1.005500000000000000e+04
9.912000000000000000e+03
9.833000000000000000e+03
9.688000000000000000e+03
9.853000000000000000e+03
9.723000000000000000e+03
9.727000000000000000e+03
9.509000000000000000e+03
9.553000000000000000e+03
9.704000000000000000e+03
9.551000000000000000e+03
9.436000000000000000e+03
9.351000000000000000e+03
9.256000000000000000e+03
9.510000000000000000e+03
9.274000000000000000e+03
9.297000000000000000e+03
9.210000000000000000e+03
9.151000000000000000e+03
9.009000000000000000e+03
9.107000000000000000e+03
9.008000000000000000e+03
9.012000000000000000e+03
8.933000000000000000e+03
8.950000000000000000e+03
8.826000000000000000e+03
8.820000000000000000e+03
8.814000000000000000e+03
8.617000000000000000e+03
8.576000000000000000e+03
8.546000000000000000e+03
8.722000000000000000e+03
8.630000000000000000e+03
8.545000000000000000e+03
8.663000000000000000e+03
8.366000000000000000e+03
8.349000000000000000e+03
8.484000000000000000e+03
8.220000000000000000e+03
8.247000000000000000e+03
8.348000000000000000e+03
8.273000000000000000e+03
8.223000000000000000e+03
8.139000000000000000e+03
8.104000000000000000e+03
7.958000000000000000e+03
8.086000000000000000e+03
7.984000000000000000e+03
8.006000000000000000e+03
7.937000000000000000e+03
7.905000000000000000e+03
7.856000000000000000e+03
7.867000000000000000e+03
7.811000000000000000e+03
7.716000000000000000e+03
7.744000000000000000e+03
7.903000000000000000e+03
7.650000000000000000e+03
7.725000000000000000e+03
7.658000000000000000e+03
7.647000000000000000e+03
7.490000000000000000e+03
7.380000000000000000e+03
7.476000000000000000e+03
7.524000000000000000e+03
7.470000000000000000e+03
7.407000000000000000e+03
7.137000000000000000e+03
7.183000000000000000e+03
7.500000000000000000e+03
7.141000000000000000e+03
7.130000000000000000e+03
7.144000000000000000e+03
7.164000000000000000e+03
7.083000000000000000e+03
6.894000000000000000e+03
6.938000000000000000e+03
7.110000000000000000e+03
7.202000000000000000e+03
6.936000000000000000e+03
6.742000000000000000e+03
7.004000000000000000e+03
6.664000000000000000e+03
6.859000000000000000e+03
6.863000000000000000e+03
6.959000000000000000e+03
6.921000000000000000e+03
6.728000000000000000e+03
6.558000000000000000e+03
6.685000000000000000e+03
6.697000000000000000e+03
6.555000000000000000e+03
6.597000000000000000e+03
6.553000000000000000e+03
6.658000000000000000e+03
6.554000000000000000e+03
6.593000000000000000e+03
6.518000000000000000e+03
6.484000000000000000e+03
6.618000000000000000e+03
6.473000000000000000e+03
6.399000000000000000e+03
6.355000000000000000e+03
6.259000000000000000e+03
6.240000000000000000e+03
