6.404000000000000000e+03
6.254000000000000000e+03
6.479000000000000000e+03
6.547000000000000000e+03
6.488000000000000000e+03
6.389000000000000000e+03
6.543000000000000000e+03
6.512000000000000000e+03
6.428000000000000000e+03
6.531000000000000000e+03
6.584000000000000000e+03
6.686000000000000000e+03
6.682000000000000000e+03
6.608000000000000000e+03
6.712000000000000000e+03
6.682000000000000000e+03
6.722000000000000000e+03
6.891000000000000000e+03
6.714000000000000000e+03
6.789000000000000000e+03
6.849000000000000000e+03
6.834000000000000000e+03
6.935000000000000000e+03
6.960000000000000000e+03
6.869000000000000000e+03
6.991000000000000000e+03
6.966000000000000000e+03
7.076000000000000000e+03
7.132000000000000000e+03
7.168000000000000000e+03
7.174000000000000000e+03
7.185000000000000000e+03
7.134000000000000000e+03
7.171000000000000000e+03
7.317000000000000000e+03
7.292000000000000000e+03
7.329000000000000000e+03
7.048000000000000000e+03
7.395000000000000000e+03
7.320000000000000000e+03
7.507000000000000000e+03
7.561000000000000000e+03
7.378000000000000000e+03
7.682000000000000000e+03
7.561000000000000000e+03
7.591000000000000000e+03
7.623000000000000000e+03
7.717000000000000000e+03
7.686000000000000000e+03
7.716000000000000000e+03
7.680000000000000000e+03
7.881000000000000000e+03
7.774000000000000000e+03
8.057000000000000000e+03
7.904000000000000000e+03
7.938000000000000000e+03
8.008000000000000000e+03
8.131000000000000000e+03
8.145000000000000000e+03
8.142000000000000000e+03
8.140000000000000000e+03
8.201000000000000000e+03
8.158000000000000000e+03
8.216000000000000000e+03
8.291000000000000000e+03
8.118000000000000000e+03
8.388000000000000000e+03
8.533000000000000000e+03
8.410000000000000000e+03
8.489000000000000000e+03
8.621000000000000000e+03
8.572000000000000000e+03
8.642000000000000000e+03
8.655000000000000000e+03
8.763000000000000000e+03
8.613000000000000000e+03
8.611000000000000000e+03
8.819000000000000000e+03
8.650000000000000000e+03
8.960000000000000000e+03
8.910000000000000000e+03
8.977000000000000000e+03
8.996000000000000000e+03
9.039000000000000000e+03
9.080000000000000000e+03
9.200000000000000000e+03
9.193000000000000000e+03
9.040000000000000000e+03
9.171000000000000000e+03
9.189000000000000000e+03
9.329000000000000000e+03
9.412000000000000000e+03
9.406000000000000000e+03
9.466000000000000000e+03
9.483000000000000000e+03
9.483000000000000000e+03
9.679000000000000000e+03
9.650000000000000000e+03
9.774000000000000000e+03
9.856000000000000000e+03
9.884000000000000000e+03
9.907000000000000000e+03
1.010400000000000000e+04
9.981000000000000000e+03
1.005800000000000000e+04
9.910000000000000000e+03
1.019500000000000000e+04
9.996000000000000000e+03
1.012900000000000000e+04
1.029500000000000000e+04
1.032700000000000000e+04
1.029300000000000000e+04
1.027300000000000000e+04
1.065200000000000000e+04
1.056900000000000000e+04
1.046400000000000000e+04
1.066500000000000000e+04
1.077500000000000000e+04
1.086400000000000000e+04
1.069900000000000000e+04
1.081100000000000000e+04
1.113400000000000000e+04
1.098000000000000000e+04
1.096700000000000000e+04
1.122500000000000000e+04
1.124800000000000000e+04
1.134900000000000000e+04
1.125500000000000000e+04
1.158400000000000000e+04
1.135000000000000000e+04
1.156300000000000000e+04
1.132200000000000000e+04
1.160800000000000000e+04
1.169600000000000000e+04
1.173000000000000000e+04
1.187500000000000000e+04
1.187700000000000000e+04
1.197000000000000000e+04
1.221800000000000000e+04
1.197300000000000000e+04
1.201100000000000000e+04
1.208400000000000000e+04
1.254600000000000000e+04
1.241900000000000000e+04
1.221000000000000000e+04
1.267500000000000000e+04
1.248200000000000000e+04
1.264800000000000000e+04
1.249800000000000000e+04
1.258300000000000000e+04
1.278500000000000000e+04
1.290500000000000000e+04
1.282700000000000000e+04
1.304500000000000000e+04
1.308900000000000000e+04
1.318200000000000000e+04
1.309500000000000000e+04
1.320900000000000000e+04
1.320900000000000000e+04
1.342700000000000000e+04
1.361300000000000000e+04
1.371300000000000000e+04
1.379700000000000000e+04
1.364800000000000000e+04
1.363400000000000000e+04
1.390300000000000000e+04
1.394600000000000000e+04
1.392700000000000000e+04
1.427800000000000000e+04
1.422500000000000000e+04
1.412000000000000000e+04
1.431600000000000000e+04
1.432800000000000000e+04
1.458400000000000000e+04
1.457700000000000000e+04
1.479200000000000000e+04
1.471200000000000000e+04
1.497700000000000000e+04
1.508000000000000000e+04
1.501200000000000000e+04
1.529200000000000000e+04
1.536400000000000000e+04
1.534000000000000000e+04
1.560300000000000000e+04
1.551400000000000000e+04
1.586400000000000000e+04
1.569200000000000000e+04
1.565800000000000000e+04
1.611400000000000000e+04
1.591000000000000000e+04
1.616100000000000000e+04
1.615300000000000000e+04
1.627100000000000000e+04
1.650800000000000000e+04
1.656500000000000000e+04
1.690200000000000000e+04
1.694600000000000000e+04
1.685800000000000000e+04
1.689100000000000000e+04
1.692300000000000000e+04
1.713200000000000000e+04
1.730000000000000000e+04
1.716200000000000000e+04
1.768200000000000000e+04
1.792200000000000000e+04
1.772300000000000000e+04
1.810200000000000000e+04
1.802800000000000000e+04
1.816700000000000000e+04
1.830400000000000000e+04
1.831100000000000000e+04
1.861600000000000000e+04
1.844100000000000000e+04
1.880200000000000000e+04
1.878100000000000000e+04
1.925900000000000000e+04
1.931100000000000000e+04
1.939900000000000000e+04
1.944600000000000000e+04
1.945400000000000000e+04
1.976200000000000000e+04
1.992800000000000000e+04
1.999400000000000000e+04
2.031000000000000000e+04
2.007000000000000000e+04
2.034100000000000000e+04
2.066000000000000000e+04
2.089400000000000000e+04
2.089500000000000000e+04
2.099300000000000000e+04
2.114200000000000000e+04
2.121300000000000000e+04
2.137000000000000000e+04
2.159600000000000000e+04
2.184600000000000000e+04
2.198500000000000000e+04
2.217000000000000000e+04
2.217500000000000000e+04
2.250600000000000000e+04
2.239000000000000000e+04
2.278400000000000000e+04
2.328500000000000000e+04
2.318400000000000000e+04
2.341600000000000000e+04
2.359800000000000000e+04
2.333800000000000000e+04
2.389200000000000000e+04
2.393100000000000000e+04
2.428500000000000000e+04
2.436500000000000000e+04
2.461300000000000000e+04
2.479400000000000000e+04
2.502400000000000000e+04
2.500800000000000000e+04
2.541300000000000000e+04
2.557300000000000000e+04
2.578100000000000000e+04
2.568700000000000000e+04
2.617000000000000000e+04
2.647600000000000000e+04
2.690700000000000000e+04
2.666000000000000000e+04
2.729500000000000000e+04
2.711200000000000000e+04
2.752800000000000000e+04
2.765900000000000000e+04
2.798100000000000000e+04
2.830000000000000000e+04
2.837000000000000000e+04
2.863700000000000000e+04
2.890200000000000000e+04
2.925800000000000000e+04
2.923900000000000000e+04
2.991300000000000000e+04
2.973000000000000000e+04
2.990100000000000000e+04
3.044300000000000000e+04
3.062700000000000000e+04
3.076800000000000000e+04
3.090000000000000000e+04
3.118100000000000000e+04
3.197600000000000000e+04
3.184200000000000000e+04
3.244000000000000000e+04
3.264400000000000000e+04
3.298800000000000000e+04
3.280000000000000000e+04
3.324200000000000000e+04
3.352000000000000000e+04
3.386200000000000000e+04
3.434900000000000000e+04
3.447300000000000000e+04
3.539900000000000000e+04
3.506000000000000000e+04
3.577600000000000000e+04
3.621000000000000000e+04
3.594300000000000000e+04
3.647600000000000000e+04
3.704600000000000000e+04
3.748400000000000000e+04
3.784300000000000000e+04
3.801600000000000000e+04
3.897400000000000000e+04
3.898200000000000000e+04
3.936000000000000000e+04
3.940300000000000000e+04
3.991000000000000000e+04
4.039700000000000000e+04
4.050300000000000000e+04
4.116300000000000000e+04
4.146200000000000000e+04
4.197500000000000000e+04
4.235800000000000000e+04
4.248200000000000000e+04
4.326900000000000000e+04
4.358000000000000000e+04
4.398600000000000000e+04
4.483600000000000000e+04
4.480100000000000000e+04
4.543300000000000000e+04
4.590300000000000000e+04
4.675700000000000000e+04
4.700400000000000000e+04
4.693100000000000000e+04
4.780900000000000000e+04
4.834800000000000000e+04
4.835900000000000000e+04
4.936400000000000000e+04
5.007600000000000000e+04
5.013500000000000000e+04
5.074800000000000000e+04
5.155000000000000000e+04
5.210500000000000000e+04
5.304800000000000000e+04
5.340600000000000000e+04
5.367500000000000000e+04
5.457600000000000000e+04
5.490400000000000000e+04
5.529200000000000000e+04
5.640100000000000000e+04
5.698000000000000000e+04
5.783500000000000000e+04
5.794800000000000000e+04
5.891000000000000000e+04
5.930200000000000000e+04
6.054800000000000000e+04
6.078900000000000000e+04
6.154600000000000000e+04
6.248000000000000000e+04
6.336600000000000000e+04
6.453500000000000000e+04
6.485800000000000000e+04
6.596900000000000000e+04
6.632700000000000000e+04
6.731800000000000000e+04
6.786000000000000000e+04
6.929500000000000000e+04
6.989800000000000000e+04
7.063200000000000000e+04
7.192400000000000000e+04
7.263300000000000000e+04
7.346600000000000000e+04
7.436200000000000000e+04
7.539100000000000000e+04
7.550800000000000000e+04
7.715400000000000000e+04
7.842200000000000000e+04
7.938100000000000000e+04
8.088300000000000000e+04
8.200400000000000000e+04
8.237400000000000000e+04
8.387800000000000000e+04
8.494700000000000000e+04
8.534400000000000000e+04
8.714000000000000000e+04
8.865400000000000000e+04
8.974200000000000000e+04
9.105100000000000000e+04
9.230000000000000000e+04
9.299000000000000000e+04
9.510000000000000000e+04
9.585200000000000000e+04
9.736000000000000000e+04
9.914100000000000000e+04
1.005600000000000000e+05
1.021530000000000000e+05
1.038760000000000000e+05
1.049410000000000000e+05
1.063680000000000000e+05
1.086230000000000000e+05
1.097720000000000000e+05
1.119720000000000000e+05
1.137130000000000000e+05
1.145890000000000000e+05
1.166150000000000000e+05
1.185920000000000000e+05
1.205480000000000000e+05
1.224350000000000000e+05
1.241050000000000000e+05
1.267370000000000000e+05
1.283160000000000000e+05
1.302850000000000000e+05
1.333980000000000000e+05
1.346420000000000000e+05
1.367290000000000000e+05
1.389080000000000000e+05
1.421190000000000000e+05
1.438960000000000000e+05
1.458960000000000000e+05
1.496900000000000000e+05
1.511870000000000000e+05
1.544410000000000000e+05
1.569450000000000000e+05
1.594530000000000000e+05
1.618300000000000000e+05
1.645140000000000000e+05
1.674610000000000000e+05
1.709690000000000000e+05
1.749610000000000000e+05
1.763290000000000000e+05
1.806820000000000000e+05
1.834590000000000000e+05
1.871960000000000000e+05
1.904840000000000000e+05
1.938820000000000000e+05
1.974100000000000000e+05
2.010390000000000000e+05
2.046640000000000000e+05
2.090630000000000000e+05
2.134560000000000000e+05
2.176970000000000000e+05
2.214960000000000000e+05
2.258060000000000000e+05
2.304360000000000000e+05
2.340270000000000000e+05
2.387820000000000000e+05
2.434760000000000000e+05
2.483360000000000000e+05
2.534890000000000000e+05
2.575010000000000000e+05
2.634520000000000000e+05
2.685720000000000000e+05
2.735190000000000000e+05
2.788470000000000000e+05
2.850270000000000000e+05
2.916320000000000000e+05
2.966660000000000000e+05
3.039900000000000000e+05
3.093960000000000000e+05
3.143230000000000000e+05
3.207850000000000000e+05
3.284280000000000000e+05
3.333300000000000000e+05
3.409430000000000000e+05
3.480250000000000000e+05
3.549990000000000000e+05
3.617760000000000000e+05
3.698970000000000000e+05
3.767370000000000000e+05
3.835890000000000000e+05
3.926390000000000000e+05
3.993960000000000000e+05
4.074750000000000000e+05
4.152560000000000000e+05
4.235070000000000000e+05
4.306630000000000000e+05
4.399590000000000000e+05
4.476480000000000000e+05
4.558430000000000000e+05
4.646220000000000000e+05
4.728560000000000000e+05
4.791650000000000000e+05
4.884170000000000000e+05
4.968520000000000000e+05
5.046970000000000000e+05
5.125020000000000000e+05
5.217090000000000000e+05
5.292460000000000000e+05
5.362560000000000000e+05
5.459940000000000000e+05
5.526660000000000000e+05
5.600690000000000000e+05
5.662570000000000000e+05
5.747060000000000000e+05
5.815690000000000000e+05
5.872390000000000000e+05
5.912260000000000000e+05
6.000310000000000000e+05
6.050350000000000000e+05
6.084780000000000000e+05
6.142880000000000000e+05
6.185510000000000000e+05
6.217770000000000000e+05
6.248900000000000000e+05
6.306010000000000000e+05
6.306730000000000000e+05
6.335220000000000000e+05
6.338000000000000000e+05
6.347260000000000000e+05
6.364560000000000000e+05
6.354790000000000000e+05
6.356380000000000000e+05
6.358660000000000000e+05
6.331540000000000000e+05
6.322730000000000000e+05
6.286820000000000000e+05
6.261590000000000000e+05
6.230600000000000000e+05
6.200230000000000000e+05
6.140360000000000000e+05
6.089420000000000000e+05
6.051070000000000000e+05
5.990060000000000000e+05
5.933010000000000000e+05
5.871450000000000000e+05
5.808390000000000000e+05
5.749670000000000000e+05
5.673380000000000000e+05
5.605940000000000000e+05
5.533100000000000000e+05
5.452590000000000000e+05
5.379580000000000000e+05
5.299060000000000000e+05
5.201060000000000000e+05
5.131710000000000000e+05
5.048880000000000000e+05
4.967080000000000000e+05
4.889020000000000000e+05
4.816250000000000000e+05
4.723280000000000000e+05
4.639150000000000000e+05
4.556540000000000000e+05
4.482840000000000000e+05
4.396710000000000000e+05
4.317860000000000000e+05
4.224990000000000000e+05
4.159190000000000000e+05
4.068290000000000000e+05
3.998230000000000000e+05
3.921090000000000000e+05
3.833700000000000000e+05
3.765950000000000000e+05
3.699000000000000000e+05
3.628560000000000000e+05
3.562260000000000000e+05
3.489000000000000000e+05
3.415700000000000000e+05
3.341950000000000000e+05
3.283160000000000000e+05
3.216630000000000000e+05
3.144370000000000000e+05
3.088170000000000000e+05
3.028250000000000000e+05
2.976600000000000000e+05
2.908110000000000000e+05
2.854630000000000000e+05
2.795810000000000000e+05
2.737440000000000000e+05
2.683010000000000000e+05
2.630690000000000000e+05
2.583980000000000000e+05
2.525910000000000000e+05
2.475730000000000000e+05
2.434360000000000000e+05
2.390370000000000000e+05
2.338020000000000000e+05
2.297030000000000000e+05
2.259370000000000000e+05
2.215240000000000000e+05
2.173200000000000000e+05
2.132550000000000000e+05
2.088640000000000000e+05
2.055370000000000000e+05
2.016680000000000000e+05
1.974540000000000000e+05
1.938020000000000000e+05
1.905130000000000000e+05
1.870960000000000000e+05
1.846650000000000000e+05
1.811400000000000000e+05
1.772340000000000000e+05
1.744360000000000000e+05
1.708940000000000000e+05
1.676180000000000000e+05
1.649320000000000000e+05
1.620060000000000000e+05
1.593490000000000000e+05
1.568390000000000000e+05
1.534450000000000000e+05
1.515900000000000000e+05
1.489740000000000000e+05
1.470650000000000000e+05
1.432010000000000000e+05
1.410250000000000000e+05
1.390940000000000000e+05
1.371510000000000000e+05
1.343360000000000000e+05
1.330740000000000000e+05
1.300640000000000000e+05
1.283090000000000000e+05
1.267550000000000000e+05
1.250690000000000000e+05
1.226840000000000000e+05
1.204070000000000000e+05
1.184610000000000000e+05
1.171740000000000000e+05
1.158430000000000000e+05
1.130610000000000000e+05
1.111570000000000000e+05
1.098020000000000000e+05
1.079620000000000000e+05
1.071610000000000000e+05
1.051270000000000000e+05
1.032810000000000000e+05
1.017560000000000000e+05
1.013950000000000000e+05
9.944400000000000000e+04
9.738400000000000000e+04
9.620700000000000000e+04
9.504100000000000000e+04
9.352800000000000000e+04
9.218400000000000000e+04
9.090700000000000000e+04
8.963800000000000000e+04
8.820900000000000000e+04
8.757600000000000000e+04
8.578700000000000000e+04
8.495600000000000000e+04
8.424000000000000000e+04
8.236900000000000000e+04
8.179100000000000000e+04
8.028900000000000000e+04
7.865900000000000000e+04
7.862500000000000000e+04
7.752200000000000000e+04
7.693900000000000000e+04
7.500000000000000000e+04
7.413700000000000000e+04
7.311400000000000000e+04
7.259600000000000000e+04
7.240300000000000000e+04
7.067600000000000000e+04
6.988200000000000000e+04
6.931200000000000000e+04
6.783400000000000000e+04
6.741800000000000000e+04
6.645100000000000000e+04
6.590900000000000000e+04
6.485100000000000000e+04
6.390200000000000000e+04
6.353900000000000000e+04
6.265900000000000000e+04
6.175200000000000000e+04
6.094500000000000000e+04
5.986700000000000000e+04
5.976300000000000000e+04
5.934900000000000000e+04
5.847500000000000000e+04
5.762100000000000000e+04
5.696100000000000000e+04
5.605900000000000000e+04
5.571600000000000000e+04
5.500200000000000000e+04
5.436300000000000000e+04
5.391700000000000000e+04
5.307600000000000000e+04
5.298500000000000000e+04
5.211200000000000000e+04
5.114300000000000000e+04
5.111700000000000000e+04
5.035300000000000000e+04
4.935700000000000000e+04
4.931200000000000000e+04
4.873300000000000000e+04
4.862900000000000000e+04
4.754800000000000000e+04
4.732000000000000000e+04
4.647800000000000000e+04
4.626800000000000000e+04
4.595700000000000000e+04
4.549700000000000000e+04
4.497900000000000000e+04
4.428700000000000000e+04
4.421300000000000000e+04
4.380100000000000000e+04
4.334200000000000000e+04
4.271500000000000000e+04
4.269900000000000000e+04
4.168200000000000000e+04
4.187100000000000000e+04
4.046200000000000000e+04
4.097900000000000000e+04
4.019400000000000000e+04
3.982800000000000000e+04
3.956300000000000000e+04
3.927900000000000000e+04
3.900600000000000000e+04
3.845300000000000000e+04
3.805100000000000000e+04
3.739000000000000000e+04
3.727100000000000000e+04
3.658500000000000000e+04
3.646900000000000000e+04
3.601100000000000000e+04
3.576100000000000000e+04
3.552900000000000000e+04
3.516900000000000000e+04
3.504800000000000000e+04
3.481300000000000000e+04
3.446700000000000000e+04
3.380600000000000000e+04
3.373600000000000000e+04
3.349700000000000000e+04
3.312900000000000000e+04
3.278600000000000000e+04
3.203100000000000000e+04
3.214200000000000000e+04
3.172100000000000000e+04
3.168700000000000000e+04
3.124200000000000000e+04
3.127500000000000000e+04
3.073300000000000000e+04
3.067700000000000000e+04
3.002800000000000000e+04
3.036600000000000000e+04
2.987000000000000000e+04
2.953300000000000000e+04
2.919500000000000000e+04
2.904400000000000000e+04
2.875100000000000000e+04
2.843900000000000000e+04
2.843900000000000000e+04
2.802200000000000000e+04
2.800200000000000000e+04
2.794300000000000000e+04
2.754700000000000000e+04
2.741500000000000000e+04
2.697600000000000000e+04
2.696900000000000000e+04
2.649400000000000000e+04
2.613300000000000000e+04
2.621900000000000000e+04
2.576300000000000000e+04
2.577200000000000000e+04
2.565300000000000000e+04
2.548500000000000000e+04
2.533000000000000000e+04
2.512500000000000000e+04
2.462300000000000000e+04
2.479500000000000000e+04
2.454200000000000000e+04
2.406800000000000000e+04
2.425800000000000000e+04
2.390500000000000000e+04
2.355100000000000000e+04
2.333700000000000000e+04
2.362200000000000000e+04
2.336300000000000000e+04
2.277800000000000000e+04
2.262800000000000000e+04
2.269900000000000000e+04
2.248200000000000000e+04
2.218000000000000000e+04
2.211900000000000000e+04
2.231300000000000000e+04
2.170900000000000000e+04
2.177100000000000000e+04
2.166300000000000000e+04
2.144000000000000000e+04
2.139300000000000000e+04
2.099400000000000000e+04
2.096400000000000000e+04
2.060700000000000000e+04
2.058500000000000000e+04
2.040600000000000000e+04
2.044500000000000000e+04
2.013900000000000000e+04
2.008900000000000000e+04
1.981800000000000000e+04
1.981600000000000000e+04
1.975700000000000000e+04
1.911100000000000000e+04
1.914100000000000000e+04
1.919900000000000000e+04
1.912900000000000000e+04
1.921600000000000000e+04
1.895900000000000000e+04
1.882400000000000000e+04
1.876600000000000000e+04
1.825400000000000000e+04
1.834600000000000000e+04
1.829400000000000000e+04
1.807600000000000000e+04
1.792400000000000000e+04
1.782100000000000000e+04
1.764300000000000000e+04
1.746900000000000000e+04
1.726600000000000000e+04
1.760100000000000000e+04
1.723300000000000000e+04
1.712800000000000000e+04
1.700600000000000000e+04
1.711000000000000000e+04
1.703000000000000000e+04
1.677600000000000000e+04
1.659600000000000000e+04
1.618800000000000000e+04
1.629300000000000000e+04
1.640100000000000000e+04
1.613000000000000000e+04
1.632000000000000000e+04
1.605100000000000000e+04
1.594600000000000000e+04
1.577100000000000000e+04
1.540100000000000000e+04
1.564100000000000000e+04
1.554800000000000000e+04
1.546300000000000000e+04
1.512500000000000000e+04
1.518000000000000000e+04
1.514600000000000000e+04
1.504800000000000000e+04
1.481500000000000000e+04
1.480800000000000000e+04
1.475700000000000000e+04
1.451000000000000000e+04
1.475600000000000000e+04
1.448800000000000000e+04
1.444300000000000000e+04
1.438400000000000000e+04
1.425400000000000000e+04
1.418900000000000000e+04
1.403000000000000000e+04
1.377700000000000000e+04
1.375900000000000000e+04
1.386100000000000000e+04
1.378500000000000000e+04
1.368300000000000000e+04
1.349800000000000000e+04
1.367700000000000000e+04
1.350900000000000000e+04
1.349700000000000000e+04
1.326500000000000000e+04
1.345100000000000000e+04
1.313400000000000000e+04
1.291400000000000000e+04
1.292500000000000000e+04
1.283000000000000000e+04
1.271200000000000000e+04
1.269000000000000000e+04
1.248300000000000000e+04
1.250000000000000000e+04
1.259000000000000000e+04
1.243100000000000000e+04
1.248900000000000000e+04
1.254600000000000000e+04
1.235600000000000000e+04
1.222600000000000000e+04
1.218300000000000000e+04
1.220000000000000000e+04
1.226500000000000000e+04
1.209500000000000000e+04
1.199500000000000000e+04
1.190600000000000000e+04
1.190300000000000000e+04
1.165700000000000000e+04
1.158100000000000000e+04
1.150800000000000000e+04
1.150700000000000000e+04
1.142800000000000000e+04
1.145400000000000000e+04
1.123900000000000000e+04
1.127800000000000000e+04
1.113400000000000000e+04
1.105900000000000000e+04
1.109700000000000000e+04
1.106700000000000000e+04
1.105400000000000000e+04
1.083100000000000000e+04
1.094200000000000000e+04
1.079400000000000000e+04
1.063800000000000000e+04
1.073200000000000000e+04
1.057100000000000000e+04
1.066300000000000000e+04
1.048200000000000000e+04
1.054400000000000000e+04
1.024200000000000000e+04
1.032900000000000000e+04
1.036000000000000000e+04
1.019200000000000000e+04
1.022400000000000000e+04
1.020500000000000000e+04
9.894000000000000000e+03
9.965000000000000000e+03
1.006500000000000000e+04
9.864000000000000000e+03
9.885000000000000000e+03
9.903000000000000000e+03
9.847000000000000000e+03
9.894000000000000000e+03
9.631000000000000000e+03
9.762000000000000000e+03
9.568000000000000000e+03
9.482000000000000000e+03
9.595000000000000000e+03
9.446000000000000000e+03
9.508000000000000000e+03
9.266000000000000000e+03
9.648000000000000000e+03
9.190000000000000000e+03
9.368000000000000000e+03
9.162000000000000000e+03
9.241000000000000000e+03
9.209000000000000000e+03
9.174000000000000000e+03
9.083000000000000000e+03
9.098000000000000000e+03
8.980000000000000000e+03
8.959000000000000000e+03
8.786000000000000000e+03
8.770000000000000000e+03
8.839000000000000000e+03
8.847000000000000000e+03
8.601000000000000000e+03
8.797000000000000000e+03
8.757000000000000000e+03
8.629000000000000000e+03
8.437000000000000000e+03
8.435000000000000000e+03
8.355000000000000000e+03
8.496000000000000000e+03
8.319000000000000000e+03
8.486000000000000000e+03
8.486000000000000000e+03
8.303000000000000000e+03
8.313000000000000000e+03
8.290000000000000000e+03
8.184000000000000000e+03
7.951000000000000000e+03
8.032000000000000000e+03
8.036000000000000000e+03
8.169000000000000000e+03
7.917000000000000000e+03
7.876000000000000000e+03
7.880000000000000000e+03
7.917000000000000000e+03
7.969000000000000000e+03
7.876000000000000000e+03
7.766000000000000000e+03
7.718000000000000000e+03
7.858000000000000000e+03
7.732000000000000000e+03
7.589000000000000000e+03
7.680000000000000000e+03
7.527000000000000000e+03
7.559000000000000000e+03
7.474000000000000000e+03
7.434000000000000000e+03
7.380000000000000000e+03
7.233000000000000000e+03
7.380000000000000000e+03
7.265000000000000000e+03
7.224000000000000000e+03
7.266000000000000000e+03
7.294000000000000000e+03
7.248000000000000000e+03
7.222000000000000000e+03
7.193000000000000000e+03
7.068000000000000000e+03
7.087000000000000000e+03
7.098000000000000000e+03
7.007000000000000000e+03
6.875000000000000000e+03
7.094000000000000000e+03
7.026000000000000000e+03
6.934000000000000000e+03
6.894000000000000000e+03
6.711000000000000000e+03
6.899000000000000000e+03
6.680000000000000000e+03
6.736000000000000000e+03
6.872000000000000000e+03
6.854000000000000000e+03
6.843000000000000000e+03
6.946000000000000000e+03
6.715000000000000000e+03
6.791000000000000000e+03
6.595000000000000000e+03
6.592000000000000000e+03
6.545000000000000000e+03
6.515000000000000000e+03
6.482000000000000000e+03
6.479000000000000000e+03
6.502000000000000000e+03
6.347000000000000000e+03
6.490000000000000000e+03
6.342000000000000000e+03
6.280000000000000000e+03
6.332000000000000000e+03
