6.408000000000000000e+04
6.664200000000000000e+04
6.957700000000000000e+04
7.294900000000000000e+04
7.570600000000000000e+04
7.919000000000000000e+04
8.261900000000000000e+04
8.709000000000000000e+04
9.067900000000000000e+04
9.513400000000000000e+04
1.011190000000000000e+05
1.054160000000000000e+05
1.111290000000000000e+05
1.174760000000000000e+05
1.231940000000000000e+05
1.312080000000000000e+05
1.384450000000000000e+05
1.468780000000000000e+05
1.571730000000000000e+05
1.657170000000000000e+05
1.775470000000000000e+05
1.907520000000000000e+05
2.039950000000000000e+05
2.192750000000000000e+05
2.364330000000000000e+05
2.544460000000000000e+05
2.762090000000000000e+05
3.007130000000000000e+05
3.261400000000000000e+05
3.572690000000000000e+05
3.927850000000000000e+05
4.334710000000000000e+05
4.798950000000000000e+05
5.354610000000000000e+05
6.012780000000000000e+05
6.775020000000000000e+05
7.681330000000000000e+05
8.794200000000000000e+05
1.014193000000000000e+06
1.178408000000000000e+06
1.383805000000000000e+06
1.641120000000000000e+06
1.962400000000000000e+06
2.371016000000000000e+06
2.885322000000000000e+06
3.523522000000000000e+06
4.273544000000000000e+06
5.090952000000000000e+06
5.827774000000000000e+06
6.285667000000000000e+06
6.281981000000000000e+06
5.823779000000000000e+06
5.091224000000000000e+06
4.273150000000000000e+06
3.526084000000000000e+06
2.886092000000000000e+06
2.372426000000000000e+06
1.962935000000000000e+06
1.639002000000000000e+06
1.381924000000000000e+06
1.176844000000000000e+06
1.012997000000000000e+06
8.794170000000000000e+05
7.690680000000000000e+05
6.778820000000000000e+05
5.998860000000000000e+05
5.368650000000000000e+05
4.814800000000000000e+05
4.335050000000000000e+05
3.936700000000000000e+05
3.582540000000000000e+05
3.271890000000000000e+05
2.987030000000000000e+05
2.755900000000000000e+05
2.545550000000000000e+05
2.357520000000000000e+05
2.184890000000000000e+05
2.046280000000000000e+05
1.892350000000000000e+05
1.782620000000000000e+05
1.659060000000000000e+05
1.570180000000000000e+05
1.475640000000000000e+05
1.389980000000000000e+05
1.314510000000000000e+05
1.239590000000000000e+05
1.178090000000000000e+05
1.117180000000000000e+05
1.056790000000000000e+05
1.005590000000000000e+05
9.590700000000000000e+04
9.127800000000000000e+04
8.630900000000000000e+04
8.285100000000000000e+04
7.884600000000000000e+04
7.605500000000000000e+04
7.253800000000000000e+04
6.982800000000000000e+04
6.685100000000000000e+04
6.453000000000000000e+04
