6.264000000000000000e+03
6.402000000000000000e+03
6.433000000000000000e+03
6.413000000000000000e+03
6.418000000000000000e+03
6.453000000000000000e+03
6.548000000000000000e+03
6.429000000000000000e+03
6.649000000000000000e+03
6.498000000000000000e+03
6.603000000000000000e+03
6.642000000000000000e+03
6.601000000000000000e+03
6.792000000000000000e+03
6.682000000000000000e+03
6.792000000000000000e+03
6.693000000000000000e+03
6.881000000000000000e+03
6.763000000000000000e+03
6.793000000000000000e+03
6.966000000000000000e+03
6.781000000000000000e+03
6.870000000000000000e+03
6.709000000000000000e+03
7.015000000000000000e+03
6.988000000000000000e+03
6.891000000000000000e+03
7.173000000000000000e+03
7.103000000000000000e+03
7.025000000000000000e+03
7.159000000000000000e+03
7.261000000000000000e+03
7.299000000000000000e+03
7.298000000000000000e+03
7.244000000000000000e+03
7.205000000000000000e+03
7.092000000000000000e+03
7.431000000000000000e+03
7.373000000000000000e+03
7.341000000000000000e+03
7.410000000000000000e+03
7.388000000000000000e+03
7.519000000000000000e+03
7.483000000000000000e+03
7.711000000000000000e+03
7.748000000000000000e+03
7.636000000000000000e+03
7.576000000000000000e+03
7.745000000000000000e+03
7.766000000000000000e+03
7.733000000000000000e+03
7.717000000000000000e+03
7.826000000000000000e+03
7.865000000000000000e+03
7.756000000000000000e+03
7.896000000000000000e+03
7.888000000000000000e+03
8.003000000000000000e+03
8.109000000000000000e+03
8.072000000000000000e+03
8.273000000000000000e+03
8.106000000000000000e+03
8.157000000000000000e+03
8.211000000000000000e+03
8.282000000000000000e+03
8.232000000000000000e+03
8.315000000000000000e+03
8.317000000000000000e+03
8.471000000000000000e+03
8.564000000000000000e+03
8.605000000000000000e+03
8.615000000000000000e+03
8.569000000000000000e+03
8.576000000000000000e+03
8.713000000000000000e+03
8.620000000000000000e+03
8.704000000000000000e+03
8.828000000000000000e+03
8.749000000000000000e+03
8.882000000000000000e+03
8.916000000000000000e+03
9.042000000000000000e+03
8.961000000000000000e+03
9.140000000000000000e+03
8.997000000000000000e+03
9.052000000000000000e+03
9.075000000000000000e+03
9.186000000000000000e+03
9.293000000000000000e+03
9.632000000000000000e+03
9.292000000000000000e+03
9.567000000000000000e+03
9.420000000000000000e+03
9.315000000000000000e+03
9.475000000000000000e+03
9.730000000000000000e+03
9.703000000000000000e+03
9.619000000000000000e+03
9.766000000000000000e+03
9.730000000000000000e+03
9.725000000000000000e+03
9.944000000000000000e+03
9.677000000000000000e+03
1.000700000000000000e+04
9.897000000000000000e+03
1.021600000000000000e+04
1.028500000000000000e+04
1.015200000000000000e+04
1.021600000000000000e+04
1.028000000000000000e+04
1.024600000000000000e+04
1.024100000000000000e+04
1.054800000000000000e+04
1.044100000000000000e+04
1.045100000000000000e+04
1.069200000000000000e+04
1.053700000000000000e+04
1.068100000000000000e+04
1.077400000000000000e+04
1.080400000000000000e+04
1.081900000000000000e+04
1.087500000000000000e+04
1.094000000000000000e+04
1.118300000000000000e+04
1.108400000000000000e+04
1.107800000000000000e+04
1.127000000000000000e+04
1.125800000000000000e+04
1.131400000000000000e+04
1.156600000000000000e+04
1.165300000000000000e+04
1.152600000000000000e+04
1.175400000000000000e+04
1.175900000000000000e+04
1.198600000000000000e+04
1.179700000000000000e+04
1.175600000000000000e+04
1.207300000000000000e+04
1.193100000000000000e+04
1.207000000000000000e+04
1.197300000000000000e+04
1.239100000000000000e+04
1.238500000000000000e+04
1.231100000000000000e+04
1.219200000000000000e+04
1.250000000000000000e+04
1.264000000000000000e+04
1.265000000000000000e+04
1.253400000000000000e+04
1.264300000000000000e+04
1.269300000000000000e+04
1.273400000000000000e+04
1.308400000000000000e+04
1.286100000000000000e+04
1.319700000000000000e+04
1.319800000000000000e+04
1.326200000000000000e+04
1.321500000000000000e+04
1.350100000000000000e+04
1.341300000000000000e+04
1.372400000000000000e+04
1.362100000000000000e+04
1.361300000000000000e+04
1.362100000000000000e+04
1.384300000000000000e+04
1.388500000000000000e+04
1.376600000000000000e+04
1.420500000000000000e+04
1.409900000000000000e+04
1.410600000000000000e+04
1.417600000000000000e+04
1.409400000000000000e+04
1.412900000000000000e+04
1.456500000000000000e+04
1.462600000000000000e+04
1.466000000000000000e+04
1.489600000000000000e+04
1.505400000000000000e+04
1.529000000000000000e+04
1.508100000000000000e+04
1.517400000000000000e+04
1.546900000000000000e+04
1.550000000000000000e+04
1.559700000000000000e+04
1.551900000000000000e+04
1.557700000000000000e+04
1.566400000000000000e+04
1.594900000000000000e+04
1.594600000000000000e+04
1.582900000000000000e+04
1.616700000000000000e+04
1.645300000000000000e+04
1.646400000000000000e+04
1.662200000000000000e+04
1.654600000000000000e+04
1.660300000000000000e+04
1.681800000000000000e+04
1.664400000000000000e+04
1.726900000000000000e+04
1.730800000000000000e+04
1.724600000000000000e+04
1.724700000000000000e+04
1.732000000000000000e+04
1.770700000000000000e+04
1.755000000000000000e+04
1.799300000000000000e+04
1.822800000000000000e+04
1.797200000000000000e+04
1.807100000000000000e+04
1.829700000000000000e+04
1.850400000000000000e+04
1.846300000000000000e+04
1.848200000000000000e+04
1.880200000000000000e+04
1.892000000000000000e+04
1.930600000000000000e+04
1.939800000000000000e+04
1.927400000000000000e+04
1.933400000000000000e+04
1.965600000000000000e+04
1.988100000000000000e+04
1.992700000000000000e+04
1.998600000000000000e+04
2.036800000000000000e+04
2.036900000000000000e+04
2.048000000000000000e+04
2.042700000000000000e+04
2.085700000000000000e+04
2.085100000000000000e+04
2.121100000000000000e+04
2.129100000000000000e+04
2.118300000000000000e+04
2.131400000000000000e+04
2.152300000000000000e+04
2.171100000000000000e+04
2.187000000000000000e+04
2.224100000000000000e+04
2.204100000000000000e+04
2.250200000000000000e+04
2.272600000000000000e+04
2.272700000000000000e+04
2.285200000000000000e+04
2.303100000000000000e+04
2.307400000000000000e+04
2.349800000000000000e+04
2.364600000000000000e+04
2.372900000000000000e+04
2.386400000000000000e+04
2.406700000000000000e+04
2.446500000000000000e+04
2.485600000000000000e+04
2.477300000000000000e+04
2.493800000000000000e+04
2.508800000000000000e+04
2.520700000000000000e+04
2.580800000000000000e+04
2.582000000000000000e+04
2.579800000000000000e+04
2.628800000000000000e+04
2.627900000000000000e+04
2.632400000000000000e+04
2.683000000000000000e+04
2.718200000000000000e+04
2.731200000000000000e+04
2.706500000000000000e+04
2.752400000000000000e+04
2.794100000000000000e+04
2.789800000000000000e+04
2.843800000000000000e+04
2.881400000000000000e+04
2.855900000000000000e+04
2.913800000000000000e+04
2.950700000000000000e+04
2.935300000000000000e+04
2.982900000000000000e+04
3.025300000000000000e+04
3.055300000000000000e+04
3.050000000000000000e+04
3.079400000000000000e+04
3.106400000000000000e+04
3.159700000000000000e+04
3.154500000000000000e+04
3.189300000000000000e+04
3.212700000000000000e+04
3.239200000000000000e+04
3.250200000000000000e+04
3.310300000000000000e+04
3.326200000000000000e+04
3.344400000000000000e+04
3.395300000000000000e+04
3.446100000000000000e+04
3.474600000000000000e+04
3.516700000000000000e+04
3.532900000000000000e+04
3.568500000000000000e+04
3.618500000000000000e+04
3.622200000000000000e+04
3.664600000000000000e+04
3.667800000000000000e+04
3.733100000000000000e+04
3.801300000000000000e+04
3.759400000000000000e+04
3.823300000000000000e+04
3.895500000000000000e+04
3.937100000000000000e+04
3.929100000000000000e+04
4.007500000000000000e+04
4.033300000000000000e+04
4.048900000000000000e+04
4.117400000000000000e+04
4.133700000000000000e+04
4.144400000000000000e+04
4.214100000000000000e+04
4.279300000000000000e+04
4.300300000000000000e+04
4.376400000000000000e+04
4.429200000000000000e+04
4.421700000000000000e+04
4.456000000000000000e+04
4.525300000000000000e+04
4.585400000000000000e+04
4.610300000000000000e+04
4.693400000000000000e+04
4.746400000000000000e+04
4.786900000000000000e+04
4.831700000000000000e+04
4.902900000000000000e+04
4.939300000000000000e+04
4.978300000000000000e+04
4.992600000000000000e+04
5.096400000000000000e+04
5.166600000000000000e+04
5.201000000000000000e+04
5.288600000000000000e+04
5.318500000000000000e+04
5.400200000000000000e+04
5.409500000000000000e+04
5.480700000000000000e+04
5.560900000000000000e+04
5.632100000000000000e+04
5.731500000000000000e+04
5.742100000000000000e+04
5.816100000000000000e+04
5.946900000000000000e+04
5.962500000000000000e+04
6.087100000000000000e+04
6.102800000000000000e+04
6.125200000000000000e+04
6.245200000000000000e+04
6.263700000000000000e+04
6.367600000000000000e+04
6.485000000000000000e+04
6.557100000000000000e+04
6.628300000000000000e+04
6.741900000000000000e+04
6.754500000000000000e+04
6.818600000000000000e+04
6.984200000000000000e+04
7.050800000000000000e+04
7.159800000000000000e+04
7.286600000000000000e+04
7.331700000000000000e+04
7.478600000000000000e+04
7.578200000000000000e+04
7.639000000000000000e+04
7.786700000000000000e+04
7.836700000000000000e+04
7.897700000000000000e+04
8.023600000000000000e+04
8.147000000000000000e+04
8.302800000000000000e+04
8.378300000000000000e+04
8.475100000000000000e+04
8.581600000000000000e+04
8.730700000000000000e+04
8.818300000000000000e+04
8.923400000000000000e+04
9.144900000000000000e+04
9.267100000000000000e+04
9.281600000000000000e+04
9.507500000000000000e+04
9.636600000000000000e+04
9.799400000000000000e+04
9.907200000000000000e+04
1.006650000000000000e+05
1.018290000000000000e+05
1.034150000000000000e+05
1.054420000000000000e+05
1.068730000000000000e+05
1.083530000000000000e+05
1.096610000000000000e+05
1.114460000000000000e+05
1.128190000000000000e+05
1.153100000000000000e+05
1.163070000000000000e+05
1.186110000000000000e+05
1.199920000000000000e+05
1.224340000000000000e+05
1.239960000000000000e+05
1.254590000000000000e+05
1.286260000000000000e+05
1.304870000000000000e+05
1.328400000000000000e+05
1.346420000000000000e+05
1.373880000000000000e+05
1.392890000000000000e+05
1.417270000000000000e+05
1.433920000000000000e+05
1.467180000000000000e+05
1.487760000000000000e+05
1.507880000000000000e+05
1.536000000000000000e+05
1.558980000000000000e+05
1.603200000000000000e+05
1.623510000000000000e+05
1.658370000000000000e+05
1.680020000000000000e+05
1.710310000000000000e+05
1.737140000000000000e+05
1.772270000000000000e+05
1.806880000000000000e+05
1.841230000000000000e+05
1.871950000000000000e+05
1.913120000000000000e+05
1.941100000000000000e+05
1.968690000000000000e+05
2.018550000000000000e+05
2.049440000000000000e+05
2.084470000000000000e+05
2.132100000000000000e+05
2.163370000000000000e+05
2.200910000000000000e+05
2.255140000000000000e+05
2.290720000000000000e+05
2.335290000000000000e+05
2.382830000000000000e+05
2.435820000000000000e+05
2.487070000000000000e+05
2.531550000000000000e+05
2.585830000000000000e+05
2.633470000000000000e+05
2.677780000000000000e+05
2.745370000000000000e+05
2.799760000000000000e+05
2.849470000000000000e+05
2.918410000000000000e+05
2.977790000000000000e+05
3.021000000000000000e+05
3.094960000000000000e+05
3.155410000000000000e+05
3.209560000000000000e+05
3.274900000000000000e+05
3.347710000000000000e+05
3.402800000000000000e+05
3.478440000000000000e+05
3.538600000000000000e+05
3.614200000000000000e+05
3.687270000000000000e+05
3.771840000000000000e+05
3.849450000000000000e+05
3.918250000000000000e+05
3.988590000000000000e+05
4.081860000000000000e+05
4.157410000000000000e+05
4.233940000000000000e+05
4.305590000000000000e+05
4.393640000000000000e+05
4.482280000000000000e+05
4.551430000000000000e+05
4.639740000000000000e+05
4.718000000000000000e+05
4.805750000000000000e+05
4.881510000000000000e+05
4.967910000000000000e+05
5.063210000000000000e+05
5.140940000000000000e+05
5.207320000000000000e+05
5.302750000000000000e+05
5.382500000000000000e+05
5.453160000000000000e+05
5.517080000000000000e+05
5.602120000000000000e+05
5.671760000000000000e+05
5.737640000000000000e+05
5.803240000000000000e+05
5.856310000000000000e+05
5.939610000000000000e+05
5.985670000000000000e+05
6.044170000000000000e+05
6.083290000000000000e+05
6.142590000000000000e+05
6.174470000000000000e+05
6.229030000000000000e+05
6.260750000000000000e+05
6.299020000000000000e+05
6.309510000000000000e+05
6.324090000000000000e+05
6.358900000000000000e+05
6.358420000000000000e+05
6.367040000000000000e+05
6.374280000000000000e+05
6.368740000000000000e+05
6.350940000000000000e+05
6.326130000000000000e+05
6.327750000000000000e+05
6.289220000000000000e+05
6.246330000000000000e+05
6.234480000000000000e+05
6.183830000000000000e+05
6.157130000000000000e+05
6.104640000000000000e+05
6.047760000000000000e+05
5.983640000000000000e+05
5.942850000000000000e+05
5.860390000000000000e+05
5.798950000000000000e+05
5.766330000000000000e+05
5.666210000000000000e+05
5.596220000000000000e+05
5.531720000000000000e+05
5.449610000000000000e+05
5.378310000000000000e+05
5.295940000000000000e+05
5.223920000000000000e+05
5.143980000000000000e+05
5.050350000000000000e+05
4.969690000000000000e+05
4.897440000000000000e+05
4.804750000000000000e+05
4.715090000000000000e+05
4.635270000000000000e+05
4.559130000000000000e+05
4.480630000000000000e+05
4.395130000000000000e+05
4.308130000000000000e+05
4.242670000000000000e+05
4.153740000000000000e+05
4.076600000000000000e+05
3.996770000000000000e+05
3.910740000000000000e+05
3.845030000000000000e+05
3.775390000000000000e+05
3.706180000000000000e+05
3.619600000000000000e+05
3.552100000000000000e+05
3.481370000000000000e+05
3.406430000000000000e+05
3.338340000000000000e+05
3.277360000000000000e+05
3.223340000000000000e+05
3.142820000000000000e+05
3.085870000000000000e+05
3.020570000000000000e+05
2.965200000000000000e+05
2.910650000000000000e+05
2.852660000000000000e+05
2.796380000000000000e+05
2.743680000000000000e+05
2.678970000000000000e+05
2.631880000000000000e+05
2.591030000000000000e+05
2.529040000000000000e+05
2.483360000000000000e+05
2.444710000000000000e+05
2.391370000000000000e+05
2.346370000000000000e+05
2.304360000000000000e+05
2.257860000000000000e+05
2.208050000000000000e+05
2.176700000000000000e+05
2.131230000000000000e+05
2.086990000000000000e+05
2.050210000000000000e+05
2.014520000000000000e+05
1.973290000000000000e+05
1.938600000000000000e+05
1.904680000000000000e+05
1.878490000000000000e+05
1.840520000000000000e+05
1.807490000000000000e+05
1.769990000000000000e+05
1.742390000000000000e+05
1.715230000000000000e+05
1.681610000000000000e+05
1.649280000000000000e+05
1.616260000000000000e+05
1.589930000000000000e+05
1.575880000000000000e+05
1.543590000000000000e+05
1.520750000000000000e+05
1.492020000000000000e+05
1.463710000000000000e+05
1.437590000000000000e+05
1.419420000000000000e+05
1.387470000000000000e+05
1.365760000000000000e+05
1.345720000000000000e+05
1.327970000000000000e+05
1.307560000000000000e+05
1.287080000000000000e+05
1.261990000000000000e+05
1.242040000000000000e+05
1.221370000000000000e+05
1.202410000000000000e+05
1.186860000000000000e+05
1.162280000000000000e+05
1.152980000000000000e+05
1.134250000000000000e+05
1.121230000000000000e+05
1.100310000000000000e+05
1.081070000000000000e+05
1.063820000000000000e+05
1.046700000000000000e+05
1.034010000000000000e+05
1.020850000000000000e+05
1.006550000000000000e+05
9.912400000000000000e+04
9.804200000000000000e+04
9.610600000000000000e+04
9.506000000000000000e+04
9.358300000000000000e+04
9.224700000000000000e+04
9.105300000000000000e+04
8.974600000000000000e+04
8.853400000000000000e+04
8.704200000000000000e+04
8.548400000000000000e+04
8.479800000000000000e+04
8.361400000000000000e+04
8.235200000000000000e+04
8.152700000000000000e+04
8.016000000000000000e+04
7.960800000000000000e+04
7.826000000000000000e+04
7.774600000000000000e+04
7.678000000000000000e+04
7.488600000000000000e+04
7.446000000000000000e+04
7.338300000000000000e+04
7.292800000000000000e+04
7.158200000000000000e+04
7.061400000000000000e+04
7.015300000000000000e+04
6.848700000000000000e+04
6.835900000000000000e+04
6.744300000000000000e+04
6.643700000000000000e+04
6.552800000000000000e+04
6.513200000000000000e+04
6.382500000000000000e+04
6.327100000000000000e+04
6.253600000000000000e+04
6.240000000000000000e+04
6.065400000000000000e+04
6.055500000000000000e+04
5.951400000000000000e+04
5.864300000000000000e+04
5.822800000000000000e+04
5.813600000000000000e+04
5.733000000000000000e+04
5.609900000000000000e+04
5.561400000000000000e+04
5.523400000000000000e+04
5.430000000000000000e+04
5.346000000000000000e+04
5.289200000000000000e+04
5.273600000000000000e+04
5.183000000000000000e+04
5.122200000000000000e+04
5.106700000000000000e+04
5.066800000000000000e+04
4.976400000000000000e+04
4.946000000000000000e+04
4.856100000000000000e+04
4.795600000000000000e+04
4.818900000000000000e+04
4.740100000000000000e+04
4.682500000000000000e+04
4.612800000000000000e+04
4.513100000000000000e+04
4.536600000000000000e+04
4.494500000000000000e+04
4.459800000000000000e+04
4.416600000000000000e+04
4.361900000000000000e+04
4.313700000000000000e+04
4.271100000000000000e+04
4.210800000000000000e+04
4.192800000000000000e+04
4.120400000000000000e+04
4.085400000000000000e+04
4.093700000000000000e+04
4.043300000000000000e+04
4.021500000000000000e+04
3.941000000000000000e+04
3.931600000000000000e+04
3.872600000000000000e+04
3.837300000000000000e+04
3.789100000000000000e+04
3.777600000000000000e+04
3.717400000000000000e+04
3.653100000000000000e+04
3.688500000000000000e+04
3.599900000000000000e+04
3.593500000000000000e+04
3.537200000000000000e+04
3.521800000000000000e+04
3.486900000000000000e+04
3.470700000000000000e+04
3.427000000000000000e+04
3.379500000000000000e+04
3.383800000000000000e+04
3.327800000000000000e+04
3.282300000000000000e+04
3.273900000000000000e+04
3.269900000000000000e+04
3.253800000000000000e+04
3.178300000000000000e+04
3.142300000000000000e+04
3.144400000000000000e+04
3.124200000000000000e+04
3.075100000000000000e+04
3.076200000000000000e+04
3.028400000000000000e+04
3.002900000000000000e+04
2.963500000000000000e+04
2.972500000000000000e+04
2.906200000000000000e+04
2.907800000000000000e+04
2.844300000000000000e+04
2.846500000000000000e+04
2.806700000000000000e+04
2.845000000000000000e+04
2.789400000000000000e+04
2.744500000000000000e+04
2.753000000000000000e+04
2.751600000000000000e+04
2.700400000000000000e+04
2.682000000000000000e+04
2.652700000000000000e+04
2.678700000000000000e+04
2.594000000000000000e+04
2.587900000000000000e+04
2.576900000000000000e+04
2.562000000000000000e+04
2.541400000000000000e+04
2.498200000000000000e+04
2.499200000000000000e+04
2.475300000000000000e+04
2.434100000000000000e+04
2.439900000000000000e+04
2.428800000000000000e+04
2.401300000000000000e+04
2.391900000000000000e+04
2.392400000000000000e+04
2.349800000000000000e+04
2.341100000000000000e+04
2.295700000000000000e+04
2.302900000000000000e+04
2.268600000000000000e+04
2.266500000000000000e+04
2.235300000000000000e+04
2.242200000000000000e+04
2.224300000000000000e+04
2.192200000000000000e+04
2.190900000000000000e+04
2.154200000000000000e+04
2.167700000000000000e+04
2.161100000000000000e+04
2.110300000000000000e+04
2.100900000000000000e+04
2.089500000000000000e+04
2.061300000000000000e+04
2.053800000000000000e+04
2.037200000000000000e+04
2.040800000000000000e+04
2.021000000000000000e+04
1.994300000000000000e+04
2.004400000000000000e+04
1.986000000000000000e+04
2.003200000000000000e+04
1.949400000000000000e+04
1.946300000000000000e+04
1.930500000000000000e+04
1.933900000000000000e+04
1.879500000000000000e+04
1.886300000000000000e+04
1.887500000000000000e+04
1.878300000000000000e+04
1.837500000000000000e+04
1.819000000000000000e+04
1.821200000000000000e+04
1.796300000000000000e+04
1.791700000000000000e+04
1.772900000000000000e+04
1.775200000000000000e+04
1.768200000000000000e+04
1.745800000000000000e+04
1.753200000000000000e+04
1.742000000000000000e+04
1.706800000000000000e+04
1.683800000000000000e+04
1.690100000000000000e+04
1.682700000000000000e+04
1.683900000000000000e+04
1.672800000000000000e+04
1.643700000000000000e+04
1.627300000000000000e+04
1.643000000000000000e+04
1.602600000000000000e+04
1.611200000000000000e+04
1.606600000000000000e+04
1.578900000000000000e+04
1.588700000000000000e+04
1.569400000000000000e+04
1.574200000000000000e+04
1.548700000000000000e+04
1.522000000000000000e+04
1.521300000000000000e+04
1.520900000000000000e+04
1.514800000000000000e+04
1.494200000000000000e+04
1.483700000000000000e+04
1.511300000000000000e+04
1.499700000000000000e+04
1.477000000000000000e+04
1.461600000000000000e+04
1.459900000000000000e+04
1.440900000000000000e+04
1.441000000000000000e+04
1.440500000000000000e+04
1.404600000000000000e+04
1.411900000000000000e+04
1.381400000000000000e+04
1.386500000000000000e+04
1.368800000000000000e+04
1.414000000000000000e+04
1.378100000000000000e+04
1.360500000000000000e+04
1.361200000000000000e+04
1.346800000000000000e+04
1.335300000000000000e+04
1.305300000000000000e+04
1.333900000000000000e+04
1.315300000000000000e+04
1.309200000000000000e+04
1.301500000000000000e+04
1.301500000000000000e+04
1.266300000000000000e+04
1.270400000000000000e+04
1.288600000000000000e+04
1.269100000000000000e+04
1.252500000000000000e+04
1.243300000000000000e+04
1.277600000000000000e+04
1.264100000000000000e+04
1.228300000000000000e+04
1.231500000000000000e+04
1.222500000000000000e+04
1.209600000000000000e+04
1.195600000000000000e+04
1.201500000000000000e+04
1.182300000000000000e+04
1.173300000000000000e+04
1.166900000000000000e+04
1.188200000000000000e+04
1.163600000000000000e+04
1.171800000000000000e+04
1.163500000000000000e+04
1.154500000000000000e+04
1.130000000000000000e+04
1.139300000000000000e+04
1.126900000000000000e+04
1.125400000000000000e+04
1.115200000000000000e+04
1.109400000000000000e+04
1.106100000000000000e+04
1.094100000000000000e+04
1.078200000000000000e+04
1.091800000000000000e+04
1.078200000000000000e+04
1.077400000000000000e+04
1.077500000000000000e+04
1.059200000000000000e+04
1.054000000000000000e+04
1.057900000000000000e+04
1.057900000000000000e+04
1.047000000000000000e+04
1.030900000000000000e+04
1.026100000000000000e+04
1.019000000000000000e+04
1.020400000000000000e+04
1.011800000000000000e+04
1.021500000000000000e+04
9.915000000000000000e+03
9.906000000000000000e+03
9.866000000000000000e+03
9.769000000000000000e+03
9.855000000000000000e+03
9.880000000000000000e+03
9.870000000000000000e+03
9.916000000000000000e+03
9.849000000000000000e+03
9.627000000000000000e+03
9.482000000000000000e+03
9.506000000000000000e+03
9.488000000000000000e+03
9.402000000000000000e+03
9.378000000000000000e+03
9.466000000000000000e+03
9.557000000000000000e+03
9.261000000000000000e+03
9.204000000000000000e+03
9.219000000000000000e+03
9.120000000000000000e+03
9.024000000000000000e+03
9.019000000000000000e+03
9.027000000000000000e+03
8.823000000000000000e+03
9.084000000000000000e+03
9.027000000000000000e+03
8.842000000000000000e+03
8.809000000000000000e+03
8.606000000000000000e+03
8.876000000000000000e+03
8.622000000000000000e+03
8.642000000000000000e+03
8.579000000000000000e+03
8.461000000000000000e+03
8.484000000000000000e+03
8.329000000000000000e+03
8.572000000000000000e+03
8.580000000000000000e+03
8.394000000000000000e+03
8.408000000000000000e+03
8.220000000000000000e+03
8.494000000000000000e+03
8.213000000000000000e+03
8.072000000000000000e+03
8.213000000000000000e+03
8.127000000000000000e+03
8.176000000000000000e+03
7.883000000000000000e+03
7.994000000000000000e+03
8.034000000000000000e+03
7.920000000000000000e+03
7.908000000000000000e+03
7.849000000000000000e+03
7.751000000000000000e+03
7.832000000000000000e+03
7.641000000000000000e+03
7.798000000000000000e+03
7.728000000000000000e+03
7.738000000000000000e+03
7.733000000000000000e+03
7.652000000000000000e+03
7.488000000000000000e+03
7.618000000000000000e+03
7.462000000000000000e+03
7.413000000000000000e+03
7.432000000000000000e+03
7.263000000000000000e+03
7.352000000000000000e+03
7.253000000000000000e+03
7.269000000000000000e+03
7.259000000000000000e+03
7.246000000000000000e+03
7.046000000000000000e+03
7.058000000000000000e+03
7.057000000000000000e+03
6.984000000000000000e+03
7.105000000000000000e+03
7.010000000000000000e+03
6.902000000000000000e+03
7.027000000000000000e+03
6.991000000000000000e+03
6.960000000000000000e+03
6.825000000000000000e+03
6.948000000000000000e+03
6.795000000000000000e+03
6.781000000000000000e+03
6.862000000000000000e+03
6.776000000000000000e+03
6.732000000000000000e+03
6.572000000000000000e+03
6.690000000000000000e+03
6.574000000000000000e+03
6.665000000000000000e+03
6.569000000000000000e+03
6.486000000000000000e+03
6.279000000000000000e+03
6.563000000000000000e+03
6.480000000000000000e+03
6.409000000000000000e+03
6.385000000000000000e+03
6.522000000000000000e+03
6.403000000000000000e+03
6.331000000000000000e+03
6.252000000000000000e+03
6.231000000000000000e+03
