6.327000000000000000e+03
6.267000000000000000e+03
6.230000000000000000e+03
6.461000000000000000e+03
6.348000000000000000e+03
6.503000000000000000e+03
6.475000000000000000e+03
6.513000000000000000e+03
6.626000000000000000e+03
6.410000000000000000e+03
6.502000000000000000e+03
6.592000000000000000e+03
6.465000000000000000e+03
6.767000000000000000e+03
6.715000000000000000e+03
6.722000000000000000e+03
6.663000000000000000e+03
6.879000000000000000e+03
6.710000000000000000e+03
6.829000000000000000e+03
6.853000000000000000e+03
6.924000000000000000e+03
6.829000000000000000e+03
6.977000000000000000e+03
6.978000000000000000e+03
6.945000000000000000e+03
7.033000000000000000e+03
7.022000000000000000e+03
6.903000000000000000e+03
7.006000000000000000e+03
7.025000000000000000e+03
7.160000000000000000e+03
7.066000000000000000e+03
7.251000000000000000e+03
7.322000000000000000e+03
7.201000000000000000e+03
7.253000000000000000e+03
7.440000000000000000e+03
7.351000000000000000e+03
7.502000000000000000e+03
7.409000000000000000e+03
7.506000000000000000e+03
7.453000000000000000e+03
7.523000000000000000e+03
7.478000000000000000e+03
7.695000000000000000e+03
7.605000000000000000e+03
7.668000000000000000e+03
7.737000000000000000e+03
7.782000000000000000e+03
7.794000000000000000e+03
7.864000000000000000e+03
7.766000000000000000e+03
7.853000000000000000e+03
7.795000000000000000e+03
7.996000000000000000e+03
8.027000000000000000e+03
7.961000000000000000e+03
8.035000000000000000e+03
8.202000000000000000e+03
8.128000000000000000e+03
8.292000000000000000e+03
8.356000000000000000e+03
8.391000000000000000e+03
8.305000000000000000e+03
8.260000000000000000e+03
8.303000000000000000e+03
8.458000000000000000e+03
8.471000000000000000e+03
8.391000000000000000e+03
8.369000000000000000e+03
8.666000000000000000e+03
8.486000000000000000e+03
8.648000000000000000e+03
8.670000000000000000e+03
8.654000000000000000e+03
8.631000000000000000e+03
8.850000000000000000e+03
8.733000000000000000e+03
8.786000000000000000e+03
8.995000000000000000e+03
8.844000000000000000e+03
9.089000000000000000e+03
9.060000000000000000e+03
9.127000000000000000e+03
9.116000000000000000e+03
9.048000000000000000e+03
9.244000000000000000e+03
9.128000000000000000e+03
9.230000000000000000e+03
9.286000000000000000e+03
9.350000000000000000e+03
9.404000000000000000e+03
9.461000000000000000e+03
9.609000000000000000e+03
9.616000000000000000e+03
9.793000000000000000e+03
9.716000000000000000e+03
9.783000000000000000e+03
9.698000000000000000e+03
9.612000000000000000e+03
9.954000000000000000e+03
9.867000000000000000e+03
1.001400000000000000e+04
1.012500000000000000e+04
1.003000000000000000e+04
1.020400000000000000e+04
1.024000000000000000e+04
1.016000000000000000e+04
1.032300000000000000e+04
1.026400000000000000e+04
1.037000000000000000e+04
1.042600000000000000e+04
1.054400000000000000e+04
1.059800000000000000e+04
1.073100000000000000e+04
1.055200000000000000e+04
1.045900000000000000e+04
1.089200000000000000e+04
1.075600000000000000e+04
1.102700000000000000e+04
1.089600000000000000e+04
1.088900000000000000e+04
1.096100000000000000e+04
1.109600000000000000e+04
1.096100000000000000e+04
1.115400000000000000e+04
1.116700000000000000e+04
1.130700000000000000e+04
1.131600000000000000e+04
1.157600000000000000e+04
1.150100000000000000e+04
1.152300000000000000e+04
1.164100000000000000e+04
1.174700000000000000e+04
1.175500000000000000e+04
1.176500000000000000e+04
1.193700000000000000e+04
1.205400000000000000e+04
1.203100000000000000e+04
1.210600000000000000e+04
1.217000000000000000e+04
1.238100000000000000e+04
1.225800000000000000e+04
1.235700000000000000e+04
1.249000000000000000e+04
1.247300000000000000e+04
1.248400000000000000e+04
1.261900000000000000e+04
1.266100000000000000e+04
1.276500000000000000e+04
1.282700000000000000e+04
1.277000000000000000e+04
1.293500000000000000e+04
1.306300000000000000e+04
1.301700000000000000e+04
1.306100000000000000e+04
1.350200000000000000e+04
1.328800000000000000e+04
1.339700000000000000e+04
1.357500000000000000e+04
1.362900000000000000e+04
1.372500000000000000e+04
1.381300000000000000e+04
1.370800000000000000e+04
1.386700000000000000e+04
1.387700000000000000e+04
1.392400000000000000e+04
1.415300000000000000e+04
1.416000000000000000e+04
1.434500000000000000e+04
1.427500000000000000e+04
1.450000000000000000e+04
1.451900000000000000e+04
1.483600000000000000e+04
1.482500000000000000e+04
1.460000000000000000e+04
1.504000000000000000e+04
1.510200000000000000e+04
1.516300000000000000e+04
1.511100000000000000e+04
1.540900000000000000e+04
1.547300000000000000e+04
1.540600000000000000e+04
1.564400000000000000e+04
1.553900000000000000e+04
1.586400000000000000e+04
1.589400000000000000e+04
1.596500000000000000e+04
1.610000000000000000e+04
1.602900000000000000e+04
1.608700000000000000e+04
1.627000000000000000e+04
1.649800000000000000e+04
1.682300000000000000e+04
1.670800000000000000e+04
1.694500000000000000e+04
1.698400000000000000e+04
1.697800000000000000e+04
1.717900000000000000e+04
1.760100000000000000e+04
1.734700000000000000e+04
1.743700000000000000e+04
1.762000000000000000e+04
1.788000000000000000e+04
1.771100000000000000e+04
1.798700000000000000e+04
1.809400000000000000e+04
1.785800000000000000e+04
1.818500000000000000e+04
1.865500000000000000e+04
1.865500000000000000e+04
1.863200000000000000e+04
1.884900000000000000e+04
1.906000000000000000e+04
1.926500000000000000e+04
1.906200000000000000e+04
1.927100000000000000e+04
1.923400000000000000e+04
1.978400000000000000e+04
1.953200000000000000e+04
1.986500000000000000e+04
2.006200000000000000e+04
2.010400000000000000e+04
2.046100000000000000e+04
2.065800000000000000e+04
2.079900000000000000e+04
2.074600000000000000e+04
2.076400000000000000e+04
2.100300000000000000e+04
2.101900000000000000e+04
2.120400000000000000e+04
2.147200000000000000e+04
2.152100000000000000e+04
2.185700000000000000e+04
2.181800000000000000e+04
2.227900000000000000e+04
2.224400000000000000e+04
2.238900000000000000e+04
2.243100000000000000e+04
2.284200000000000000e+04
2.292000000000000000e+04
2.314600000000000000e+04
2.297100000000000000e+04
2.351300000000000000e+04
2.361800000000000000e+04
2.404500000000000000e+04
2.412000000000000000e+04
2.435500000000000000e+04
2.435200000000000000e+04
2.462200000000000000e+04
2.482100000000000000e+04
2.514600000000000000e+04
2.504800000000000000e+04
2.549900000000000000e+04
2.528100000000000000e+04
2.602300000000000000e+04
2.617600000000000000e+04
2.607700000000000000e+04
2.628600000000000000e+04
2.648300000000000000e+04
2.667600000000000000e+04
2.687000000000000000e+04
2.707600000000000000e+04
2.728400000000000000e+04
2.760900000000000000e+04
2.795900000000000000e+04
2.829000000000000000e+04
2.854800000000000000e+04
2.858400000000000000e+04
2.867800000000000000e+04
2.881600000000000000e+04
2.952300000000000000e+04
2.976800000000000000e+04
2.989900000000000000e+04
3.012100000000000000e+04
3.024200000000000000e+04
3.042600000000000000e+04
3.087300000000000000e+04
3.102800000000000000e+04
3.141600000000000000e+04
3.178900000000000000e+04
3.188600000000000000e+04
3.249400000000000000e+04
3.258700000000000000e+04
3.278000000000000000e+04
3.313200000000000000e+04
3.344900000000000000e+04
3.354700000000000000e+04
3.410800000000000000e+04
3.409200000000000000e+04
3.445100000000000000e+04
3.495900000000000000e+04
3.551500000000000000e+04
3.548700000000000000e+04
3.633700000000000000e+04
3.647400000000000000e+04
3.662300000000000000e+04
3.676400000000000000e+04
3.703700000000000000e+04
3.787300000000000000e+04
3.796100000000000000e+04
3.888100000000000000e+04
3.844200000000000000e+04
3.901100000000000000e+04
3.924700000000000000e+04
3.986300000000000000e+04
4.002900000000000000e+04
4.057400000000000000e+04
4.118300000000000000e+04
4.134300000000000000e+04
4.173900000000000000e+04
4.273200000000000000e+04
4.282100000000000000e+04
4.345400000000000000e+04
4.372200000000000000e+04
4.376800000000000000e+04
4.446000000000000000e+04
4.487900000000000000e+04
4.533200000000000000e+04
4.580100000000000000e+04
4.639100000000000000e+04
4.665600000000000000e+04
4.741300000000000000e+04
4.800900000000000000e+04
4.836700000000000000e+04
4.910300000000000000e+04
4.929600000000000000e+04
5.002200000000000000e+04
5.065000000000000000e+04
5.117600000000000000e+04
5.158500000000000000e+04
5.214800000000000000e+04
5.211000000000000000e+04
5.365900000000000000e+04
5.364100000000000000e+04
5.449800000000000000e+04
5.494600000000000000e+04
5.621600000000000000e+04
5.625600000000000000e+04
5.716200000000000000e+04
5.750100000000000000e+04
5.803300000000000000e+04
5.938700000000000000e+04
5.975600000000000000e+04
6.041400000000000000e+04
6.096600000000000000e+04
6.192500000000000000e+04
6.266700000000000000e+04
6.288000000000000000e+04
6.402900000000000000e+04
6.505300000000000000e+04
6.585200000000000000e+04
6.657400000000000000e+04
6.713400000000000000e+04
6.817400000000000000e+04
6.831700000000000000e+04
6.987200000000000000e+04
7.055400000000000000e+04
7.135600000000000000e+04
7.243800000000000000e+04
7.353300000000000000e+04
7.414500000000000000e+04
7.514700000000000000e+04
7.644500000000000000e+04
7.740200000000000000e+04
7.868200000000000000e+04
7.891800000000000000e+04
8.097900000000000000e+04
8.180000000000000000e+04
8.198000000000000000e+04
8.359600000000000000e+04
8.460400000000000000e+04
8.550300000000000000e+04
8.682400000000000000e+04
8.880600000000000000e+04
9.016900000000000000e+04
9.096800000000000000e+04
9.208700000000000000e+04
9.356900000000000000e+04
9.540900000000000000e+04
9.653800000000000000e+04
9.762200000000000000e+04
9.884100000000000000e+04
1.003280000000000000e+05
1.016900000000000000e+05
1.036290000000000000e+05
1.043920000000000000e+05
1.065040000000000000e+05
1.077930000000000000e+05
1.102340000000000000e+05
1.119450000000000000e+05
1.132970000000000000e+05
1.150950000000000000e+05
1.168390000000000000e+05
1.189190000000000000e+05
1.208350000000000000e+05
1.223460000000000000e+05
1.243320000000000000e+05
1.266640000000000000e+05
1.285550000000000000e+05
1.303380000000000000e+05
1.321840000000000000e+05
1.340960000000000000e+05
1.367520000000000000e+05
1.389400000000000000e+05
1.410740000000000000e+05
1.437130000000000000e+05
1.466830000000000000e+05
1.492360000000000000e+05
1.507960000000000000e+05
1.540670000000000000e+05
1.565520000000000000e+05
1.600610000000000000e+05
1.623180000000000000e+05
1.655250000000000000e+05
1.677340000000000000e+05
1.715810000000000000e+05
1.741720000000000000e+05
1.771920000000000000e+05
1.802770000000000000e+05
1.842730000000000000e+05
1.872570000000000000e+05
1.913120000000000000e+05
1.942850000000000000e+05
1.979020000000000000e+05
2.013870000000000000e+05
2.055240000000000000e+05
2.090150000000000000e+05
2.139520000000000000e+05
2.169660000000000000e+05
2.211070000000000000e+05
2.254270000000000000e+05
2.308170000000000000e+05
2.334500000000000000e+05
2.390960000000000000e+05
2.437390000000000000e+05
2.492670000000000000e+05
2.533020000000000000e+05
2.583170000000000000e+05
2.638680000000000000e+05
2.689480000000000000e+05
2.729030000000000000e+05
2.789390000000000000e+05
2.846560000000000000e+05
2.916210000000000000e+05
2.963210000000000000e+05
3.021950000000000000e+05
3.090970000000000000e+05
3.144370000000000000e+05
3.212090000000000000e+05
3.286010000000000000e+05
3.345840000000000000e+05
3.417950000000000000e+05
3.483800000000000000e+05
3.542760000000000000e+05
3.622280000000000000e+05
3.703010000000000000e+05
3.768930000000000000e+05
3.836000000000000000e+05
3.915110000000000000e+05
3.997270000000000000e+05
4.068840000000000000e+05
4.146810000000000000e+05
4.221490000000000000e+05
4.308480000000000000e+05
4.385130000000000000e+05
4.462320000000000000e+05
4.563120000000000000e+05
4.639040000000000000e+05
4.721970000000000000e+05
4.795640000000000000e+05
4.904220000000000000e+05
4.966420000000000000e+05
5.050840000000000000e+05
5.138680000000000000e+05
5.214710000000000000e+05
5.300020000000000000e+05
5.373330000000000000e+05
5.450960000000000000e+05
5.516530000000000000e+05
5.595750000000000000e+05
5.666690000000000000e+05
5.733280000000000000e+05
5.798200000000000000e+05
5.873160000000000000e+05
5.929990000000000000e+05
5.990500000000000000e+05
6.050660000000000000e+05
6.092270000000000000e+05
6.149110000000000000e+05
6.182740000000000000e+05
6.223790000000000000e+05
6.267060000000000000e+05
6.282380000000000000e+05
6.319030000000000000e+05
6.331710000000000000e+05
6.350620000000000000e+05
6.367060000000000000e+05
6.372050000000000000e+05
6.359960000000000000e+05
6.358930000000000000e+05
6.360450000000000000e+05
6.331900000000000000e+05
6.320430000000000000e+05
6.296310000000000000e+05
6.258370000000000000e+05
6.224480000000000000e+05
6.196710000000000000e+05
6.135780000000000000e+05
6.097400000000000000e+05
6.049710000000000000e+05
5.998670000000000000e+05
5.939320000000000000e+05
5.890270000000000000e+05
5.800510000000000000e+05
5.747720000000000000e+05
5.674450000000000000e+05
5.609110000000000000e+05
5.528290000000000000e+05
5.439770000000000000e+05
5.379530000000000000e+05
5.311520000000000000e+05
5.215500000000000000e+05
5.136950000000000000e+05
5.055670000000000000e+05
4.970140000000000000e+05
4.888270000000000000e+05
4.812570000000000000e+05
4.722190000000000000e+05
4.646890000000000000e+05
4.545210000000000000e+05
4.470370000000000000e+05
4.391660000000000000e+05
4.319100000000000000e+05
4.236100000000000000e+05
4.151090000000000000e+05
4.061240000000000000e+05
3.997170000000000000e+05
3.906330000000000000e+05
3.840420000000000000e+05
3.766270000000000000e+05
3.692170000000000000e+05
3.631460000000000000e+05
3.547050000000000000e+05
3.479640000000000000e+05
3.413430000000000000e+05
3.342790000000000000e+05
3.286730000000000000e+05
3.214340000000000000e+05
3.150960000000000000e+05
3.097750000000000000e+05
3.035450000000000000e+05
2.960260000000000000e+05
2.906050000000000000e+05
2.846020000000000000e+05
2.799440000000000000e+05
2.737060000000000000e+05
2.682390000000000000e+05
2.628450000000000000e+05
2.591240000000000000e+05
2.536830000000000000e+05
2.470000000000000000e+05
2.440850000000000000e+05
2.385110000000000000e+05
2.346110000000000000e+05
2.295680000000000000e+05
2.256970000000000000e+05
2.215290000000000000e+05
2.170230000000000000e+05
2.128050000000000000e+05
2.096490000000000000e+05
2.044000000000000000e+05
2.007380000000000000e+05
1.973250000000000000e+05
1.946440000000000000e+05
1.899050000000000000e+05
1.868470000000000000e+05
1.837580000000000000e+05
1.797670000000000000e+05
1.778470000000000000e+05
1.744880000000000000e+05
1.707170000000000000e+05
1.673050000000000000e+05
1.649960000000000000e+05
1.628560000000000000e+05
1.593750000000000000e+05
1.572080000000000000e+05
1.540950000000000000e+05
1.517330000000000000e+05
1.495990000000000000e+05
1.464500000000000000e+05
1.441490000000000000e+05
1.414520000000000000e+05
1.389310000000000000e+05
1.365720000000000000e+05
1.350380000000000000e+05
1.331340000000000000e+05
1.298450000000000000e+05
1.288030000000000000e+05
1.267690000000000000e+05
1.250230000000000000e+05
1.220440000000000000e+05
1.207610000000000000e+05
1.183980000000000000e+05
1.164770000000000000e+05
1.161740000000000000e+05
1.134020000000000000e+05
1.118800000000000000e+05
1.100120000000000000e+05
1.083710000000000000e+05
1.069770000000000000e+05
1.050890000000000000e+05
1.034910000000000000e+05
1.020040000000000000e+05
1.004930000000000000e+05
9.865400000000000000e+04
9.823300000000000000e+04
9.663600000000000000e+04
9.477500000000000000e+04
9.340200000000000000e+04
9.202800000000000000e+04
9.070400000000000000e+04
8.941600000000000000e+04
8.852500000000000000e+04
8.756200000000000000e+04
8.628800000000000000e+04
8.542200000000000000e+04
8.387500000000000000e+04
8.269200000000000000e+04
8.183400000000000000e+04
8.050500000000000000e+04
7.972000000000000000e+04
7.815500000000000000e+04
7.717200000000000000e+04
7.629000000000000000e+04
7.505200000000000000e+04
7.409800000000000000e+04
7.348800000000000000e+04
7.252700000000000000e+04
7.173300000000000000e+04
7.077700000000000000e+04
6.992300000000000000e+04
6.924400000000000000e+04
6.826400000000000000e+04
6.746900000000000000e+04
6.688700000000000000e+04
6.565500000000000000e+04
6.459300000000000000e+04
6.422200000000000000e+04
6.303600000000000000e+04
6.250900000000000000e+04
6.131900000000000000e+04
6.112200000000000000e+04
5.992300000000000000e+04
6.017800000000000000e+04
5.889700000000000000e+04
5.823300000000000000e+04
5.767800000000000000e+04
5.679700000000000000e+04
5.619200000000000000e+04
5.500200000000000000e+04
5.471900000000000000e+04
5.434500000000000000e+04
5.382900000000000000e+04
5.302000000000000000e+04
5.240600000000000000e+04
5.227100000000000000e+04
5.125400000000000000e+04
5.060500000000000000e+04
5.035300000000000000e+04
5.010000000000000000e+04
4.916300000000000000e+04
4.893300000000000000e+04
4.849700000000000000e+04
4.800300000000000000e+04
4.720100000000000000e+04
4.666000000000000000e+04
4.608400000000000000e+04
4.559000000000000000e+04
4.542300000000000000e+04
4.519700000000000000e+04
4.438000000000000000e+04
4.408900000000000000e+04
4.348900000000000000e+04
4.319400000000000000e+04
4.263800000000000000e+04
4.203100000000000000e+04
4.184700000000000000e+04
4.144000000000000000e+04
4.118100000000000000e+04
4.040700000000000000e+04
4.010000000000000000e+04
3.977100000000000000e+04
3.985000000000000000e+04
3.918500000000000000e+04
3.869100000000000000e+04
3.845300000000000000e+04
3.803700000000000000e+04
3.764800000000000000e+04
3.747000000000000000e+04
3.714500000000000000e+04
3.624000000000000000e+04
3.630700000000000000e+04
3.605700000000000000e+04
3.584300000000000000e+04
3.526400000000000000e+04
3.522300000000000000e+04
3.435500000000000000e+04
3.412900000000000000e+04
3.417300000000000000e+04
3.355600000000000000e+04
3.377700000000000000e+04
3.311800000000000000e+04
3.251400000000000000e+04
3.277300000000000000e+04
3.250100000000000000e+04
3.149100000000000000e+04
3.183800000000000000e+04
3.129100000000000000e+04
3.111000000000000000e+04
3.102900000000000000e+04
3.067900000000000000e+04
3.010000000000000000e+04
2.991100000000000000e+04
2.991900000000000000e+04
2.955300000000000000e+04
2.948000000000000000e+04
2.916700000000000000e+04
2.889600000000000000e+04
2.859000000000000000e+04
2.825000000000000000e+04
2.797600000000000000e+04
2.791100000000000000e+04
2.785400000000000000e+04
2.752500000000000000e+04
2.739600000000000000e+04
2.694200000000000000e+04
2.670200000000000000e+04
2.685700000000000000e+04
2.611700000000000000e+04
2.636600000000000000e+04
2.605400000000000000e+04
2.563400000000000000e+04
2.590300000000000000e+04
2.531000000000000000e+04
2.506000000000000000e+04
2.514600000000000000e+04
2.504900000000000000e+04
2.476300000000000000e+04
2.424100000000000000e+04
2.403400000000000000e+04
2.420900000000000000e+04
2.367800000000000000e+04
2.340900000000000000e+04
2.382200000000000000e+04
2.299900000000000000e+04
2.286300000000000000e+04
2.323500000000000000e+04
2.260700000000000000e+04
2.294800000000000000e+04
2.232400000000000000e+04
2.248500000000000000e+04
2.215200000000000000e+04
2.191400000000000000e+04
2.164900000000000000e+04
2.191100000000000000e+04
2.144400000000000000e+04
2.118200000000000000e+04
2.079900000000000000e+04
2.103000000000000000e+04
2.082200000000000000e+04
2.067300000000000000e+04
2.087400000000000000e+04
2.054500000000000000e+04
2.022800000000000000e+04
2.038000000000000000e+04
2.007500000000000000e+04
1.993700000000000000e+04
1.974100000000000000e+04
1.953300000000000000e+04
1.958300000000000000e+04
1.935600000000000000e+04
1.937100000000000000e+04
1.899000000000000000e+04
1.892200000000000000e+04
1.894700000000000000e+04
1.875000000000000000e+04
1.856400000000000000e+04
1.875600000000000000e+04
1.835500000000000000e+04
1.818600000000000000e+04
1.819500000000000000e+04
1.803600000000000000e+04
1.776500000000000000e+04
1.794600000000000000e+04
1.762800000000000000e+04
1.765100000000000000e+04
1.757600000000000000e+04
1.736100000000000000e+04
1.732400000000000000e+04
1.680500000000000000e+04
1.681700000000000000e+04
1.683600000000000000e+04
1.697400000000000000e+04
1.655600000000000000e+04
1.647000000000000000e+04
1.643300000000000000e+04
1.625200000000000000e+04
1.627200000000000000e+04
1.599500000000000000e+04
1.590900000000000000e+04
1.602700000000000000e+04
1.582200000000000000e+04
1.571000000000000000e+04
1.557900000000000000e+04
1.548000000000000000e+04
1.554900000000000000e+04
1.541900000000000000e+04
1.528600000000000000e+04
1.526000000000000000e+04
1.513000000000000000e+04
1.495200000000000000e+04
1.480200000000000000e+04
1.492100000000000000e+04
1.483200000000000000e+04
1.465000000000000000e+04
1.449100000000000000e+04
1.448600000000000000e+04
1.439400000000000000e+04
1.425700000000000000e+04
1.412200000000000000e+04
1.379100000000000000e+04
1.394300000000000000e+04
1.380600000000000000e+04
1.400600000000000000e+04
1.388600000000000000e+04
1.369900000000000000e+04
1.342900000000000000e+04
1.349400000000000000e+04
1.348900000000000000e+04
1.323200000000000000e+04
1.348500000000000000e+04
1.322600000000000000e+04
1.306500000000000000e+04
1.292400000000000000e+04
1.298900000000000000e+04
1.301300000000000000e+04
1.304500000000000000e+04
1.268600000000000000e+04
1.271300000000000000e+04
1.258300000000000000e+04
1.248900000000000000e+04
1.253900000000000000e+04
1.237900000000000000e+04
1.241900000000000000e+04
1.235800000000000000e+04
1.226600000000000000e+04
1.231400000000000000e+04
1.190500000000000000e+04
1.224100000000000000e+04
1.185100000000000000e+04
1.193400000000000000e+04
1.179100000000000000e+04
1.168600000000000000e+04
1.170400000000000000e+04
1.178800000000000000e+04
1.160200000000000000e+04
1.129200000000000000e+04
1.141900000000000000e+04
1.131000000000000000e+04
1.142400000000000000e+04
1.136500000000000000e+04
1.112800000000000000e+04
1.117100000000000000e+04
1.100300000000000000e+04
1.091600000000000000e+04
1.085700000000000000e+04
1.093800000000000000e+04
1.085200000000000000e+04
1.086900000000000000e+04
1.087400000000000000e+04
1.069000000000000000e+04
1.057800000000000000e+04
1.055900000000000000e+04
1.052400000000000000e+04
1.063300000000000000e+04
1.045600000000000000e+04
1.038500000000000000e+04
1.031700000000000000e+04
1.040100000000000000e+04
1.020500000000000000e+04
9.963000000000000000e+03
1.011400000000000000e+04
9.759000000000000000e+03
1.006700000000000000e+04
9.992000000000000000e+03
9.849000000000000000e+03
9.859000000000000000e+03
9.894000000000000000e+03
9.741000000000000000e+03
9.808000000000000000e+03
9.603000000000000000e+03
9.759000000000000000e+03
9.677000000000000000e+03
9.496000000000000000e+03
9.462000000000000000e+03
9.415000000000000000e+03
9.146000000000000000e+03
9.440000000000000000e+03
9.315000000000000000e+03
9.317000000000000000e+03
9.259000000000000000e+03
9.200000000000000000e+03
9.012000000000000000e+03
9.180000000000000000e+03
9.160000000000000000e+03
8.934000000000000000e+03
8.991000000000000000e+03
8.929000000000000000e+03
8.886000000000000000e+03
8.980000000000000000e+03
8.881000000000000000e+03
8.826000000000000000e+03
8.687000000000000000e+03
8.692000000000000000e+03
8.445000000000000000e+03
8.488000000000000000e+03
8.320000000000000000e+03
8.539000000000000000e+03
8.341000000000000000e+03
8.282000000000000000e+03
8.517000000000000000e+03
8.412000000000000000e+03
8.359000000000000000e+03
8.279000000000000000e+03
8.176000000000000000e+03
8.180000000000000000e+03
8.261000000000000000e+03
8.168000000000000000e+03
7.994000000000000000e+03
8.155000000000000000e+03
7.976000000000000000e+03
7.898000000000000000e+03
7.917000000000000000e+03
7.944000000000000000e+03
7.785000000000000000e+03
8.000000000000000000e+03
7.599000000000000000e+03
7.858000000000000000e+03
7.859000000000000000e+03
7.835000000000000000e+03
7.620000000000000000e+03
7.623000000000000000e+03
7.594000000000000000e+03
7.750000000000000000e+03
7.527000000000000000e+03
7.431000000000000000e+03
7.421000000000000000e+03
7.482000000000000000e+03
7.375000000000000000e+03
7.441000000000000000e+03
7.481000000000000000e+03
7.235000000000000000e+03
7.406000000000000000e+03
7.216000000000000000e+03
7.129000000000000000e+03
7.159000000000000000e+03
7.118000000000000000e+03
7.133000000000000000e+03
7.026000000000000000e+03
7.054000000000000000e+03
7.067000000000000000e+03
6.822000000000000000e+03
6.913000000000000000e+03
7.072000000000000000e+03
6.884000000000000000e+03
6.948000000000000000e+03
6.915000000000000000e+03
6.940000000000000000e+03
6.926000000000000000e+03
6.780000000000000000e+03
6.716000000000000000e+03
6.667000000000000000e+03
6.588000000000000000e+03
6.732000000000000000e+03
6.677000000000000000e+03
6.680000000000000000e+03
6.634000000000000000e+03
6.630000000000000000e+03
6.621000000000000000e+03
6.391000000000000000e+03
6.451000000000000000e+03
6.429000000000000000e+03
6.474000000000000000e+03
6.498000000000000000e+03
6.431000000000000000e+03
6.475000000000000000e+03
6.327000000000000000e+03
6.232000000000000000e+03
