6.468600000000000000e+04
6.753700000000000000e+04
6.910100000000000000e+04
7.270600000000000000e+04
7.595600000000000000e+04
8.009500000000000000e+04
8.307900000000000000e+04
8.656800000000000000e+04
9.117100000000000000e+04
9.599000000000000000e+04
1.001190000000000000e+05
1.057230000000000000e+05
1.113140000000000000e+05
1.170880000000000000e+05
1.242740000000000000e+05
1.308120000000000000e+05
1.385160000000000000e+05
1.477240000000000000e+05
1.571110000000000000e+05
1.666430000000000000e+05
1.777510000000000000e+05
1.903530000000000000e+05
2.040920000000000000e+05
2.196690000000000000e+05
2.361210000000000000e+05
2.552710000000000000e+05
2.753700000000000000e+05
3.005270000000000000e+05
3.274320000000000000e+05
3.579860000000000000e+05
3.915040000000000000e+05
4.333200000000000000e+05
4.798680000000000000e+05
5.360470000000000000e+05
5.996810000000000000e+05
6.772180000000000000e+05
7.670930000000000000e+05
8.802360000000000000e+05
1.013151000000000000e+06
1.178234000000000000e+06
1.382959000000000000e+06
1.641053000000000000e+06
1.962030000000000000e+06
2.368768000000000000e+06
2.890354000000000000e+06
3.522946000000000000e+06
4.277402000000000000e+06
5.088735000000000000e+06
5.827418000000000000e+06
6.282990000000000000e+06
6.280210000000000000e+06
5.830180000000000000e+06
5.091457000000000000e+06
4.274794000000000000e+06
3.523325000000000000e+06
2.886258000000000000e+06
2.371150000000000000e+06
1.963243000000000000e+06
1.639319000000000000e+06
1.382351000000000000e+06
1.178244000000000000e+06
1.013127000000000000e+06
8.780750000000000000e+05
7.687790000000000000e+05
6.767420000000000000e+05
5.984420000000000000e+05
5.368990000000000000e+05
4.801590000000000000e+05
4.331470000000000000e+05
3.927660000000000000e+05
3.570470000000000000e+05
3.272750000000000000e+05
3.000380000000000000e+05
2.758270000000000000e+05
2.553780000000000000e+05
2.356950000000000000e+05
2.187470000000000000e+05
2.039020000000000000e+05
1.893800000000000000e+05
1.775200000000000000e+05
1.664700000000000000e+05
1.558130000000000000e+05
1.473360000000000000e+05
1.389460000000000000e+05
1.311520000000000000e+05
1.239910000000000000e+05
1.171750000000000000e+05
1.109800000000000000e+05
1.050170000000000000e+05
1.004310000000000000e+05
9.608000000000000000e+04
9.096200000000000000e+04
8.718200000000000000e+04
8.299700000000000000e+04
7.953000000000000000e+04
7.552000000000000000e+04
7.271100000000000000e+04
6.964800000000000000e+04
6.718000000000000000e+04
6.431300000000000000e+04
