6.296000000000000000e+03
6.294000000000000000e+03
6.356000000000000000e+03
6.455000000000000000e+03
6.447000000000000000e+03
6.500000000000000000e+03
6.559000000000000000e+03
6.488000000000000000e+03
6.585000000000000000e+03
6.509000000000000000e+03
6.563000000000000000e+03
6.690000000000000000e+03
6.494000000000000000e+03
6.645000000000000000e+03
6.818000000000000000e+03
6.657000000000000000e+03
6.739000000000000000e+03
6.771000000000000000e+03
6.832000000000000000e+03
7.020000000000000000e+03
6.897000000000000000e+03
6.785000000000000000e+03
6.858000000000000000e+03
7.080000000000000000e+03
7.045000000000000000e+03
7.006000000000000000e+03
7.138000000000000000e+03
7.062000000000000000e+03
7.066000000000000000e+03
7.078000000000000000e+03
7.072000000000000000e+03
7.094000000000000000e+03
7.173000000000000000e+03
7.360000000000000000e+03
7.294000000000000000e+03
7.197000000000000000e+03
7.303000000000000000e+03
7.310000000000000000e+03
7.537000000000000000e+03
7.405000000000000000e+03
7.522000000000000000e+03
7.462000000000000000e+03
7.591000000000000000e+03
7.602000000000000000e+03
7.640000000000000000e+03
7.566000000000000000e+03
7.827000000000000000e+03
7.818000000000000000e+03
7.751000000000000000e+03
7.990000000000000000e+03
7.639000000000000000e+03
7.950000000000000000e+03
7.757000000000000000e+03
7.969000000000000000e+03
7.966000000000000000e+03
8.019000000000000000e+03
7.950000000000000000e+03
8.079000000000000000e+03
8.042000000000000000e+03
8.208000000000000000e+03
8.087000000000000000e+03
8.092000000000000000e+03
8.193000000000000000e+03
8.213000000000000000e+03
8.270000000000000000e+03
8.385000000000000000e+03
8.338000000000000000e+03
8.394000000000000000e+03
8.387000000000000000e+03
8.592000000000000000e+03
8.576000000000000000e+03
8.661000000000000000e+03
8.725000000000000000e+03
8.646000000000000000e+03
8.741000000000000000e+03
8.707000000000000000e+03
8.787000000000000000e+03
8.613000000000000000e+03
8.988000000000000000e+03
8.893000000000000000e+03
8.826000000000000000e+03
8.868000000000000000e+03
9.016000000000000000e+03
9.048000000000000000e+03
9.131000000000000000e+03
9.097000000000000000e+03
9.298000000000000000e+03
9.313000000000000000e+03
9.319000000000000000e+03
9.265000000000000000e+03
9.300000000000000000e+03
9.404000000000000000e+03
9.334000000000000000e+03
9.443000000000000000e+03
9.484000000000000000e+03
9.561000000000000000e+03
9.558000000000000000e+03
9.685000000000000000e+03
9.749000000000000000e+03
9.735000000000000000e+03
9.937000000000000000e+03
9.689000000000000000e+03
1.002300000000000000e+04
9.969000000000000000e+03
9.917000000000000000e+03
9.887000000000000000e+03
1.003700000000000000e+04
1.021000000000000000e+04
1.021200000000000000e+04
1.042900000000000000e+04
1.023300000000000000e+04
1.040400000000000000e+04
1.042100000000000000e+04
1.040900000000000000e+04
1.059300000000000000e+04
1.054300000000000000e+04
1.075100000000000000e+04
1.072600000000000000e+04
1.086500000000000000e+04
1.071400000000000000e+04
1.083700000000000000e+04
1.093500000000000000e+04
1.100400000000000000e+04
1.093000000000000000e+04
1.106600000000000000e+04
1.121100000000000000e+04
1.116800000000000000e+04
1.129100000000000000e+04
1.109300000000000000e+04
1.133600000000000000e+04
1.138400000000000000e+04
1.157800000000000000e+04
1.158100000000000000e+04
1.167100000000000000e+04
1.158900000000000000e+04
1.179000000000000000e+04
1.175600000000000000e+04
1.182200000000000000e+04
1.168800000000000000e+04
1.208100000000000000e+04
1.227000000000000000e+04
1.214500000000000000e+04
1.227800000000000000e+04
1.238700000000000000e+04
1.246000000000000000e+04
1.241000000000000000e+04
1.239700000000000000e+04
1.278600000000000000e+04
1.268600000000000000e+04
1.268100000000000000e+04
1.265300000000000000e+04
1.286700000000000000e+04
1.319300000000000000e+04
1.307100000000000000e+04
1.316300000000000000e+04
1.314700000000000000e+04
1.320300000000000000e+04
1.331700000000000000e+04
1.349300000000000000e+04
1.361200000000000000e+04
1.366100000000000000e+04
1.352700000000000000e+04
1.356900000000000000e+04
1.392300000000000000e+04
1.386700000000000000e+04
1.392000000000000000e+04
1.430100000000000000e+04
1.416200000000000000e+04
1.413100000000000000e+04
1.427800000000000000e+04
1.436000000000000000e+04
1.445400000000000000e+04
1.459500000000000000e+04
1.425800000000000000e+04
1.470500000000000000e+04
1.465800000000000000e+04
1.477900000000000000e+04
1.491400000000000000e+04
1.503300000000000000e+04
1.500300000000000000e+04
1.499000000000000000e+04
1.537900000000000000e+04
1.538400000000000000e+04
1.554300000000000000e+04
1.566900000000000000e+04
1.581300000000000000e+04
1.583100000000000000e+04
1.593300000000000000e+04
1.593800000000000000e+04
1.626300000000000000e+04
1.608600000000000000e+04
1.625200000000000000e+04
1.633800000000000000e+04
1.653300000000000000e+04
1.659400000000000000e+04
1.694000000000000000e+04
1.675300000000000000e+04
1.723900000000000000e+04
1.711800000000000000e+04
1.712300000000000000e+04
1.736800000000000000e+04
1.735300000000000000e+04
1.752600000000000000e+04
1.739000000000000000e+04
1.766700000000000000e+04
1.791600000000000000e+04
1.766700000000000000e+04
1.782200000000000000e+04
1.818800000000000000e+04
1.856100000000000000e+04
1.860900000000000000e+04
1.852300000000000000e+04
1.850500000000000000e+04
1.892900000000000000e+04
1.926600000000000000e+04
1.936000000000000000e+04
1.894200000000000000e+04
1.940300000000000000e+04
1.943500000000000000e+04
1.949400000000000000e+04
1.979400000000000000e+04
1.996400000000000000e+04
2.010800000000000000e+04
2.031200000000000000e+04
2.030200000000000000e+04
2.024600000000000000e+04
2.063100000000000000e+04
2.098000000000000000e+04
2.092100000000000000e+04
2.095400000000000000e+04
2.108300000000000000e+04
2.119200000000000000e+04
2.155500000000000000e+04
2.188500000000000000e+04
2.164200000000000000e+04
2.170400000000000000e+04
2.247500000000000000e+04
2.204600000000000000e+04
2.275500000000000000e+04
2.258200000000000000e+04
2.270800000000000000e+04
2.285500000000000000e+04
2.315600000000000000e+04
2.331100000000000000e+04
2.341800000000000000e+04
2.371300000000000000e+04
2.386700000000000000e+04
2.404000000000000000e+04
2.430500000000000000e+04
2.449600000000000000e+04
2.479700000000000000e+04
2.477700000000000000e+04
2.501800000000000000e+04
2.501900000000000000e+04
2.561600000000000000e+04
2.574600000000000000e+04
2.582800000000000000e+04
2.593700000000000000e+04
2.616300000000000000e+04
2.628200000000000000e+04
2.697000000000000000e+04
2.687900000000000000e+04
2.736700000000000000e+04
2.743600000000000000e+04
2.730700000000000000e+04
2.766000000000000000e+04
2.791400000000000000e+04
2.774200000000000000e+04
2.833000000000000000e+04
2.872000000000000000e+04
2.895600000000000000e+04
2.911100000000000000e+04
2.922600000000000000e+04
2.984300000000000000e+04
2.999700000000000000e+04
2.997000000000000000e+04
3.050200000000000000e+04
3.058300000000000000e+04
3.095200000000000000e+04
3.116800000000000000e+04
3.160600000000000000e+04
3.159800000000000000e+04
3.189200000000000000e+04
3.208000000000000000e+04
3.257200000000000000e+04
3.277500000000000000e+04
3.308200000000000000e+04
3.339100000000000000e+04
3.351700000000000000e+04
3.410300000000000000e+04
3.428400000000000000e+04
3.437800000000000000e+04
3.489500000000000000e+04
3.537500000000000000e+04
3.547900000000000000e+04
3.598200000000000000e+04
3.597800000000000000e+04
3.676800000000000000e+04
3.696600000000000000e+04
3.745500000000000000e+04
3.772800000000000000e+04
3.750900000000000000e+04
3.813400000000000000e+04
3.861900000000000000e+04
3.891700000000000000e+04
3.924300000000000000e+04
3.974000000000000000e+04
4.047000000000000000e+04
4.094200000000000000e+04
4.099000000000000000e+04
4.164300000000000000e+04
4.215600000000000000e+04
4.219700000000000000e+04
4.264700000000000000e+04
4.324100000000000000e+04
4.343100000000000000e+04
4.391300000000000000e+04
4.428700000000000000e+04
4.533200000000000000e+04
4.503900000000000000e+04
4.552100000000000000e+04
4.656700000000000000e+04
4.666700000000000000e+04
4.728300000000000000e+04
4.755900000000000000e+04
4.825200000000000000e+04
4.884100000000000000e+04
4.940200000000000000e+04
5.004600000000000000e+04
5.035600000000000000e+04
5.047700000000000000e+04
5.144900000000000000e+04
5.181100000000000000e+04
5.286300000000000000e+04
5.327200000000000000e+04
5.380300000000000000e+04
5.451500000000000000e+04
5.529100000000000000e+04
5.543100000000000000e+04
5.615100000000000000e+04
5.693300000000000000e+04
5.792700000000000000e+04
5.797400000000000000e+04
5.865900000000000000e+04
5.996500000000000000e+04
5.993900000000000000e+04
6.097000000000000000e+04
6.142200000000000000e+04
6.242700000000000000e+04
6.329400000000000000e+04
6.390600000000000000e+04
6.442900000000000000e+04
6.546300000000000000e+04
6.580900000000000000e+04
6.712700000000000000e+04
6.843800000000000000e+04
6.890400000000000000e+04
7.005800000000000000e+04
7.063500000000000000e+04
7.171300000000000000e+04
7.260300000000000000e+04
7.352000000000000000e+04
7.425900000000000000e+04
7.528400000000000000e+04
7.622800000000000000e+04
7.754700000000000000e+04
7.813900000000000000e+04
7.969800000000000000e+04
8.004500000000000000e+04
8.138800000000000000e+04
8.253200000000000000e+04
8.332100000000000000e+04
8.470900000000000000e+04
8.596200000000000000e+04
8.727400000000000000e+04
8.845600000000000000e+04
8.911900000000000000e+04
9.112500000000000000e+04
9.214500000000000000e+04
9.335500000000000000e+04
9.542000000000000000e+04
9.638900000000000000e+04
9.770200000000000000e+04
9.948700000000000000e+04
1.010200000000000000e+05
1.019920000000000000e+05
1.034020000000000000e+05
1.052500000000000000e+05
1.062170000000000000e+05
1.085250000000000000e+05
1.093000000000000000e+05
1.116640000000000000e+05
1.133190000000000000e+05
1.153420000000000000e+05
1.168540000000000000e+05
1.185410000000000000e+05
1.206210000000000000e+05
1.225760000000000000e+05
1.240970000000000000e+05
1.262860000000000000e+05
1.282840000000000000e+05
1.307260000000000000e+05
1.331540000000000000e+05
1.343600000000000000e+05
1.375000000000000000e+05
1.394460000000000000e+05
1.410630000000000000e+05
1.433870000000000000e+05
1.466190000000000000e+05
1.488800000000000000e+05
1.515170000000000000e+05
1.538350000000000000e+05
1.568010000000000000e+05
1.598850000000000000e+05
1.618040000000000000e+05
1.656420000000000000e+05
1.682140000000000000e+05
1.715170000000000000e+05
1.744690000000000000e+05
1.769030000000000000e+05
1.797630000000000000e+05
1.834980000000000000e+05
1.877150000000000000e+05
1.901210000000000000e+05
1.945280000000000000e+05
1.979390000000000000e+05
2.019000000000000000e+05
2.049160000000000000e+05
2.097930000000000000e+05
2.129800000000000000e+05
2.183610000000000000e+05
2.208380000000000000e+05
2.250930000000000000e+05
2.297730000000000000e+05
2.343170000000000000e+05
2.396110000000000000e+05
2.443040000000000000e+05
2.478730000000000000e+05
2.542190000000000000e+05
2.580830000000000000e+05
2.622640000000000000e+05
2.683630000000000000e+05
2.746200000000000000e+05
2.793810000000000000e+05
2.871390000000000000e+05
2.905660000000000000e+05
2.967360000000000000e+05
3.029110000000000000e+05
3.096960000000000000e+05
3.153720000000000000e+05
3.207190000000000000e+05
3.288190000000000000e+05
3.342580000000000000e+05
3.409530000000000000e+05
3.478320000000000000e+05
3.562450000000000000e+05
3.622640000000000000e+05
3.696140000000000000e+05
3.775540000000000000e+05
3.845410000000000000e+05
3.929100000000000000e+05
3.997320000000000000e+05
4.072220000000000000e+05
4.162320000000000000e+05
4.228090000000000000e+05
4.313570000000000000e+05
4.393280000000000000e+05
4.467790000000000000e+05
4.556250000000000000e+05
4.633380000000000000e+05
4.717500000000000000e+05
4.804590000000000000e+05
4.888490000000000000e+05
4.966000000000000000e+05
5.042850000000000000e+05
5.125330000000000000e+05
5.218490000000000000e+05
5.299740000000000000e+05
5.369130000000000000e+05
5.449970000000000000e+05
5.518460000000000000e+05
5.605260000000000000e+05
5.671770000000000000e+05
5.739550000000000000e+05
5.802910000000000000e+05
5.859040000000000000e+05
5.924620000000000000e+05
5.979480000000000000e+05
6.049620000000000000e+05
6.106570000000000000e+05
6.150200000000000000e+05
6.184170000000000000e+05
6.223650000000000000e+05
6.265290000000000000e+05
6.301660000000000000e+05
6.312900000000000000e+05
6.334120000000000000e+05
6.341800000000000000e+05
6.361950000000000000e+05
6.370970000000000000e+05
6.356140000000000000e+05
6.348490000000000000e+05
6.337900000000000000e+05
6.335560000000000000e+05
6.310720000000000000e+05
6.297870000000000000e+05
6.256060000000000000e+05
6.225470000000000000e+05
6.193790000000000000e+05
6.133930000000000000e+05
6.103050000000000000e+05
6.054890000000000000e+05
5.994450000000000000e+05
5.914680000000000000e+05
5.874200000000000000e+05
5.800120000000000000e+05
5.743170000000000000e+05
5.675100000000000000e+05
5.595410000000000000e+05
5.512980000000000000e+05
5.444610000000000000e+05
5.373370000000000000e+05
5.284190000000000000e+05
5.210800000000000000e+05
5.131840000000000000e+05
5.048900000000000000e+05
4.968110000000000000e+05
4.886520000000000000e+05
4.798250000000000000e+05
4.722750000000000000e+05
4.642020000000000000e+05
4.567870000000000000e+05
4.468620000000000000e+05
4.399730000000000000e+05
4.303310000000000000e+05
4.240090000000000000e+05
4.146630000000000000e+05
4.071110000000000000e+05
4.002070000000000000e+05
3.928740000000000000e+05
3.845820000000000000e+05
3.765780000000000000e+05
3.689550000000000000e+05
3.627100000000000000e+05
3.559730000000000000e+05
3.492370000000000000e+05
3.408720000000000000e+05
3.356460000000000000e+05
3.271230000000000000e+05
3.219440000000000000e+05
3.159540000000000000e+05
3.089240000000000000e+05
3.030740000000000000e+05
2.975580000000000000e+05
2.904920000000000000e+05
2.852880000000000000e+05
2.805330000000000000e+05
2.736990000000000000e+05
2.693220000000000000e+05
2.631530000000000000e+05
2.586630000000000000e+05
2.535660000000000000e+05
2.490920000000000000e+05
2.430510000000000000e+05
2.391430000000000000e+05
2.341340000000000000e+05
2.295190000000000000e+05
2.252570000000000000e+05
2.218710000000000000e+05
2.169320000000000000e+05
2.133770000000000000e+05
2.087700000000000000e+05
2.052210000000000000e+05
2.018450000000000000e+05
1.980690000000000000e+05
1.945130000000000000e+05
1.900840000000000000e+05
1.878020000000000000e+05
1.830830000000000000e+05
1.801800000000000000e+05
1.767880000000000000e+05
1.737430000000000000e+05
1.708040000000000000e+05
1.680000000000000000e+05
1.654100000000000000e+05
1.614160000000000000e+05
1.597820000000000000e+05
1.568730000000000000e+05
1.540900000000000000e+05
1.517490000000000000e+05
1.489750000000000000e+05
1.465290000000000000e+05
1.443260000000000000e+05
1.413230000000000000e+05
1.393370000000000000e+05
1.368510000000000000e+05
1.349160000000000000e+05
1.327570000000000000e+05
1.304420000000000000e+05
1.285250000000000000e+05
1.262540000000000000e+05
1.239300000000000000e+05
1.222940000000000000e+05
1.207020000000000000e+05
1.187730000000000000e+05
1.170930000000000000e+05
1.149870000000000000e+05
1.130020000000000000e+05
1.116450000000000000e+05
1.095090000000000000e+05
1.081130000000000000e+05
1.067730000000000000e+05
1.049540000000000000e+05
1.041990000000000000e+05
1.018220000000000000e+05
1.006660000000000000e+05
9.909500000000000000e+04
9.763100000000000000e+04
9.600000000000000000e+04
9.480600000000000000e+04
9.345300000000000000e+04
9.210700000000000000e+04
9.105400000000000000e+04
8.953800000000000000e+04
8.842800000000000000e+04
8.703300000000000000e+04
8.602500000000000000e+04
8.498700000000000000e+04
8.362200000000000000e+04
8.262800000000000000e+04
8.127600000000000000e+04
8.066600000000000000e+04
7.942900000000000000e+04
7.841000000000000000e+04
7.711000000000000000e+04
7.674200000000000000e+04
7.520100000000000000e+04
7.440000000000000000e+04
7.377900000000000000e+04
7.214400000000000000e+04
7.161400000000000000e+04
7.099500000000000000e+04
6.974400000000000000e+04
6.908800000000000000e+04
6.801000000000000000e+04
6.753100000000000000e+04
6.667000000000000000e+04
6.562800000000000000e+04
6.482500000000000000e+04
6.395100000000000000e+04
6.351300000000000000e+04
6.285900000000000000e+04
6.186000000000000000e+04
6.075900000000000000e+04
6.000200000000000000e+04
6.001900000000000000e+04
5.883500000000000000e+04
5.820000000000000000e+04
5.774900000000000000e+04
5.714800000000000000e+04
5.644800000000000000e+04
5.532100000000000000e+04
5.532700000000000000e+04
5.459600000000000000e+04
5.386900000000000000e+04
5.309700000000000000e+04
5.257900000000000000e+04
5.222700000000000000e+04
5.145900000000000000e+04
5.066300000000000000e+04
5.049000000000000000e+04
5.010200000000000000e+04
4.917600000000000000e+04
4.876500000000000000e+04
4.804800000000000000e+04
4.780800000000000000e+04
4.730500000000000000e+04
4.707400000000000000e+04
4.651800000000000000e+04
4.565400000000000000e+04
4.577200000000000000e+04
4.480100000000000000e+04
4.389600000000000000e+04
4.396200000000000000e+04
4.381200000000000000e+04
4.341900000000000000e+04
4.263900000000000000e+04
4.228500000000000000e+04
4.207000000000000000e+04
4.124100000000000000e+04
4.109700000000000000e+04
4.066700000000000000e+04
4.003800000000000000e+04
3.999800000000000000e+04
3.939000000000000000e+04
3.918500000000000000e+04
3.905700000000000000e+04
3.831400000000000000e+04
3.804000000000000000e+04
3.747000000000000000e+04
3.702900000000000000e+04
3.719700000000000000e+04
3.669900000000000000e+04
3.621100000000000000e+04
3.578400000000000000e+04
3.565200000000000000e+04
3.523000000000000000e+04
3.478900000000000000e+04
3.484200000000000000e+04
3.408000000000000000e+04
3.403100000000000000e+04
3.336100000000000000e+04
3.352300000000000000e+04
3.308600000000000000e+04
3.291200000000000000e+04
3.252500000000000000e+04
3.226200000000000000e+04
3.225700000000000000e+04
3.156900000000000000e+04
3.140500000000000000e+04
3.105100000000000000e+04
3.109000000000000000e+04
3.059300000000000000e+04
3.050400000000000000e+04
3.007600000000000000e+04
2.990700000000000000e+04
2.925000000000000000e+04
2.935600000000000000e+04
2.907700000000000000e+04
2.910600000000000000e+04
2.840400000000000000e+04
2.832600000000000000e+04
2.825300000000000000e+04
2.780100000000000000e+04
2.772000000000000000e+04
2.758300000000000000e+04
2.721800000000000000e+04
2.739200000000000000e+04
2.661000000000000000e+04
2.683700000000000000e+04
2.637200000000000000e+04
2.603700000000000000e+04
2.585900000000000000e+04
2.592300000000000000e+04
2.541900000000000000e+04
2.507700000000000000e+04
2.506200000000000000e+04
2.509200000000000000e+04
2.443100000000000000e+04
2.459200000000000000e+04
2.475600000000000000e+04
2.411000000000000000e+04
2.365700000000000000e+04
2.402700000000000000e+04
2.388400000000000000e+04
2.370800000000000000e+04
2.335800000000000000e+04
2.311300000000000000e+04
2.286200000000000000e+04
2.275000000000000000e+04
2.276700000000000000e+04
2.220400000000000000e+04
2.232400000000000000e+04
2.221300000000000000e+04
2.201800000000000000e+04
2.181900000000000000e+04
2.172300000000000000e+04
2.157000000000000000e+04
2.116700000000000000e+04
2.144200000000000000e+04
2.110000000000000000e+04
2.078000000000000000e+04
2.072600000000000000e+04
2.072100000000000000e+04
2.053200000000000000e+04
2.004300000000000000e+04
2.033300000000000000e+04
1.962100000000000000e+04
1.985900000000000000e+04
1.985700000000000000e+04
1.985700000000000000e+04
1.943900000000000000e+04
1.943500000000000000e+04
1.923400000000000000e+04
1.877700000000000000e+04
1.911100000000000000e+04
1.870200000000000000e+04
1.864000000000000000e+04
1.872100000000000000e+04
1.837000000000000000e+04
1.848700000000000000e+04
1.816300000000000000e+04
1.819800000000000000e+04
1.787000000000000000e+04
1.788400000000000000e+04
1.755200000000000000e+04
1.751900000000000000e+04
1.749900000000000000e+04
1.729900000000000000e+04
1.711400000000000000e+04
1.688800000000000000e+04
1.714600000000000000e+04
1.696400000000000000e+04
1.684900000000000000e+04
1.678900000000000000e+04
1.660100000000000000e+04
1.653500000000000000e+04
1.652400000000000000e+04
1.614100000000000000e+04
1.623800000000000000e+04
1.604700000000000000e+04
1.590300000000000000e+04
1.579500000000000000e+04
1.583100000000000000e+04
1.584300000000000000e+04
1.554900000000000000e+04
1.556100000000000000e+04
1.548600000000000000e+04
1.523900000000000000e+04
1.526600000000000000e+04
1.491100000000000000e+04
1.507200000000000000e+04
1.482100000000000000e+04
1.478300000000000000e+04
1.482300000000000000e+04
1.458500000000000000e+04
1.459300000000000000e+04
1.423100000000000000e+04
1.450800000000000000e+04
1.424900000000000000e+04
1.425800000000000000e+04
1.421000000000000000e+04
1.419400000000000000e+04
1.407500000000000000e+04
1.396100000000000000e+04
1.391600000000000000e+04
1.370400000000000000e+04
1.380000000000000000e+04
1.365700000000000000e+04
1.358200000000000000e+04
1.331300000000000000e+04
1.361700000000000000e+04
1.312500000000000000e+04
1.333600000000000000e+04
1.319200000000000000e+04
1.290800000000000000e+04
1.325400000000000000e+04
1.286500000000000000e+04
1.302100000000000000e+04
1.278500000000000000e+04
1.274600000000000000e+04
1.272900000000000000e+04
1.240600000000000000e+04
1.250500000000000000e+04
1.238900000000000000e+04
1.235400000000000000e+04
1.217300000000000000e+04
1.216600000000000000e+04
1.237600000000000000e+04
1.223700000000000000e+04
1.195000000000000000e+04
1.197100000000000000e+04
1.200600000000000000e+04
1.196200000000000000e+04
1.175700000000000000e+04
1.184500000000000000e+04
1.166200000000000000e+04
1.163400000000000000e+04
1.158600000000000000e+04
1.146200000000000000e+04
1.151500000000000000e+04
1.123700000000000000e+04
1.124000000000000000e+04
1.127600000000000000e+04
1.121400000000000000e+04
1.123800000000000000e+04
1.110300000000000000e+04
1.079200000000000000e+04
1.097600000000000000e+04
1.085200000000000000e+04
1.075200000000000000e+04
1.076400000000000000e+04
1.074900000000000000e+04
1.078700000000000000e+04
1.057400000000000000e+04
1.054600000000000000e+04
1.049600000000000000e+04
1.048500000000000000e+04
1.045000000000000000e+04
1.040600000000000000e+04
1.048800000000000000e+04
1.033000000000000000e+04
1.022800000000000000e+04
1.040800000000000000e+04
1.001000000000000000e+04
1.009700000000000000e+04
1.004700000000000000e+04
9.945000000000000000e+03
9.956000000000000000e+03
9.810000000000000000e+03
9.721000000000000000e+03
9.593000000000000000e+03
9.742000000000000000e+03
9.458000000000000000e+03
9.745000000000000000e+03
9.475000000000000000e+03
9.354000000000000000e+03
9.416000000000000000e+03
9.525000000000000000e+03
9.372000000000000000e+03
9.387000000000000000e+03
9.280000000000000000e+03
9.325000000000000000e+03
9.167000000000000000e+03
9.109000000000000000e+03
9.037000000000000000e+03
9.062000000000000000e+03
8.973000000000000000e+03
8.845000000000000000e+03
8.889000000000000000e+03
8.933000000000000000e+03
8.842000000000000000e+03
8.952000000000000000e+03
8.685000000000000000e+03
8.678000000000000000e+03
8.722000000000000000e+03
8.534000000000000000e+03
8.690000000000000000e+03
8.590000000000000000e+03
8.521000000000000000e+03
8.426000000000000000e+03
8.523000000000000000e+03
8.201000000000000000e+03
8.213000000000000000e+03
8.325000000000000000e+03
8.306000000000000000e+03
8.386000000000000000e+03
8.215000000000000000e+03
8.173000000000000000e+03
8.138000000000000000e+03
8.043000000000000000e+03
8.028000000000000000e+03
7.991000000000000000e+03
7.883000000000000000e+03
7.945000000000000000e+03
7.848000000000000000e+03
7.851000000000000000e+03
7.886000000000000000e+03
8.085000000000000000e+03
7.758000000000000000e+03
7.749000000000000000e+03
7.722000000000000000e+03
7.765000000000000000e+03
7.671000000000000000e+03
7.603000000000000000e+03
7.651000000000000000e+03
7.487000000000000000e+03
7.568000000000000000e+03
7.647000000000000000e+03
7.449000000000000000e+03
7.325000000000000000e+03
7.298000000000000000e+03
7.284000000000000000e+03
7.312000000000000000e+03
7.399000000000000000e+03
7.051000000000000000e+03
7.315000000000000000e+03
7.049000000000000000e+03
7.234000000000000000e+03
7.031000000000000000e+03
7.110000000000000000e+03
7.044000000000000000e+03
7.132000000000000000e+03
6.952000000000000000e+03
6.981000000000000000e+03
6.984000000000000000e+03
7.058000000000000000e+03
6.845000000000000000e+03
6.734000000000000000e+03
6.844000000000000000e+03
6.863000000000000000e+03
6.759000000000000000e+03
6.693000000000000000e+03
6.850000000000000000e+03
6.589000000000000000e+03
6.768000000000000000e+03
6.630000000000000000e+03
6.706000000000000000e+03
6.441000000000000000e+03
6.481000000000000000e+03
6.675000000000000000e+03
6.515000000000000000e+03
6.530000000000000000e+03
6.407000000000000000e+03
6.420000000000000000e+03
6.447000000000000000e+03
6.394000000000000000e+03
6.403000000000000000e+03
6.389000000000000000e+03
6.373000000000000000e+03
