6.413400000000000000e+04
6.699600000000000000e+04
6.976900000000000000e+04
7.278900000000000000e+04
7.587600000000000000e+04
8.009200000000000000e+04
8.272200000000000000e+04
8.702900000000000000e+04
9.063200000000000000e+04
9.607900000000000000e+04
1.004830000000000000e+05
1.058250000000000000e+05
1.116240000000000000e+05
1.170550000000000000e+05
1.242430000000000000e+05
1.314070000000000000e+05
1.388840000000000000e+05
1.477110000000000000e+05
1.564610000000000000e+05
1.665490000000000000e+05
1.774890000000000000e+05
1.893420000000000000e+05
2.034670000000000000e+05
2.191390000000000000e+05
2.358550000000000000e+05
2.555290000000000000e+05
2.755000000000000000e+05
2.992950000000000000e+05
3.280530000000000000e+05
3.573970000000000000e+05
3.932040000000000000e+05
4.335230000000000000e+05
4.806470000000000000e+05
5.348190000000000000e+05
6.005940000000000000e+05
6.775220000000000000e+05
7.681090000000000000e+05
8.774470000000000000e+05
1.013112000000000000e+06
1.177372000000000000e+06
1.382442000000000000e+06
1.642418000000000000e+06
1.960742000000000000e+06
2.370336000000000000e+06
2.883235000000000000e+06
3.518018000000000000e+06
4.274872000000000000e+06
5.086674000000000000e+06
5.830693000000000000e+06
6.285360000000000000e+06
6.284080000000000000e+06
5.828261000000000000e+06
5.092465000000000000e+06
4.277441000000000000e+06
3.522015000000000000e+06
2.887640000000000000e+06
2.371424000000000000e+06
1.962684000000000000e+06
1.639440000000000000e+06
1.382607000000000000e+06
1.178908000000000000e+06
1.014161000000000000e+06
8.785490000000000000e+05
7.690930000000000000e+05
6.775000000000000000e+05
5.996240000000000000e+05
5.356350000000000000e+05
4.809700000000000000e+05
4.335380000000000000e+05
3.921430000000000000e+05
3.573850000000000000e+05
3.277340000000000000e+05
2.990770000000000000e+05
2.769890000000000000e+05
2.546520000000000000e+05
2.354540000000000000e+05
2.185650000000000000e+05
2.045260000000000000e+05
1.908430000000000000e+05
1.775860000000000000e+05
1.667640000000000000e+05
1.562250000000000000e+05
1.469220000000000000e+05
1.391040000000000000e+05
1.310340000000000000e+05
1.236050000000000000e+05
1.172450000000000000e+05
1.110150000000000000e+05
1.054840000000000000e+05
1.005220000000000000e+05
9.535500000000000000e+04
9.143700000000000000e+04
8.717600000000000000e+04
8.313100000000000000e+04
7.948300000000000000e+04
7.603100000000000000e+04
7.307700000000000000e+04
6.996300000000000000e+04
6.659900000000000000e+04
6.454600000000000000e+04
