Total Kinetic Energy = [0, 1.17784, 60.9191, 287.405, 501.383, 876.06, 1649.88, 2162.73, 2964.93, 4052.24, 5897.06, 7604.24, 11574.6, 18537.8, 33622.3, 32590.2, 21438.1, 14571.1, 10946.9, 9412.03, 9234.29, 9108.22, 9442.52, 10723.1, 10405.9, 10820, 10494.6, 10047.3, 9129.02, 9041.18, 9395.94, 9659.17, 10348.6, 9058.56, 9085.06, 9234.39, 9127.81, 9242.33, 9579.16, 10778.1, 10361.2, 9605.16, 8615.55, 8897.09, 8567.35, 7662.61, 7602.02, 8139.36, 9260.44, 9538.15, 10384.9]
Runtime = 0.032 s for N = 128

real	0m0.037s
user	0m0.029s
sys	0m0.005s
Total Kinetic Energy = [0, 1.17784, 60.9191, 287.405, 501.383, 876.06, 1649.88, 2162.73, 2964.93, 4052.24, 5897.06, 7604.24, 11574.6, 18537.8, 33622.3, 32590.2, 21438.1, 14571.1, 10946.9, 9412.03, 9234.29, 9108.22, 9442.52, 10723.1, 10405.9, 10820, 10494.6, 10047.3, 9129.02, 9041.18, 9395.94, 9659.17, 10348.6, 9058.56, 9085.06, 9234.39, 9127.81, 9242.33, 9579.16, 10778.1, 10361.2, 9605.16, 8615.55, 8897.09, 8567.35, 7662.61, 7602.02, 8139.36, 9260.44, 9538.15, 10384.9]
Runtime = 0.023 s for N = 128

real	0m0.027s
user	0m0.043s
sys	0m0.001s
Total Kinetic Energy = [0, 1.17784, 60.9191, 287.405, 501.383, 876.06, 1649.88, 2162.73, 2964.93, 4052.24, 5897.06, 7604.24, 11574.6, 18537.8, 33622.3, 32590.2, 21438.1, 14571.1, 10946.9, 9412.03, 9234.29, 9108.22, 9442.52, 10723.1, 10405.9, 10820, 10494.6, 10047.3, 9129.02, 9041.18, 9395.94, 9659.17, 10348.6, 9058.56, 9085.06, 9234.39, 9127.81, 9242.33, 9579.16, 10778.1, 10361.2, 9605.16, 8615.55, 8897.09, 8567.35, 7662.61, 7602.02, 8139.36, 9260.44, 9538.15, 10384.9]
Runtime = 0.016 s for N = 128

real	0m0.021s
user	0m0.061s
sys	0m0.009s
Total Kinetic Energy = [0, 1.17784, 60.9191, 287.405, 501.383, 876.06, 1649.88, 2162.73, 2964.93, 4052.24, 5897.06, 7604.24, 11574.6, 18537.8, 33622.3, 32590.2, 21438.1, 14571.1, 10946.9, 9412.03, 9234.29, 9108.22, 9442.52, 10723.1, 10405.9, 10820, 10494.6, 10047.3, 9129.02, 9041.18, 9395.94, 9659.17, 10348.6, 9058.56, 9085.06, 9234.39, 9127.81, 9242.33, 9579.16, 10778.1, 10361.2, 9605.16, 8615.55, 8897.09, 8567.35, 7662.61, 7602.02, 8139.36, 9260.44, 9538.15, 10384.9]
Runtime = 0.013 s for N = 128

real	0m0.017s
user	0m0.105s
sys	0m0.006s
Total Kinetic Energy = [0, 1.17784, 60.9191, 287.405, 501.383, 876.06, 1649.88, 2162.73, 2964.93, 4052.24, 5897.06, 7604.24, 11574.6, 18537.8, 33622.3, 32590.2, 21438.1, 14571.1, 10946.9, 9412.03, 9234.29, 9108.22, 9442.52, 10723.1, 10405.9, 10820, 10494.6, 10047.3, 9129.02, 9041.18, 9395.94, 9659.17, 10348.6, 9058.56, 9085.06, 9234.39, 9127.81, 9242.33, 9579.16, 10778.1, 10361.2, 9605.16, 8615.55, 8897.09, 8567.35, 7662.61, 7602.02, 8139.36, 9260.44, 9538.15, 10384.9]
Runtime = 0.013 s for N = 128

real	0m0.017s
user	0m0.213s
sys	0m0.003s
Total Kinetic Energy = [0, 11.2681, 534.101, 1770.58, 3849.3, 7348.44, 12999.6, 21899.4, 39835.8, 80353.8, 150013, 87282.6, 56840.7, 45741.7, 40283.8, 42865.2, 41447, 38233.9, 35490, 37149.4, 38682.8, 38925.9, 38535.1, 36609.8, 35993.9, 36607.4, 40358.4, 34757.9, 31661, 30725.1, 30287, 32291.1, 35810.7, 35177.6, 31352.5, 30631.7, 35405.3, 36848.2, 32920.2, 30499.2, 30730.9, 33392.1, 33537.1, 31255, 32409.6, 31487.1, 32558.8, 32457.4, 29735.5, 28030.9, 29250.5]
Runtime = 0.116 s for N = 256

real	0m0.120s
user	0m0.111s
sys	0m0.006s
Total Kinetic Energy = [0, 11.2681, 534.101, 1770.58, 3849.3, 7348.44, 12999.6, 21899.4, 39835.8, 80353.8, 150013, 87282.6, 56840.7, 45741.7, 40283.8, 42865.2, 41447, 38233.9, 35490, 37149.4, 38682.8, 38925.9, 38535.1, 36609.8, 35993.9, 36607.4, 40358.4, 34757.9, 31661, 30725.1, 30287, 32291.1, 35810.7, 35177.6, 31352.5, 30631.7, 35405.3, 36848.2, 32920.2, 30499.2, 30730.9, 33392.1, 33537.1, 31255, 32409.6, 31487.1, 32558.8, 32457.4, 29735.5, 28030.9, 29250.5]
Runtime = 0.062 s for N = 256

real	0m0.068s
user	0m0.123s
sys	0m0.006s
Total Kinetic Energy = [0, 11.2681, 534.101, 1770.58, 3849.3, 7348.44, 12999.6, 21899.4, 39835.8, 80353.8, 150013, 87282.6, 56840.7, 45741.7, 40283.8, 42865.2, 41447, 38233.9, 35490, 37149.4, 38682.8, 38925.9, 38535.1, 36609.8, 35993.9, 36607.4, 40358.4, 34757.9, 31661, 30725.1, 30287, 32291.1, 35810.7, 35177.6, 31352.5, 30631.7, 35405.3, 36848.2, 32920.2, 30499.2, 30730.9, 33392.1, 33537.1, 31255, 32409.6, 31487.1, 32558.8, 32457.4, 29735.5, 28030.9, 29250.5]
Runtime = 0.037 s for N = 256

real	0m0.041s
user	0m0.150s
sys	0m0.004s
Total Kinetic Energy = [0, 11.2681, 534.101, 1770.58, 3849.3, 7348.44, 12999.6, 21899.4, 39835.8, 80353.8, 150013, 87282.6, 56840.7, 45741.7, 40283.8, 42865.2, 41447, 38233.9, 35490, 37149.4, 38682.8, 38925.9, 38535.1, 36609.8, 35993.9, 36607.4, 40358.4, 34757.9, 31661, 30725.1, 30287, 32291.1, 35810.7, 35177.6, 31352.5, 30631.7, 35405.3, 36848.2, 32920.2, 30499.2, 30730.9, 33392.1, 33537.1, 31255, 32409.6, 31487.1, 32558.8, 32457.4, 29735.5, 28030.9, 29250.5]
Runtime = 0.026 s for N = 256

real	0m0.031s
user	0m0.209s
sys	0m0.006s
Total Kinetic Energy = [0, 11.2681, 534.101, 1770.58, 3849.3, 7348.44, 12999.6, 21899.4, 39835.8, 80353.8, 150013, 87282.6, 56840.7, 45741.7, 40283.8, 42865.2, 41447, 38233.9, 35490, 37149.4, 38682.8, 38925.9, 38535.1, 36609.8, 35993.9, 36607.4, 40358.4, 34757.9, 31661, 30725.1, 30287, 32291.1, 35810.7, 35177.6, 31352.5, 30631.7, 35405.3, 36848.2, 32920.2, 30499.2, 30730.9, 33392.1, 33537.1, 31255, 32409.6, 31487.1, 32558.8, 32457.4, 29735.5, 28030.9, 29250.5]
Runtime = 0.021 s for N = 256

real	0m0.026s
user	0m0.351s
sys	0m0.007s
Total Kinetic Energy = [0, 74.0243, 3810.32, 13493.5, 32450.9, 71248.2, 173739, 711817, 309916, 210489, 190867, 170743, 167254, 161648, 166721, 159379, 170379, 157153, 143120, 155415, 149844, 152788, 146805, 143520, 139256, 138527, 138884, 141925, 128916, 135029, 137107, 133382, 125324, 123327, 128939, 129647, 123994, 131936, 134077, 131557, 128801, 129981, 125504, 123521, 127517, 126103, 122140, 117095, 115409, 121870, 121182]
Runtime = 0.452 s for N = 512

real	0m0.457s
user	0m0.447s
sys	0m0.006s
Total Kinetic Energy = [0, 74.0243, 3810.32, 13493.5, 32450.9, 71248.2, 173739, 711817, 309916, 210489, 190867, 170743, 167254, 161648, 166721, 159379, 170379, 157153, 143120, 155415, 149844, 152788, 146805, 143520, 139256, 138527, 138884, 141925, 128916, 135029, 137107, 133382, 125324, 123327, 128939, 129647, 123994, 131936, 134077, 131557, 128801, 129981, 125504, 123521, 127517, 126103, 122140, 117095, 115409, 121870, 121182]
Runtime = 0.234 s for N = 512

real	0m0.240s
user	0m0.463s
sys	0m0.009s
Total Kinetic Energy = [0, 74.0243, 3810.32, 13493.5, 32450.9, 71248.2, 173739, 711817, 309916, 210489, 190867, 170743, 167254, 161648, 166721, 159379, 170379, 157153, 143120, 155415, 149844, 152788, 146805, 143520, 139256, 138527, 138884, 141925, 128916, 135029, 137107, 133382, 125324, 123327, 128939, 129647, 123994, 131936, 134077, 131557, 128801, 129981, 125504, 123521, 127517, 126103, 122140, 117095, 115409, 121870, 121182]
Runtime = 0.124 s for N = 512

real	0m0.129s
user	0m0.495s
sys	0m0.009s
Total Kinetic Energy = [0, 74.0243, 3810.32, 13493.5, 32450.9, 71248.2, 173739, 711817, 309916, 210489, 190867, 170743, 167254, 161648, 166721, 159379, 170379, 157153, 143120, 155415, 149844, 152788, 146805, 143520, 139256, 138527, 138884, 141925, 128916, 135029, 137107, 133382, 125324, 123327, 128939, 129647, 123994, 131936, 134077, 131557, 128801, 129981, 125504, 123521, 127517, 126103, 122140, 117095, 115409, 121870, 121182]
Runtime = 0.071 s for N = 512

real	0m0.076s
user	0m0.568s
sys	0m0.014s
Total Kinetic Energy = [0, 74.0243, 3810.32, 13493.5, 32450.9, 71248.2, 173739, 711817, 309916, 210489, 190867, 170743, 167254, 161648, 166721, 159379, 170379, 157153, 143120, 155415, 149844, 152788, 146805, 143520, 139256, 138527, 138884, 141925, 128916, 135029, 137107, 133382, 125324, 123327, 128939, 129647, 123994, 131936, 134077, 131557, 128801, 129981, 125504, 123521, 127517, 126103, 122140, 117095, 115409, 121870, 121182]
Runtime = 0.047 s for N = 512

real	0m0.053s
user	0m0.766s
sys	0m0.010s
Total Kinetic Energy = [0, 544.9, 28661.8, 115840, 370128, 2.64298e+06, 1.18149e+06, 881818, 776738, 739254, 717979, 720563, 685457, 674666, 647227, 634790, 624888, 626160, 630733, 614024, 588206, 620945, 581111, 581552, 575969, 577674, 589726, 584196, 579027, 558992, 554567, 579942, 542336, 549838, 574084, 567256, 542092, 515925, 514788, 540810, 533686, 544610, 550221, 521549, 519518, 512915, 530111, 514622, 516756, 525706, 494813]
Runtime = 1.799 s for N = 1024

real	0m1.805s
user	0m1.784s
sys	0m0.009s
Total Kinetic Energy = [0, 544.9, 28661.8, 115840, 370128, 2.64298e+06, 1.18149e+06, 881818, 776738, 739254, 717979, 720563, 685457, 674666, 647227, 634790, 624888, 626160, 630733, 614024, 588206, 620945, 581111, 581552, 575969, 577674, 589726, 584196, 579027, 558992, 554567, 579942, 542336, 549838, 574084, 567256, 542092, 515925, 514788, 540810, 533686, 544610, 550221, 521549, 519518, 512915, 530111, 514622, 516756, 525706, 494813]
Runtime = 0.909 s for N = 1024

real	0m0.916s
user	0m1.803s
sys	0m0.015s
Total Kinetic Energy = [0, 544.9, 28661.8, 115840, 370128, 2.64298e+06, 1.18149e+06, 881818, 776738, 739254, 717979, 720563, 685457, 674666, 647227, 634790, 624888, 626160, 630733, 614024, 588206, 620945, 581111, 581552, 575969, 577674, 589726, 584196, 579027, 558992, 554567, 579942, 542336, 549838, 574084, 567256, 542092, 515925, 514788, 540810, 533686, 544610, 550221, 521549, 519518, 512915, 530111, 514622, 516756, 525706, 494813]
Runtime = 0.473 s for N = 1024

real	0m0.479s
user	0m1.884s
sys	0m0.013s
Total Kinetic Energy = [0, 544.9, 28661.8, 115840, 370128, 2.64298e+06, 1.18149e+06, 881818, 776738, 739254, 717979, 720563, 685457, 674666, 647227, 634790, 624888, 626160, 630733, 614024, 588206, 620945, 581111, 581552, 575969, 577674, 589726, 584196, 579027, 558992, 554567, 579942, 542336, 549838, 574084, 567256, 542092, 515925, 514788, 540810, 533686, 544610, 550221, 521549, 519518, 512915, 530111, 514622, 516756, 525706, 494813]
Runtime = 0.248 s for N = 1024

real	0m0.254s
user	0m1.971s
sys	0m0.025s
Total Kinetic Energy = [0, 544.9, 28661.8, 115840, 370128, 2.64298e+06, 1.18149e+06, 881818, 776738, 739254, 717979, 720563, 685457, 674666, 647227, 634790, 624888, 626160, 630733, 614024, 588206, 620945, 581111, 581552, 575969, 577674, 589726, 584196, 579027, 558992, 554567, 579942, 542336, 549838, 574084, 567256, 542092, 515925, 514788, 540810, 533686, 544610, 550221, 521549, 519518, 512915, 530111, 514622, 516756, 525706, 494813]
Runtime = 0.141 s for N = 1024

real	0m0.148s
user	0m2.264s
sys	0m0.029s
Total Kinetic Energy = [0, 4363.19, 243936, 1.40717e+06, 8.33829e+06, 3.36114e+06, 2.82788e+06, 2.64559e+06, 2.67501e+06, 2.4836e+06, 2.50809e+06, 2.53664e+06, 2.39417e+06, 2.35026e+06, 2.40361e+06, 2.4202e+06, 2.29868e+06, 2.3317e+06, 2.2744e+06, 2.2997e+06, 2.36353e+06, 2.34655e+06, 2.28629e+06, 2.24875e+06, 2.18176e+06, 2.15182e+06, 2.18926e+06, 2.19425e+06, 2.15352e+06, 2.11213e+06, 2.13456e+06, 2.15571e+06, 2.20266e+06, 2.1512e+06, 2.09686e+06, 2.06558e+06, 2.13701e+06, 2.1113e+06, 2.08983e+06, 2.11584e+06, 2.16217e+06, 2.179e+06, 2.11238e+06, 2.08821e+06, 2.09148e+06, 2.09267e+06, 2.04667e+06, 2.03226e+06, 2.01682e+06, 2.01157e+06, 2.07256e+06]
Runtime = 7.172 s for N = 2048

real	0m7.180s
user	0m7.126s
sys	0m0.021s
Total Kinetic Energy = [0, 4363.19, 243936, 1.40717e+06, 8.33829e+06, 3.36114e+06, 2.82788e+06, 2.64559e+06, 2.67501e+06, 2.4836e+06, 2.50809e+06, 2.53664e+06, 2.39417e+06, 2.35026e+06, 2.40361e+06, 2.4202e+06, 2.29868e+06, 2.3317e+06, 2.2744e+06, 2.2997e+06, 2.36353e+06, 2.34655e+06, 2.28629e+06, 2.24875e+06, 2.18176e+06, 2.15182e+06, 2.18926e+06, 2.19425e+06, 2.15352e+06, 2.11213e+06, 2.13456e+06, 2.15571e+06, 2.20266e+06, 2.1512e+06, 2.09686e+06, 2.06558e+06, 2.13701e+06, 2.1113e+06, 2.08983e+06, 2.11584e+06, 2.16217e+06, 2.179e+06, 2.11238e+06, 2.08821e+06, 2.09148e+06, 2.09267e+06, 2.04667e+06, 2.03226e+06, 2.01682e+06, 2.01157e+06, 2.07256e+06]
Runtime = 3.601 s for N = 2048

real	0m3.610s
user	0m7.142s
sys	0m0.044s
Total Kinetic Energy = [0, 4363.19, 243936, 1.40717e+06, 8.33829e+06, 3.36114e+06, 2.82788e+06, 2.64559e+06, 2.67501e+06, 2.4836e+06, 2.50809e+06, 2.53664e+06, 2.39417e+06, 2.35026e+06, 2.40361e+06, 2.4202e+06, 2.29868e+06, 2.3317e+06, 2.2744e+06, 2.2997e+06, 2.36353e+06, 2.34655e+06, 2.28629e+06, 2.24875e+06, 2.18176e+06, 2.15182e+06, 2.18926e+06, 2.19425e+06, 2.15352e+06, 2.11213e+06, 2.13456e+06, 2.15571e+06, 2.20266e+06, 2.1512e+06, 2.09686e+06, 2.06558e+06, 2.13701e+06, 2.1113e+06, 2.08983e+06, 2.11584e+06, 2.16217e+06, 2.179e+06, 2.11238e+06, 2.08821e+06, 2.09148e+06, 2.09267e+06, 2.04667e+06, 2.03226e+06, 2.01682e+06, 2.01157e+06, 2.07256e+06]
Runtime = 1.844 s for N = 2048

real	0m1.853s
user	0m7.340s
sys	0m0.026s
Total Kinetic Energy = [0, 4363.19, 243936, 1.40717e+06, 8.33829e+06, 3.36114e+06, 2.82788e+06, 2.64559e+06, 2.67501e+06, 2.4836e+06, 2.50809e+06, 2.53664e+06, 2.39417e+06, 2.35026e+06, 2.40361e+06, 2.4202e+06, 2.29868e+06, 2.3317e+06, 2.2744e+06, 2.2997e+06, 2.36353e+06, 2.34655e+06, 2.28629e+06, 2.24875e+06, 2.18176e+06, 2.15182e+06, 2.18926e+06, 2.19425e+06, 2.15352e+06, 2.11213e+06, 2.13456e+06, 2.15571e+06, 2.20266e+06, 2.1512e+06, 2.09686e+06, 2.06558e+06, 2.13701e+06, 2.1113e+06, 2.08983e+06, 2.11584e+06, 2.16217e+06, 2.179e+06, 2.11238e+06, 2.08821e+06, 2.09148e+06, 2.09267e+06, 2.04667e+06, 2.03226e+06, 2.01682e+06, 2.01157e+06, 2.07256e+06]
Runtime = 0.942 s for N = 2048

real	0m0.952s
user	0m7.493s
sys	0m0.026s
Total Kinetic Energy = [0, 4363.19, 243936, 1.40717e+06, 8.33829e+06, 3.36114e+06, 2.82788e+06, 2.64559e+06, 2.67501e+06, 2.4836e+06, 2.50809e+06, 2.53664e+06, 2.39417e+06, 2.35026e+06, 2.40361e+06, 2.4202e+06, 2.29868e+06, 2.3317e+06, 2.2744e+06, 2.2997e+06, 2.36353e+06, 2.34655e+06, 2.28629e+06, 2.24875e+06, 2.18176e+06, 2.15182e+06, 2.18926e+06, 2.19425e+06, 2.15352e+06, 2.11213e+06, 2.13456e+06, 2.15571e+06, 2.20266e+06, 2.1512e+06, 2.09686e+06, 2.06558e+06, 2.13701e+06, 2.1113e+06, 2.08983e+06, 2.11584e+06, 2.16217e+06, 2.179e+06, 2.11238e+06, 2.08821e+06, 2.09148e+06, 2.09267e+06, 2.04667e+06, 2.03226e+06, 2.01682e+06, 2.01157e+06, 2.07256e+06]
Runtime = 0.5 s for N = 2048

real	0m0.509s
user	0m7.997s
sys	0m0.031s
Total Kinetic Energy = [0, 33411.1, 2.23278e+06, 4.15904e+07, 1.58867e+07, 1.41339e+07, 1.32641e+07, 1.30301e+07, 1.26421e+07, 1.2412e+07, 1.25119e+07, 1.23541e+07, 1.20953e+07, 1.20287e+07, 1.20339e+07, 1.20625e+07, 1.19829e+07, 1.19453e+07, 1.18068e+07, 1.17658e+07, 1.17767e+07, 1.16221e+07, 1.17058e+07, 1.16661e+07, 1.15841e+07, 1.15632e+07, 1.15452e+07, 1.14659e+07, 1.14749e+07, 1.14039e+07, 1.14743e+07, 1.14299e+07, 1.14114e+07, 1.1378e+07, 1.12652e+07, 1.14075e+07, 1.13713e+07, 1.12779e+07, 1.13096e+07, 1.1262e+07, 1.12506e+07, 1.11629e+07, 1.12409e+07, 1.12748e+07, 1.12032e+07, 1.11548e+07, 1.12598e+07, 1.11915e+07, 1.10631e+07, 1.11047e+07, 1.10791e+07]
Runtime = 28.659 s for N = 4096

real	0m28.671s
user	0m28.500s
sys	0m0.040s
Total Kinetic Energy = [0, 33411.1, 2.23278e+06, 4.15904e+07, 1.58867e+07, 1.41339e+07, 1.32641e+07, 1.30301e+07, 1.26421e+07, 1.2412e+07, 1.25119e+07, 1.23541e+07, 1.20953e+07, 1.20287e+07, 1.20339e+07, 1.20625e+07, 1.19829e+07, 1.19453e+07, 1.18068e+07, 1.17658e+07, 1.17767e+07, 1.16221e+07, 1.17058e+07, 1.16661e+07, 1.15841e+07, 1.15632e+07, 1.15452e+07, 1.14659e+07, 1.14749e+07, 1.14039e+07, 1.14743e+07, 1.14299e+07, 1.14114e+07, 1.1378e+07, 1.12652e+07, 1.14075e+07, 1.13713e+07, 1.12779e+07, 1.13096e+07, 1.1262e+07, 1.12506e+07, 1.11629e+07, 1.12409e+07, 1.12748e+07, 1.12032e+07, 1.11548e+07, 1.12598e+07, 1.11915e+07, 1.10631e+07, 1.11047e+07, 1.10791e+07]
Runtime = 14.36 s for N = 4096

real	0m14.373s
user	0m28.574s
sys	0m0.053s
Total Kinetic Energy = [0, 33411.1, 2.23278e+06, 4.15904e+07, 1.58867e+07, 1.41339e+07, 1.32641e+07, 1.30301e+07, 1.26421e+07, 1.2412e+07, 1.25119e+07, 1.23541e+07, 1.20953e+07, 1.20287e+07, 1.20339e+07, 1.20625e+07, 1.19829e+07, 1.19453e+07, 1.18068e+07, 1.17658e+07, 1.17767e+07, 1.16221e+07, 1.17058e+07, 1.16661e+07, 1.15841e+07, 1.15632e+07, 1.15452e+07, 1.14659e+07, 1.14749e+07, 1.14039e+07, 1.14743e+07, 1.14299e+07, 1.14114e+07, 1.1378e+07, 1.12652e+07, 1.14075e+07, 1.13713e+07, 1.12779e+07, 1.13096e+07, 1.1262e+07, 1.12506e+07, 1.11629e+07, 1.12409e+07, 1.12748e+07, 1.12032e+07, 1.11548e+07, 1.12598e+07, 1.11915e+07, 1.10631e+07, 1.11047e+07, 1.10791e+07]
Runtime = 7.255 s for N = 4096

real	0m7.268s
user	0m28.861s
sys	0m0.062s
Total Kinetic Energy = [0, 33411.1, 2.23278e+06, 4.15904e+07, 1.58867e+07, 1.41339e+07, 1.32641e+07, 1.30301e+07, 1.26421e+07, 1.2412e+07, 1.25119e+07, 1.23541e+07, 1.20953e+07, 1.20287e+07, 1.20339e+07, 1.20625e+07, 1.19829e+07, 1.19453e+07, 1.18068e+07, 1.17658e+07, 1.17767e+07, 1.16221e+07, 1.17058e+07, 1.16661e+07, 1.15841e+07, 1.15632e+07, 1.15452e+07, 1.14659e+07, 1.14749e+07, 1.14039e+07, 1.14743e+07, 1.14299e+07, 1.14114e+07, 1.1378e+07, 1.12652e+07, 1.14075e+07, 1.13713e+07, 1.12779e+07, 1.13096e+07, 1.1262e+07, 1.12506e+07, 1.11629e+07, 1.12409e+07, 1.12748e+07, 1.12032e+07, 1.11548e+07, 1.12598e+07, 1.11915e+07, 1.10631e+07, 1.11047e+07, 1.10791e+07]
Runtime = 3.67 s for N = 4096

real	0m3.683s
user	0m29.105s
sys	0m0.078s
Total Kinetic Energy = [0, 33411.1, 2.23278e+06, 4.15904e+07, 1.58867e+07, 1.41339e+07, 1.32641e+07, 1.30301e+07, 1.26421e+07, 1.2412e+07, 1.25119e+07, 1.23541e+07, 1.20953e+07, 1.20287e+07, 1.20339e+07, 1.20625e+07, 1.19829e+07, 1.19453e+07, 1.18068e+07, 1.17658e+07, 1.17767e+07, 1.16221e+07, 1.17058e+07, 1.16661e+07, 1.15841e+07, 1.15632e+07, 1.15452e+07, 1.14659e+07, 1.14749e+07, 1.14039e+07, 1.14743e+07, 1.14299e+07, 1.14114e+07, 1.1378e+07, 1.12652e+07, 1.14075e+07, 1.13713e+07, 1.12779e+07, 1.13096e+07, 1.1262e+07, 1.12506e+07, 1.11629e+07, 1.12409e+07, 1.12748e+07, 1.12032e+07, 1.11548e+07, 1.12598e+07, 1.11915e+07, 1.10631e+07, 1.11047e+07, 1.10791e+07]
Runtime = 1.873 s for N = 4096

real	0m1.886s
user	0m29.787s
sys	0m0.106s
slurmstepd-c-06-15: error: *** JOB 3435810 ON c-06-15 CANCELLED AT 2026-03-27T16:01:13 DUE TO TIME LIMIT ***
