7.296000000000000000e+03
6.976000000000000000e+03
7.072000000000000000e+03
6.816000000000000000e+03
6.656000000000000000e+03
7.008000000000000000e+03
5.344000000000000000e+03
6.976000000000000000e+03
6.464000000000000000e+03
6.048000000000000000e+03
6.528000000000000000e+03
5.984000000000000000e+03
6.592000000000000000e+03
6.592000000000000000e+03
7.008000000000000000e+03
6.624000000000000000e+03
7.392000000000000000e+03
6.656000000000000000e+03
6.720000000000000000e+03
6.816000000000000000e+03
6.496000000000000000e+03
5.856000000000000000e+03
6.688000000000000000e+03
8.064000000000000000e+03
6.656000000000000000e+03
6.752000000000000000e+03
6.656000000000000000e+03
7.904000000000000000e+03
6.752000000000000000e+03
6.432000000000000000e+03
5.568000000000000000e+03
7.872000000000000000e+03
6.752000000000000000e+03
7.232000000000000000e+03
7.616000000000000000e+03
7.424000000000000000e+03
6.912000000000000000e+03
7.200000000000000000e+03
7.488000000000000000e+03
7.616000000000000000e+03
7.584000000000000000e+03
7.424000000000000000e+03
7.392000000000000000e+03
7.392000000000000000e+03
6.688000000000000000e+03
7.936000000000000000e+03
6.848000000000000000e+03
6.016000000000000000e+03
8.384000000000000000e+03
7.424000000000000000e+03
7.616000000000000000e+03
7.520000000000000000e+03
8.352000000000000000e+03
7.680000000000000000e+03
7.808000000000000000e+03
8.928000000000000000e+03
8.960000000000000000e+03
7.520000000000000000e+03
8.544000000000000000e+03
8.864000000000000000e+03
7.840000000000000000e+03
7.744000000000000000e+03
8.704000000000000000e+03
7.872000000000000000e+03
8.736000000000000000e+03
8.192000000000000000e+03
9.088000000000000000e+03
8.416000000000000000e+03
7.904000000000000000e+03
9.312000000000000000e+03
9.792000000000000000e+03
8.576000000000000000e+03
8.672000000000000000e+03
8.448000000000000000e+03
8.800000000000000000e+03
8.928000000000000000e+03
8.896000000000000000e+03
8.864000000000000000e+03
9.024000000000000000e+03
7.840000000000000000e+03
9.440000000000000000e+03
9.632000000000000000e+03
9.280000000000000000e+03
9.120000000000000000e+03
8.736000000000000000e+03
9.568000000000000000e+03
9.184000000000000000e+03
9.216000000000000000e+03
9.344000000000000000e+03
9.920000000000000000e+03
9.056000000000000000e+03
8.320000000000000000e+03
9.600000000000000000e+03
8.960000000000000000e+03
1.027200000000000000e+04
9.696000000000000000e+03
9.728000000000000000e+03
1.014400000000000000e+04
1.062400000000000000e+04
9.984000000000000000e+03
9.504000000000000000e+03
1.072000000000000000e+04
1.088000000000000000e+04
9.952000000000000000e+03
8.896000000000000000e+03
1.030400000000000000e+04
1.004800000000000000e+04
1.104000000000000000e+04
1.088000000000000000e+04
9.440000000000000000e+03
1.062400000000000000e+04
1.081600000000000000e+04
9.728000000000000000e+03
1.008000000000000000e+04
1.136000000000000000e+04
1.056000000000000000e+04
1.142400000000000000e+04
9.952000000000000000e+03
1.084800000000000000e+04
1.078400000000000000e+04
1.094400000000000000e+04
1.052800000000000000e+04
1.123200000000000000e+04
1.110400000000000000e+04
1.113600000000000000e+04
1.196800000000000000e+04
1.190400000000000000e+04
1.171200000000000000e+04
1.180800000000000000e+04
1.241600000000000000e+04
1.158400000000000000e+04
1.222400000000000000e+04
1.200000000000000000e+04
1.209600000000000000e+04
1.299200000000000000e+04
1.200000000000000000e+04
1.212800000000000000e+04
1.155200000000000000e+04
1.241600000000000000e+04
1.120000000000000000e+04
1.171200000000000000e+04
1.219200000000000000e+04
1.241600000000000000e+04
1.337600000000000000e+04
1.139200000000000000e+04
1.260800000000000000e+04
1.318400000000000000e+04
1.286400000000000000e+04
1.328000000000000000e+04
1.302400000000000000e+04
1.363200000000000000e+04
1.270400000000000000e+04
1.385600000000000000e+04
1.321600000000000000e+04
1.308800000000000000e+04
1.385600000000000000e+04
1.372800000000000000e+04
1.360000000000000000e+04
1.286400000000000000e+04
1.324800000000000000e+04
1.344000000000000000e+04
1.324800000000000000e+04
1.363200000000000000e+04
1.248000000000000000e+04
1.459200000000000000e+04
1.305600000000000000e+04
1.347200000000000000e+04
1.523200000000000000e+04
1.376000000000000000e+04
1.488000000000000000e+04
1.545600000000000000e+04
1.414400000000000000e+04
1.292800000000000000e+04
1.344000000000000000e+04
1.497600000000000000e+04
1.440000000000000000e+04
1.443200000000000000e+04
1.363200000000000000e+04
1.484800000000000000e+04
1.504000000000000000e+04
1.497600000000000000e+04
1.436800000000000000e+04
1.481600000000000000e+04
1.564800000000000000e+04
1.609600000000000000e+04
1.612800000000000000e+04
1.612800000000000000e+04
1.574400000000000000e+04
1.686400000000000000e+04
1.641600000000000000e+04
1.580800000000000000e+04
1.574400000000000000e+04
1.737600000000000000e+04
1.619200000000000000e+04
1.766400000000000000e+04
1.846400000000000000e+04
1.584000000000000000e+04
1.715200000000000000e+04
1.753600000000000000e+04
1.804800000000000000e+04
1.792000000000000000e+04
1.609600000000000000e+04
1.904000000000000000e+04
1.820800000000000000e+04
1.750400000000000000e+04
1.795200000000000000e+04
1.782400000000000000e+04
1.712000000000000000e+04
1.910400000000000000e+04
1.942400000000000000e+04
1.744000000000000000e+04
1.820800000000000000e+04
1.916800000000000000e+04
1.910400000000000000e+04
1.808000000000000000e+04
1.849600000000000000e+04
1.888000000000000000e+04
1.852800000000000000e+04
1.907200000000000000e+04
1.904000000000000000e+04
1.987200000000000000e+04
2.006400000000000000e+04
2.083200000000000000e+04
1.939200000000000000e+04
1.952000000000000000e+04
2.009600000000000000e+04
2.067200000000000000e+04
2.112000000000000000e+04
2.332800000000000000e+04
1.990400000000000000e+04
2.140800000000000000e+04
2.092800000000000000e+04
2.124800000000000000e+04
2.256000000000000000e+04
2.112000000000000000e+04
2.124800000000000000e+04
2.057600000000000000e+04
2.320000000000000000e+04
2.150400000000000000e+04
2.310400000000000000e+04
2.166400000000000000e+04
2.188800000000000000e+04
2.374400000000000000e+04
2.281600000000000000e+04
2.400000000000000000e+04
2.336000000000000000e+04
2.368000000000000000e+04
2.544000000000000000e+04
2.460800000000000000e+04
2.502400000000000000e+04
2.374400000000000000e+04
2.492800000000000000e+04
2.480000000000000000e+04
2.582400000000000000e+04
2.358400000000000000e+04
2.595200000000000000e+04
2.480000000000000000e+04
2.643200000000000000e+04
2.563200000000000000e+04
2.592000000000000000e+04
2.665600000000000000e+04
2.556800000000000000e+04
2.684800000000000000e+04
2.880000000000000000e+04
2.729600000000000000e+04
2.806400000000000000e+04
2.867200000000000000e+04
2.790400000000000000e+04
2.649600000000000000e+04
2.915200000000000000e+04
2.937600000000000000e+04
2.742400000000000000e+04
2.937600000000000000e+04
2.889600000000000000e+04
2.908800000000000000e+04
2.995200000000000000e+04
2.892800000000000000e+04
2.892800000000000000e+04
3.132800000000000000e+04
2.915200000000000000e+04
3.225600000000000000e+04
3.283200000000000000e+04
3.209600000000000000e+04
3.177600000000000000e+04
3.196800000000000000e+04
3.136000000000000000e+04
3.388800000000000000e+04
3.168000000000000000e+04
3.347200000000000000e+04
3.456000000000000000e+04
3.462400000000000000e+04
3.340800000000000000e+04
3.539200000000000000e+04
3.580800000000000000e+04
3.593600000000000000e+04
3.638400000000000000e+04
3.830400000000000000e+04
3.478400000000000000e+04
3.692800000000000000e+04
3.628800000000000000e+04
4.003200000000000000e+04
3.728000000000000000e+04
3.987200000000000000e+04
3.977600000000000000e+04
3.932800000000000000e+04
4.057600000000000000e+04
4.131200000000000000e+04
4.000000000000000000e+04
3.993600000000000000e+04
4.163200000000000000e+04
4.249600000000000000e+04
4.217600000000000000e+04
4.211200000000000000e+04
4.134400000000000000e+04
4.192000000000000000e+04
4.300800000000000000e+04
4.342400000000000000e+04
4.515200000000000000e+04
4.393600000000000000e+04
4.598400000000000000e+04
4.512000000000000000e+04
4.588800000000000000e+04
4.896000000000000000e+04
4.761600000000000000e+04
4.774400000000000000e+04
4.787200000000000000e+04
4.985600000000000000e+04
4.668800000000000000e+04
4.947200000000000000e+04
5.270400000000000000e+04
4.950400000000000000e+04
4.937600000000000000e+04
5.142400000000000000e+04
5.340800000000000000e+04
5.430400000000000000e+04
5.430400000000000000e+04
5.459200000000000000e+04
5.603200000000000000e+04
5.513600000000000000e+04
5.692800000000000000e+04
5.801600000000000000e+04
5.753600000000000000e+04
5.734400000000000000e+04
5.971200000000000000e+04
6.172800000000000000e+04
5.974400000000000000e+04
6.179200000000000000e+04
6.227200000000000000e+04
6.352000000000000000e+04
6.313600000000000000e+04
6.403200000000000000e+04
6.499200000000000000e+04
6.208000000000000000e+04
6.656000000000000000e+04
6.713600000000000000e+04
6.800000000000000000e+04
7.072000000000000000e+04
6.768000000000000000e+04
7.036800000000000000e+04
7.084800000000000000e+04
7.296000000000000000e+04
7.174400000000000000e+04
7.292800000000000000e+04
7.392000000000000000e+04
7.846400000000000000e+04
7.712000000000000000e+04
7.891200000000000000e+04
8.156800000000000000e+04
8.044800000000000000e+04
8.432000000000000000e+04
8.156800000000000000e+04
8.540800000000000000e+04
8.595200000000000000e+04
8.428800000000000000e+04
8.755200000000000000e+04
8.809600000000000000e+04
8.825600000000000000e+04
9.302400000000000000e+04
9.427200000000000000e+04
9.145600000000000000e+04
9.587200000000000000e+04
9.590400000000000000e+04
9.680000000000000000e+04
1.000640000000000000e+05
9.974400000000000000e+04
1.028800000000000000e+05
1.046720000000000000e+05
1.050560000000000000e+05
1.049920000000000000e+05
1.093760000000000000e+05
1.102720000000000000e+05
1.114560000000000000e+05
1.168320000000000000e+05
1.124160000000000000e+05
1.170880000000000000e+05
1.207680000000000000e+05
1.146560000000000000e+05
1.225280000000000000e+05
1.229760000000000000e+05
1.230400000000000000e+05
1.264320000000000000e+05
1.300160000000000000e+05
1.285760000000000000e+05
1.347520000000000000e+05
1.339200000000000000e+05
1.398080000000000000e+05
1.442560000000000000e+05
1.423040000000000000e+05
1.458240000000000000e+05
1.516480000000000000e+05
1.469440000000000000e+05
1.566400000000000000e+05
1.522880000000000000e+05
1.577600000000000000e+05
1.629440000000000000e+05
1.616960000000000000e+05
1.703360000000000000e+05
1.717120000000000000e+05
1.737920000000000000e+05
1.739840000000000000e+05
1.799680000000000000e+05
1.881280000000000000e+05
1.864320000000000000e+05
1.943040000000000000e+05
1.964160000000000000e+05
2.018880000000000000e+05
2.049280000000000000e+05
2.048960000000000000e+05
2.052800000000000000e+05
2.077120000000000000e+05
2.219840000000000000e+05
2.198080000000000000e+05
2.244480000000000000e+05
2.293120000000000000e+05
2.329280000000000000e+05
2.426560000000000000e+05
2.477440000000000000e+05
2.505280000000000000e+05
2.562880000000000000e+05
2.650880000000000000e+05
2.630400000000000000e+05
2.668160000000000000e+05
2.726400000000000000e+05
2.816960000000000000e+05
2.882880000000000000e+05
2.888960000000000000e+05
3.004800000000000000e+05
3.035200000000000000e+05
3.113920000000000000e+05
3.189120000000000000e+05
3.209600000000000000e+05
3.300160000000000000e+05
3.363840000000000000e+05
3.375680000000000000e+05
3.508160000000000000e+05
3.529600000000000000e+05
3.648640000000000000e+05
3.665280000000000000e+05
3.764160000000000000e+05
3.853440000000000000e+05
3.915520000000000000e+05
4.042240000000000000e+05
4.132800000000000000e+05
4.149440000000000000e+05
4.225920000000000000e+05
4.299520000000000000e+05
4.428800000000000000e+05
4.489600000000000000e+05
4.608000000000000000e+05
4.635200000000000000e+05
4.771520000000000000e+05
4.850240000000000000e+05
4.901440000000000000e+05
4.988480000000000000e+05
5.047040000000000000e+05
5.125440000000000000e+05
5.199040000000000000e+05
5.250880000000000000e+05
5.359680000000000000e+05
5.471680000000000000e+05
5.521920000000000000e+05
5.584320000000000000e+05
5.707200000000000000e+05
5.771520000000000000e+05
5.756800000000000000e+05
5.830400000000000000e+05
5.943680000000000000e+05
6.019520000000000000e+05
6.050560000000000000e+05
6.055680000000000000e+05
6.138560000000000000e+05
6.139520000000000000e+05
6.240960000000000000e+05
6.272000000000000000e+05
6.258240000000000000e+05
6.343680000000000000e+05
6.298240000000000000e+05
6.383040000000000000e+05
6.303680000000000000e+05
6.345280000000000000e+05
6.357440000000000000e+05
6.343680000000000000e+05
6.357440000000000000e+05
6.342080000000000000e+05
6.348800000000000000e+05
6.333440000000000000e+05
6.218560000000000000e+05
6.214400000000000000e+05
6.159040000000000000e+05
6.138240000000000000e+05
6.063040000000000000e+05
6.120320000000000000e+05
6.039680000000000000e+05
5.863040000000000000e+05
5.902400000000000000e+05
5.835520000000000000e+05
5.714560000000000000e+05
5.685120000000000000e+05
5.524800000000000000e+05
5.506560000000000000e+05
5.408000000000000000e+05
5.320000000000000000e+05
5.318720000000000000e+05
5.178560000000000000e+05
5.100160000000000000e+05
5.092480000000000000e+05
4.958720000000000000e+05
4.777280000000000000e+05
4.763520000000000000e+05
4.731840000000000000e+05
4.742400000000000000e+05
4.542720000000000000e+05
4.443200000000000000e+05
4.401600000000000000e+05
4.332160000000000000e+05
4.203200000000000000e+05
4.138240000000000000e+05
4.084160000000000000e+05
3.979200000000000000e+05
3.983360000000000000e+05
3.815680000000000000e+05
3.788480000000000000e+05
3.702400000000000000e+05
3.649600000000000000e+05
3.554240000000000000e+05
3.400320000000000000e+05
3.460480000000000000e+05
3.364480000000000000e+05
3.233280000000000000e+05
3.162880000000000000e+05
3.177280000000000000e+05
3.106240000000000000e+05
3.038400000000000000e+05
2.942720000000000000e+05
2.873280000000000000e+05
2.862080000000000000e+05
2.762880000000000000e+05
2.767680000000000000e+05
2.660160000000000000e+05
2.613440000000000000e+05
2.598080000000000000e+05
2.593920000000000000e+05
2.490880000000000000e+05
2.436800000000000000e+05
2.415680000000000000e+05
2.333440000000000000e+05
2.295040000000000000e+05
2.235520000000000000e+05
2.248640000000000000e+05
2.176320000000000000e+05
2.155840000000000000e+05
2.071040000000000000e+05
2.020480000000000000e+05
1.981120000000000000e+05
1.958400000000000000e+05
1.906880000000000000e+05
1.978240000000000000e+05
1.922880000000000000e+05
1.833600000000000000e+05
1.819200000000000000e+05
1.799040000000000000e+05
1.751360000000000000e+05
1.723840000000000000e+05
1.674240000000000000e+05
1.641280000000000000e+05
1.602560000000000000e+05
1.638080000000000000e+05
1.570560000000000000e+05
1.540800000000000000e+05
1.505280000000000000e+05
1.508160000000000000e+05
1.453120000000000000e+05
1.420800000000000000e+05
1.392640000000000000e+05
1.336960000000000000e+05
1.368000000000000000e+05
1.304960000000000000e+05
1.341440000000000000e+05
1.306560000000000000e+05
1.302720000000000000e+05
1.272000000000000000e+05
1.242240000000000000e+05
1.213440000000000000e+05
1.175680000000000000e+05
1.174720000000000000e+05
1.147840000000000000e+05
1.183040000000000000e+05
1.088000000000000000e+05
1.124800000000000000e+05
1.091200000000000000e+05
1.080320000000000000e+05
1.052800000000000000e+05
1.059200000000000000e+05
9.961600000000000000e+04
1.061440000000000000e+05
1.005120000000000000e+05
9.740800000000000000e+04
9.670400000000000000e+04
9.980800000000000000e+04
9.862400000000000000e+04
9.404800000000000000e+04
9.145600000000000000e+04
8.876800000000000000e+04
9.094400000000000000e+04
8.684800000000000000e+04
8.841600000000000000e+04
8.956800000000000000e+04
8.636800000000000000e+04
8.380800000000000000e+04
8.246400000000000000e+04
8.204800000000000000e+04
8.086400000000000000e+04
7.955200000000000000e+04
7.814400000000000000e+04
7.868800000000000000e+04
7.808000000000000000e+04
7.500800000000000000e+04
7.619200000000000000e+04
7.504000000000000000e+04
7.052800000000000000e+04
7.155200000000000000e+04
7.232000000000000000e+04
6.921600000000000000e+04
6.704000000000000000e+04
6.764800000000000000e+04
6.563200000000000000e+04
6.697600000000000000e+04
6.467200000000000000e+04
6.374400000000000000e+04
6.563200000000000000e+04
6.012800000000000000e+04
6.105600000000000000e+04
6.217600000000000000e+04
5.993600000000000000e+04
5.923200000000000000e+04
5.814400000000000000e+04
6.115200000000000000e+04
5.798400000000000000e+04
5.760000000000000000e+04
5.840000000000000000e+04
5.824000000000000000e+04
5.619200000000000000e+04
5.276800000000000000e+04
5.440000000000000000e+04
5.491200000000000000e+04
5.350400000000000000e+04
5.369600000000000000e+04
5.062400000000000000e+04
5.216000000000000000e+04
5.072000000000000000e+04
4.812800000000000000e+04
5.100800000000000000e+04
5.158400000000000000e+04
5.043200000000000000e+04
4.905600000000000000e+04
4.604800000000000000e+04
4.880000000000000000e+04
4.697600000000000000e+04
4.604800000000000000e+04
4.556800000000000000e+04
4.848000000000000000e+04
4.793600000000000000e+04
4.512000000000000000e+04
4.339200000000000000e+04
4.480000000000000000e+04
4.208000000000000000e+04
4.272000000000000000e+04
4.268800000000000000e+04
4.313600000000000000e+04
4.137600000000000000e+04
4.006400000000000000e+04
4.128000000000000000e+04
4.172800000000000000e+04
3.942400000000000000e+04
3.923200000000000000e+04
3.929600000000000000e+04
3.993600000000000000e+04
3.654400000000000000e+04
3.616000000000000000e+04
3.712000000000000000e+04
3.641600000000000000e+04
3.760000000000000000e+04
3.820800000000000000e+04
3.542400000000000000e+04
3.705600000000000000e+04
3.456000000000000000e+04
3.433600000000000000e+04
3.472000000000000000e+04
3.545600000000000000e+04
3.382400000000000000e+04
3.475200000000000000e+04
3.366400000000000000e+04
3.292800000000000000e+04
3.292800000000000000e+04
3.350400000000000000e+04
3.228800000000000000e+04
3.161600000000000000e+04
3.212800000000000000e+04
3.270400000000000000e+04
3.145600000000000000e+04
3.088000000000000000e+04
3.040000000000000000e+04
3.113600000000000000e+04
3.148800000000000000e+04
3.107200000000000000e+04
3.139200000000000000e+04
2.880000000000000000e+04
2.940800000000000000e+04
2.956800000000000000e+04
2.761600000000000000e+04
2.723200000000000000e+04
2.864000000000000000e+04
2.729600000000000000e+04
2.691200000000000000e+04
2.777600000000000000e+04
2.960000000000000000e+04
2.867200000000000000e+04
2.592000000000000000e+04
2.704000000000000000e+04
2.515200000000000000e+04
2.668800000000000000e+04
2.646400000000000000e+04
2.624000000000000000e+04
2.681600000000000000e+04
2.633600000000000000e+04
2.579200000000000000e+04
2.412800000000000000e+04
2.393600000000000000e+04
2.464000000000000000e+04
2.476800000000000000e+04
2.592000000000000000e+04
2.275200000000000000e+04
2.310400000000000000e+04
2.153600000000000000e+04
2.265600000000000000e+04
2.211200000000000000e+04
2.358400000000000000e+04
2.169600000000000000e+04
2.352000000000000000e+04
2.246400000000000000e+04
2.198400000000000000e+04
2.137600000000000000e+04
2.188800000000000000e+04
2.032000000000000000e+04
2.188800000000000000e+04
2.131200000000000000e+04
2.265600000000000000e+04
2.076800000000000000e+04
2.195200000000000000e+04
2.153600000000000000e+04
2.166400000000000000e+04
2.105600000000000000e+04
2.211200000000000000e+04
2.051200000000000000e+04
2.019200000000000000e+04
2.076800000000000000e+04
1.891200000000000000e+04
1.862400000000000000e+04
1.907200000000000000e+04
1.910400000000000000e+04
1.820800000000000000e+04
2.089600000000000000e+04
2.067200000000000000e+04
1.849600000000000000e+04
1.884800000000000000e+04
1.926400000000000000e+04
1.782400000000000000e+04
1.843200000000000000e+04
1.913600000000000000e+04
1.804800000000000000e+04
1.766400000000000000e+04
1.939200000000000000e+04
1.888000000000000000e+04
1.747200000000000000e+04
1.884800000000000000e+04
1.600000000000000000e+04
1.756800000000000000e+04
1.769600000000000000e+04
1.734400000000000000e+04
1.708800000000000000e+04
1.680000000000000000e+04
1.715200000000000000e+04
1.692800000000000000e+04
1.641600000000000000e+04
1.564800000000000000e+04
1.638400000000000000e+04
1.644800000000000000e+04
1.673600000000000000e+04
1.670400000000000000e+04
1.648000000000000000e+04
1.670400000000000000e+04
1.737600000000000000e+04
1.603200000000000000e+04
1.616000000000000000e+04
1.619200000000000000e+04
1.532800000000000000e+04
1.433600000000000000e+04
1.491200000000000000e+04
1.664000000000000000e+04
1.574400000000000000e+04
1.427200000000000000e+04
1.622400000000000000e+04
1.596800000000000000e+04
1.520000000000000000e+04
1.542400000000000000e+04
1.497600000000000000e+04
1.465600000000000000e+04
1.411200000000000000e+04
1.443200000000000000e+04
1.500800000000000000e+04
1.414400000000000000e+04
1.283200000000000000e+04
1.318400000000000000e+04
1.315200000000000000e+04
1.376000000000000000e+04
1.328000000000000000e+04
1.401600000000000000e+04
1.376000000000000000e+04
1.312000000000000000e+04
1.350400000000000000e+04
1.344000000000000000e+04
1.433600000000000000e+04
1.379200000000000000e+04
1.286400000000000000e+04
1.251200000000000000e+04
1.388800000000000000e+04
1.337600000000000000e+04
1.190400000000000000e+04
1.212800000000000000e+04
1.289600000000000000e+04
1.392000000000000000e+04
1.308800000000000000e+04
1.248000000000000000e+04
1.379200000000000000e+04
1.161600000000000000e+04
1.228800000000000000e+04
1.251200000000000000e+04
1.225600000000000000e+04
1.328000000000000000e+04
1.129600000000000000e+04
1.072000000000000000e+04
1.222400000000000000e+04
1.120000000000000000e+04
1.110400000000000000e+04
1.222400000000000000e+04
1.139200000000000000e+04
1.216000000000000000e+04
1.065600000000000000e+04
1.168000000000000000e+04
1.126400000000000000e+04
1.075200000000000000e+04
1.200000000000000000e+04
1.113600000000000000e+04
1.161600000000000000e+04
1.075200000000000000e+04
1.180800000000000000e+04
1.091200000000000000e+04
9.600000000000000000e+03
1.052800000000000000e+04
1.081600000000000000e+04
1.046400000000000000e+04
1.059200000000000000e+04
1.145600000000000000e+04
9.696000000000000000e+03
1.036800000000000000e+04
1.072000000000000000e+04
1.075200000000000000e+04
1.020800000000000000e+04
1.062400000000000000e+04
1.043200000000000000e+04
9.600000000000000000e+03
1.065600000000000000e+04
1.043200000000000000e+04
1.020800000000000000e+04
1.088000000000000000e+04
1.033600000000000000e+04
1.129600000000000000e+04
9.152000000000000000e+03
9.408000000000000000e+03
1.046400000000000000e+04
9.696000000000000000e+03
9.664000000000000000e+03
9.632000000000000000e+03
9.504000000000000000e+03
9.952000000000000000e+03
1.024000000000000000e+04
9.472000000000000000e+03
9.120000000000000000e+03
8.832000000000000000e+03
8.800000000000000000e+03
9.600000000000000000e+03
9.824000000000000000e+03
8.672000000000000000e+03
8.416000000000000000e+03
8.800000000000000000e+03
1.008000000000000000e+04
8.832000000000000000e+03
9.312000000000000000e+03
8.672000000000000000e+03
8.512000000000000000e+03
8.448000000000000000e+03
8.896000000000000000e+03
8.288000000000000000e+03
8.704000000000000000e+03
9.216000000000000000e+03
9.056000000000000000e+03
8.160000000000000000e+03
8.448000000000000000e+03
9.504000000000000000e+03
8.096000000000000000e+03
8.320000000000000000e+03
7.968000000000000000e+03
8.480000000000000000e+03
8.224000000000000000e+03
8.896000000000000000e+03
7.872000000000000000e+03
8.096000000000000000e+03
7.104000000000000000e+03
8.160000000000000000e+03
8.352000000000000000e+03
8.128000000000000000e+03
8.576000000000000000e+03
7.872000000000000000e+03
8.128000000000000000e+03
8.384000000000000000e+03
8.384000000000000000e+03
7.968000000000000000e+03
8.448000000000000000e+03
7.168000000000000000e+03
7.264000000000000000e+03
7.904000000000000000e+03
8.576000000000000000e+03
7.680000000000000000e+03
7.584000000000000000e+03
8.640000000000000000e+03
7.360000000000000000e+03
7.168000000000000000e+03
8.448000000000000000e+03
6.656000000000000000e+03
8.448000000000000000e+03
7.200000000000000000e+03
7.328000000000000000e+03
7.072000000000000000e+03
7.648000000000000000e+03
7.200000000000000000e+03
7.680000000000000000e+03
7.168000000000000000e+03
7.520000000000000000e+03
7.072000000000000000e+03
6.976000000000000000e+03
7.552000000000000000e+03
7.264000000000000000e+03
7.136000000000000000e+03
8.000000000000000000e+03
7.040000000000000000e+03
6.624000000000000000e+03
7.392000000000000000e+03
6.496000000000000000e+03
6.816000000000000000e+03
6.720000000000000000e+03
6.688000000000000000e+03
7.296000000000000000e+03
7.424000000000000000e+03
6.624000000000000000e+03
6.976000000000000000e+03
7.456000000000000000e+03
6.784000000000000000e+03
7.904000000000000000e+03
6.272000000000000000e+03
6.720000000000000000e+03
6.912000000000000000e+03
6.816000000000000000e+03
7.392000000000000000e+03
6.016000000000000000e+03
6.240000000000000000e+03
6.912000000000000000e+03
5.984000000000000000e+03
5.984000000000000000e+03
5.984000000000000000e+03
6.368000000000000000e+03
