6.093900000000000000e+04
6.444400000000000000e+04
7.027800000000000000e+04
6.825800000000000000e+04
7.957200000000000000e+04
8.189900000000000000e+04
7.965600000000000000e+04
8.694800000000000000e+04
8.580500000000000000e+04
9.394100000000000000e+04
1.015990000000000000e+05
1.069900000000000000e+05
1.097130000000000000e+05
1.216950000000000000e+05
1.212770000000000000e+05
1.355340000000000000e+05
1.398010000000000000e+05
1.478470000000000000e+05
1.568260000000000000e+05
1.651240000000000000e+05
1.776150000000000000e+05
1.885690000000000000e+05
2.084880000000000000e+05
2.179650000000000000e+05
2.381930000000000000e+05
2.554170000000000000e+05
2.774520000000000000e+05
2.897980000000000000e+05
3.260890000000000000e+05
3.587360000000000000e+05
3.854070000000000000e+05
4.252700000000000000e+05
4.875990000000000000e+05
5.295000000000000000e+05
6.075660000000000000e+05
6.729980000000000000e+05
7.743280000000000000e+05
8.878210000000000000e+05
1.009283000000000000e+06
1.171433000000000000e+06
1.379794000000000000e+06
1.652324000000000000e+06
1.964168000000000000e+06
2.353683000000000000e+06
2.896560000000000000e+06
3.496575000000000000e+06
4.276992000000000000e+06
5.073378000000000000e+06
5.855865000000000000e+06
6.265714000000000000e+06
6.278978000000000000e+06
5.837350000000000000e+06
5.094390000000000000e+06
4.246922000000000000e+06
3.540655000000000000e+06
2.908461000000000000e+06
2.343492000000000000e+06
1.982695000000000000e+06
1.611915000000000000e+06
1.379937000000000000e+06
1.176592000000000000e+06
1.016703000000000000e+06
8.915220000000000000e+05
7.757890000000000000e+05
6.735070000000000000e+05
5.989790000000000000e+05
5.295900000000000000e+05
4.768520000000000000e+05
4.333130000000000000e+05
3.831430000000000000e+05
3.526450000000000000e+05
3.288470000000000000e+05
3.060820000000000000e+05
2.712260000000000000e+05
2.532190000000000000e+05
2.313470000000000000e+05
2.205980000000000000e+05
2.074940000000000000e+05
1.917300000000000000e+05
1.787970000000000000e+05
1.659790000000000000e+05
1.622070000000000000e+05
1.460770000000000000e+05
1.378480000000000000e+05
1.375640000000000000e+05
1.167770000000000000e+05
1.231940000000000000e+05
1.188990000000000000e+05
1.039280000000000000e+05
9.871400000000000000e+04
9.443100000000000000e+04
9.211800000000000000e+04
8.691200000000000000e+04
8.295700000000000000e+04
7.690000000000000000e+04
7.453000000000000000e+04
7.830100000000000000e+04
6.851200000000000000e+04
6.945900000000000000e+04
6.869700000000000000e+04
