6.492000000000000000e+03
6.484000000000000000e+03
6.168000000000000000e+03
6.584000000000000000e+03
6.532000000000000000e+03
6.516000000000000000e+03
6.504000000000000000e+03
6.704000000000000000e+03
6.816000000000000000e+03
6.640000000000000000e+03
6.240000000000000000e+03
6.616000000000000000e+03
6.604000000000000000e+03
6.780000000000000000e+03
6.492000000000000000e+03
6.684000000000000000e+03
6.656000000000000000e+03
6.876000000000000000e+03
6.776000000000000000e+03
6.620000000000000000e+03
7.200000000000000000e+03
6.924000000000000000e+03
6.780000000000000000e+03
6.904000000000000000e+03
6.832000000000000000e+03
7.020000000000000000e+03
7.028000000000000000e+03
6.956000000000000000e+03
7.088000000000000000e+03
7.208000000000000000e+03
7.264000000000000000e+03
7.228000000000000000e+03
7.280000000000000000e+03
7.228000000000000000e+03
7.512000000000000000e+03
7.340000000000000000e+03
7.508000000000000000e+03
7.136000000000000000e+03
7.108000000000000000e+03
7.192000000000000000e+03
7.168000000000000000e+03
7.508000000000000000e+03
7.480000000000000000e+03
7.484000000000000000e+03
7.632000000000000000e+03
7.720000000000000000e+03
7.604000000000000000e+03
7.760000000000000000e+03
7.816000000000000000e+03
7.996000000000000000e+03
7.936000000000000000e+03
8.020000000000000000e+03
7.688000000000000000e+03
7.808000000000000000e+03
8.016000000000000000e+03
7.980000000000000000e+03
7.724000000000000000e+03
7.988000000000000000e+03
8.108000000000000000e+03
8.084000000000000000e+03
8.148000000000000000e+03
8.400000000000000000e+03
7.856000000000000000e+03
8.300000000000000000e+03
8.448000000000000000e+03
8.280000000000000000e+03
8.656000000000000000e+03
8.720000000000000000e+03
8.528000000000000000e+03
8.132000000000000000e+03
8.512000000000000000e+03
8.460000000000000000e+03
8.848000000000000000e+03
8.600000000000000000e+03
8.420000000000000000e+03
8.736000000000000000e+03
8.764000000000000000e+03
8.664000000000000000e+03
8.696000000000000000e+03
8.900000000000000000e+03
8.868000000000000000e+03
9.516000000000000000e+03
8.984000000000000000e+03
9.028000000000000000e+03
9.220000000000000000e+03
9.132000000000000000e+03
9.000000000000000000e+03
9.296000000000000000e+03
9.664000000000000000e+03
9.092000000000000000e+03
9.504000000000000000e+03
9.576000000000000000e+03
9.504000000000000000e+03
1.004000000000000000e+04
9.408000000000000000e+03
9.320000000000000000e+03
9.568000000000000000e+03
9.576000000000000000e+03
9.436000000000000000e+03
9.716000000000000000e+03
9.956000000000000000e+03
9.988000000000000000e+03
9.600000000000000000e+03
1.014800000000000000e+04
1.034800000000000000e+04
1.026400000000000000e+04
1.034800000000000000e+04
1.019200000000000000e+04
1.054000000000000000e+04
9.976000000000000000e+03
1.041600000000000000e+04
1.036400000000000000e+04
1.045200000000000000e+04
1.077200000000000000e+04
1.080000000000000000e+04
1.027200000000000000e+04
1.111200000000000000e+04
1.059200000000000000e+04
1.071200000000000000e+04
1.060800000000000000e+04
1.120800000000000000e+04
1.099600000000000000e+04
1.066000000000000000e+04
1.074000000000000000e+04
1.139600000000000000e+04
1.132000000000000000e+04
1.096800000000000000e+04
1.143600000000000000e+04
1.137200000000000000e+04
1.137600000000000000e+04
1.124400000000000000e+04
1.131600000000000000e+04
1.150400000000000000e+04
1.129600000000000000e+04
1.151600000000000000e+04
1.176800000000000000e+04
1.227600000000000000e+04
1.192800000000000000e+04
1.176000000000000000e+04
1.190800000000000000e+04
1.206400000000000000e+04
1.224000000000000000e+04
1.210400000000000000e+04
1.235200000000000000e+04
1.259600000000000000e+04
1.205200000000000000e+04
1.251600000000000000e+04
1.205200000000000000e+04
1.312400000000000000e+04
1.266000000000000000e+04
1.250000000000000000e+04
1.293600000000000000e+04
1.266800000000000000e+04
1.322000000000000000e+04
1.332400000000000000e+04
1.301600000000000000e+04
1.289600000000000000e+04
1.331600000000000000e+04
1.272000000000000000e+04
1.354400000000000000e+04
1.334400000000000000e+04
1.325600000000000000e+04
1.357200000000000000e+04
1.393200000000000000e+04
1.350000000000000000e+04
1.418000000000000000e+04
1.388400000000000000e+04
1.452000000000000000e+04
1.387600000000000000e+04
1.454400000000000000e+04
1.426800000000000000e+04
1.446400000000000000e+04
1.452400000000000000e+04
1.448000000000000000e+04
1.445200000000000000e+04
1.484400000000000000e+04
1.468800000000000000e+04
1.514400000000000000e+04
1.540400000000000000e+04
1.529200000000000000e+04
1.527600000000000000e+04
1.489200000000000000e+04
1.522000000000000000e+04
1.578800000000000000e+04
1.579200000000000000e+04
1.563200000000000000e+04
1.548000000000000000e+04
1.610000000000000000e+04
1.563200000000000000e+04
1.602000000000000000e+04
1.609600000000000000e+04
1.629200000000000000e+04
1.600800000000000000e+04
1.602800000000000000e+04
1.661200000000000000e+04
1.672800000000000000e+04
1.698000000000000000e+04
1.654000000000000000e+04
1.713200000000000000e+04
1.710400000000000000e+04
1.721600000000000000e+04
1.749600000000000000e+04
1.763200000000000000e+04
1.781200000000000000e+04
1.733200000000000000e+04
1.807600000000000000e+04
1.796400000000000000e+04
1.859200000000000000e+04
1.818000000000000000e+04
1.832000000000000000e+04
1.843600000000000000e+04
1.836800000000000000e+04
1.860800000000000000e+04
1.866800000000000000e+04
1.861200000000000000e+04
1.918800000000000000e+04
1.972400000000000000e+04
1.910800000000000000e+04
2.014400000000000000e+04
1.959600000000000000e+04
1.953200000000000000e+04
1.994800000000000000e+04
1.986400000000000000e+04
2.019600000000000000e+04
2.063200000000000000e+04
1.997600000000000000e+04
2.050800000000000000e+04
2.070800000000000000e+04
2.118800000000000000e+04
2.115600000000000000e+04
2.090800000000000000e+04
2.191200000000000000e+04
2.157600000000000000e+04
2.138000000000000000e+04
2.202800000000000000e+04
2.207200000000000000e+04
2.196800000000000000e+04
2.223200000000000000e+04
2.252800000000000000e+04
2.233600000000000000e+04
2.319200000000000000e+04
2.292800000000000000e+04
2.303200000000000000e+04
2.333600000000000000e+04
2.346800000000000000e+04
2.396000000000000000e+04
2.441200000000000000e+04
2.402000000000000000e+04
2.423600000000000000e+04
2.458800000000000000e+04
2.402400000000000000e+04
2.523200000000000000e+04
2.454800000000000000e+04
2.488000000000000000e+04
2.538800000000000000e+04
2.584400000000000000e+04
2.570400000000000000e+04
2.668800000000000000e+04
2.647600000000000000e+04
2.650800000000000000e+04
2.667200000000000000e+04
2.662000000000000000e+04
2.707600000000000000e+04
2.758400000000000000e+04
2.719600000000000000e+04
2.744000000000000000e+04
2.720000000000000000e+04
2.824800000000000000e+04
2.852000000000000000e+04
2.841200000000000000e+04
2.855200000000000000e+04
2.865600000000000000e+04
2.887200000000000000e+04
2.966800000000000000e+04
3.006400000000000000e+04
3.048400000000000000e+04
3.004400000000000000e+04
3.029200000000000000e+04
3.119600000000000000e+04
3.049200000000000000e+04
3.144000000000000000e+04
3.198800000000000000e+04
3.137600000000000000e+04
3.249600000000000000e+04
3.233600000000000000e+04
3.356400000000000000e+04
3.319600000000000000e+04
3.386400000000000000e+04
3.355200000000000000e+04
3.373600000000000000e+04
3.437600000000000000e+04
3.447200000000000000e+04
3.523600000000000000e+04
3.547200000000000000e+04
3.612000000000000000e+04
3.606800000000000000e+04
3.667600000000000000e+04
3.628000000000000000e+04
3.662800000000000000e+04
3.668400000000000000e+04
3.754000000000000000e+04
3.810400000000000000e+04
3.817600000000000000e+04
3.848400000000000000e+04
3.896400000000000000e+04
3.920400000000000000e+04
3.868800000000000000e+04
4.040800000000000000e+04
4.052400000000000000e+04
4.021600000000000000e+04
4.190800000000000000e+04
4.206000000000000000e+04
4.223600000000000000e+04
4.217600000000000000e+04
4.288000000000000000e+04
4.323600000000000000e+04
4.420000000000000000e+04
4.422400000000000000e+04
4.461600000000000000e+04
4.522400000000000000e+04
4.645200000000000000e+04
4.690800000000000000e+04
4.656000000000000000e+04
4.818800000000000000e+04
4.802800000000000000e+04
4.812800000000000000e+04
4.810400000000000000e+04
4.976800000000000000e+04
5.060400000000000000e+04
5.030400000000000000e+04
5.035600000000000000e+04
5.092800000000000000e+04
5.218000000000000000e+04
5.256800000000000000e+04
5.209600000000000000e+04
5.391200000000000000e+04
5.413600000000000000e+04
5.442800000000000000e+04
5.596400000000000000e+04
5.671600000000000000e+04
5.624800000000000000e+04
5.808800000000000000e+04
5.857600000000000000e+04
5.911600000000000000e+04
5.944000000000000000e+04
6.006000000000000000e+04
5.969200000000000000e+04
6.232400000000000000e+04
6.151600000000000000e+04
6.345600000000000000e+04
6.337600000000000000e+04
6.582800000000000000e+04
6.577200000000000000e+04
6.512000000000000000e+04
6.849200000000000000e+04
6.837200000000000000e+04
6.899600000000000000e+04
7.041200000000000000e+04
7.026800000000000000e+04
7.115600000000000000e+04
7.248800000000000000e+04
7.368800000000000000e+04
7.544400000000000000e+04
7.511200000000000000e+04
7.634000000000000000e+04
7.763200000000000000e+04
7.799600000000000000e+04
7.815600000000000000e+04
8.034000000000000000e+04
8.154800000000000000e+04
8.318800000000000000e+04
8.407200000000000000e+04
8.340800000000000000e+04
8.680000000000000000e+04
8.739200000000000000e+04
8.954000000000000000e+04
9.089600000000000000e+04
9.184400000000000000e+04
9.344800000000000000e+04
9.318800000000000000e+04
9.509200000000000000e+04
9.677600000000000000e+04
9.782400000000000000e+04
9.887200000000000000e+04
1.008560000000000000e+05
1.021400000000000000e+05
1.028480000000000000e+05
1.057280000000000000e+05
1.061880000000000000e+05
1.080520000000000000e+05
1.107360000000000000e+05
1.120080000000000000e+05
1.131600000000000000e+05
1.153360000000000000e+05
1.171600000000000000e+05
1.192760000000000000e+05
1.209480000000000000e+05
1.214120000000000000e+05
1.242120000000000000e+05
1.253640000000000000e+05
1.282800000000000000e+05
1.295320000000000000e+05
1.327720000000000000e+05
1.340160000000000000e+05
1.376120000000000000e+05
1.403920000000000000e+05
1.415200000000000000e+05
1.437760000000000000e+05
1.452160000000000000e+05
1.477720000000000000e+05
1.522640000000000000e+05
1.537960000000000000e+05
1.564760000000000000e+05
1.603600000000000000e+05
1.631880000000000000e+05
1.640160000000000000e+05
1.664760000000000000e+05
1.715680000000000000e+05
1.744360000000000000e+05
1.762880000000000000e+05
1.809880000000000000e+05
1.845080000000000000e+05
1.867640000000000000e+05
1.903480000000000000e+05
1.952680000000000000e+05
1.980960000000000000e+05
2.013320000000000000e+05
2.048760000000000000e+05
2.087000000000000000e+05
2.124680000000000000e+05
2.162760000000000000e+05
2.213600000000000000e+05
2.268400000000000000e+05
2.304680000000000000e+05
2.361480000000000000e+05
2.381920000000000000e+05
2.433160000000000000e+05
2.501200000000000000e+05
2.546560000000000000e+05
2.569200000000000000e+05
2.634880000000000000e+05
2.680280000000000000e+05
2.751840000000000000e+05
2.808360000000000000e+05
2.835880000000000000e+05
2.900240000000000000e+05
2.968640000000000000e+05
3.033480000000000000e+05
3.096760000000000000e+05
3.157840000000000000e+05
3.213360000000000000e+05
3.267640000000000000e+05
3.331080000000000000e+05
3.420280000000000000e+05
3.493520000000000000e+05
3.575120000000000000e+05
3.608600000000000000e+05
3.662520000000000000e+05
3.769360000000000000e+05
3.839720000000000000e+05
3.941200000000000000e+05
3.973880000000000000e+05
4.079920000000000000e+05
4.148720000000000000e+05
4.236000000000000000e+05
4.333560000000000000e+05
4.364040000000000000e+05
4.491920000000000000e+05
4.567320000000000000e+05
4.654160000000000000e+05
4.741160000000000000e+05
4.816720000000000000e+05
4.893080000000000000e+05
4.974600000000000000e+05
5.051200000000000000e+05
5.147080000000000000e+05
5.212320000000000000e+05
5.308080000000000000e+05
5.377520000000000000e+05
5.463200000000000000e+05
5.517200000000000000e+05
5.572040000000000000e+05
5.686720000000000000e+05
5.757480000000000000e+05
5.813400000000000000e+05
5.872600000000000000e+05
5.924760000000000000e+05
5.989520000000000000e+05
6.042040000000000000e+05
6.104120000000000000e+05
6.157840000000000000e+05
6.182280000000000000e+05
6.219720000000000000e+05
6.252840000000000000e+05
6.279760000000000000e+05
6.326200000000000000e+05
6.339600000000000000e+05
6.352400000000000000e+05
6.362240000000000000e+05
6.380680000000000000e+05
6.380000000000000000e+05
6.347600000000000000e+05
6.336320000000000000e+05
6.334400000000000000e+05
6.320480000000000000e+05
6.272480000000000000e+05
6.260240000000000000e+05
6.213400000000000000e+05
6.187960000000000000e+05
6.160960000000000000e+05
6.109800000000000000e+05
6.052600000000000000e+05
5.979120000000000000e+05
5.919400000000000000e+05
5.874040000000000000e+05
5.838600000000000000e+05
5.745800000000000000e+05
5.689280000000000000e+05
5.608120000000000000e+05
5.530040000000000000e+05
5.429600000000000000e+05
5.390720000000000000e+05
5.314240000000000000e+05
5.200600000000000000e+05
5.121080000000000000e+05
5.069040000000000000e+05
4.960920000000000000e+05
4.867240000000000000e+05
4.796440000000000000e+05
4.718000000000000000e+05
4.637840000000000000e+05
4.577560000000000000e+05
4.478560000000000000e+05
4.401800000000000000e+05
4.303720000000000000e+05
4.206840000000000000e+05
4.155280000000000000e+05
4.085640000000000000e+05
3.981920000000000000e+05
3.908160000000000000e+05
3.850080000000000000e+05
3.755160000000000000e+05
3.690440000000000000e+05
3.617760000000000000e+05
3.534920000000000000e+05
3.477040000000000000e+05
3.406160000000000000e+05
3.342560000000000000e+05
3.274160000000000000e+05
3.200680000000000000e+05
3.145200000000000000e+05
3.085080000000000000e+05
3.025280000000000000e+05
2.968200000000000000e+05
2.905320000000000000e+05
2.871600000000000000e+05
2.803000000000000000e+05
2.730840000000000000e+05
2.696040000000000000e+05
2.644400000000000000e+05
2.568240000000000000e+05
2.543800000000000000e+05
2.468080000000000000e+05
2.419080000000000000e+05
2.375400000000000000e+05
2.347960000000000000e+05
2.289520000000000000e+05
2.262600000000000000e+05
2.219560000000000000e+05
2.177040000000000000e+05
2.122760000000000000e+05
2.117320000000000000e+05
2.059280000000000000e+05
2.002840000000000000e+05
1.986080000000000000e+05
1.947560000000000000e+05
1.904760000000000000e+05
1.863680000000000000e+05
1.842520000000000000e+05
1.800200000000000000e+05
1.783680000000000000e+05
1.718360000000000000e+05
1.707840000000000000e+05
1.669760000000000000e+05
1.632640000000000000e+05
1.607160000000000000e+05
1.603360000000000000e+05
1.568880000000000000e+05
1.533120000000000000e+05
1.524320000000000000e+05
1.492080000000000000e+05
1.465400000000000000e+05
1.431320000000000000e+05
1.414920000000000000e+05
1.407640000000000000e+05
1.367040000000000000e+05
1.334840000000000000e+05
1.329240000000000000e+05
1.315600000000000000e+05
1.279760000000000000e+05
1.252760000000000000e+05
1.236520000000000000e+05
1.216280000000000000e+05
1.201680000000000000e+05
1.172440000000000000e+05
1.177840000000000000e+05
1.153520000000000000e+05
1.127160000000000000e+05
1.110520000000000000e+05
1.101880000000000000e+05
1.082640000000000000e+05
1.058400000000000000e+05
1.038400000000000000e+05
1.033960000000000000e+05
1.014640000000000000e+05
9.995600000000000000e+04
9.943600000000000000e+04
9.781200000000000000e+04
9.565200000000000000e+04
9.541200000000000000e+04
9.323600000000000000e+04
9.221600000000000000e+04
9.118800000000000000e+04
8.922400000000000000e+04
8.906800000000000000e+04
8.717200000000000000e+04
8.556400000000000000e+04
8.547200000000000000e+04
8.320400000000000000e+04
8.144800000000000000e+04
8.236000000000000000e+04
8.066800000000000000e+04
7.913200000000000000e+04
7.937200000000000000e+04
7.661600000000000000e+04
7.584800000000000000e+04
7.534000000000000000e+04
7.476800000000000000e+04
7.292400000000000000e+04
7.201200000000000000e+04
7.207200000000000000e+04
7.087200000000000000e+04
6.977200000000000000e+04
6.886400000000000000e+04
6.795200000000000000e+04
6.678000000000000000e+04
6.754400000000000000e+04
6.542800000000000000e+04
6.448400000000000000e+04
6.349600000000000000e+04
6.381600000000000000e+04
6.239600000000000000e+04
6.149600000000000000e+04
6.084000000000000000e+04
6.043200000000000000e+04
5.899600000000000000e+04
5.919200000000000000e+04
5.843600000000000000e+04
5.779200000000000000e+04
5.706000000000000000e+04
5.581600000000000000e+04
5.540800000000000000e+04
5.502000000000000000e+04
5.374800000000000000e+04
5.395600000000000000e+04
5.267200000000000000e+04
5.294400000000000000e+04
5.164400000000000000e+04
5.205600000000000000e+04
5.160000000000000000e+04
5.000000000000000000e+04
4.925600000000000000e+04
4.882800000000000000e+04
4.808400000000000000e+04
4.870400000000000000e+04
4.817200000000000000e+04
4.812800000000000000e+04
4.720000000000000000e+04
4.575200000000000000e+04
4.611200000000000000e+04
4.509600000000000000e+04
4.486800000000000000e+04
4.438400000000000000e+04
4.358400000000000000e+04
4.378000000000000000e+04
4.324000000000000000e+04
4.240000000000000000e+04
4.277600000000000000e+04
4.227200000000000000e+04
4.132800000000000000e+04
4.112800000000000000e+04
4.076000000000000000e+04
3.998800000000000000e+04
3.926000000000000000e+04
3.987200000000000000e+04
3.919600000000000000e+04
3.813200000000000000e+04
3.821200000000000000e+04
3.826000000000000000e+04
3.867600000000000000e+04
3.704800000000000000e+04
3.699600000000000000e+04
3.634000000000000000e+04
3.596000000000000000e+04
3.520400000000000000e+04
3.551200000000000000e+04
3.558000000000000000e+04
3.436400000000000000e+04
3.392000000000000000e+04
3.435200000000000000e+04
3.333200000000000000e+04
3.370000000000000000e+04
3.338000000000000000e+04
3.280800000000000000e+04
3.324800000000000000e+04
3.223600000000000000e+04
3.186800000000000000e+04
3.199200000000000000e+04
3.132800000000000000e+04
3.131600000000000000e+04
3.116000000000000000e+04
3.071600000000000000e+04
3.001200000000000000e+04
3.078800000000000000e+04
2.951600000000000000e+04
2.978800000000000000e+04
2.919600000000000000e+04
2.944000000000000000e+04
2.975600000000000000e+04
2.895200000000000000e+04
2.814000000000000000e+04
2.829200000000000000e+04
2.861200000000000000e+04
2.809600000000000000e+04
2.756800000000000000e+04
2.670000000000000000e+04
2.752800000000000000e+04
2.750000000000000000e+04
2.686800000000000000e+04
2.627600000000000000e+04
2.606400000000000000e+04
2.638400000000000000e+04
2.560400000000000000e+04
2.619200000000000000e+04
2.598000000000000000e+04
2.517200000000000000e+04
2.503600000000000000e+04
2.480400000000000000e+04
2.530400000000000000e+04
2.501200000000000000e+04
2.444000000000000000e+04
2.438800000000000000e+04
2.379600000000000000e+04
2.354000000000000000e+04
2.332400000000000000e+04
2.381200000000000000e+04
2.321200000000000000e+04
2.302800000000000000e+04
2.272800000000000000e+04
2.245200000000000000e+04
2.242400000000000000e+04
2.213200000000000000e+04
2.214000000000000000e+04
2.195600000000000000e+04
2.199600000000000000e+04
2.250000000000000000e+04
2.218800000000000000e+04
2.171600000000000000e+04
2.115600000000000000e+04
2.147600000000000000e+04
2.081200000000000000e+04
2.127200000000000000e+04
2.084800000000000000e+04
2.054800000000000000e+04
2.046000000000000000e+04
2.030400000000000000e+04
2.028800000000000000e+04
2.040000000000000000e+04
1.989600000000000000e+04
1.966400000000000000e+04
2.030400000000000000e+04
1.948000000000000000e+04
1.880800000000000000e+04
1.960000000000000000e+04
1.896400000000000000e+04
1.846000000000000000e+04
1.907200000000000000e+04
1.824400000000000000e+04
1.869200000000000000e+04
1.806800000000000000e+04
1.782800000000000000e+04
1.793600000000000000e+04
1.811200000000000000e+04
1.806800000000000000e+04
1.791600000000000000e+04
1.768400000000000000e+04
1.793200000000000000e+04
1.746000000000000000e+04
1.712800000000000000e+04
1.735600000000000000e+04
1.774000000000000000e+04
1.733200000000000000e+04
1.668000000000000000e+04
1.670400000000000000e+04
1.674400000000000000e+04
1.654400000000000000e+04
1.686800000000000000e+04
1.618400000000000000e+04
1.635600000000000000e+04
1.625200000000000000e+04
1.568400000000000000e+04
1.527200000000000000e+04
1.569600000000000000e+04
1.597200000000000000e+04
1.602800000000000000e+04
1.543200000000000000e+04
1.580000000000000000e+04
1.533200000000000000e+04
1.508000000000000000e+04
1.470000000000000000e+04
1.484800000000000000e+04
1.541600000000000000e+04
1.456400000000000000e+04
1.450000000000000000e+04
1.482000000000000000e+04
1.470000000000000000e+04
1.466800000000000000e+04
1.486800000000000000e+04
1.394800000000000000e+04
1.438400000000000000e+04
1.420800000000000000e+04
1.416800000000000000e+04
1.432800000000000000e+04
1.370800000000000000e+04
1.391200000000000000e+04
1.379200000000000000e+04
1.392400000000000000e+04
1.383200000000000000e+04
1.362800000000000000e+04
1.349600000000000000e+04
1.328000000000000000e+04
1.336400000000000000e+04
1.321200000000000000e+04
1.372000000000000000e+04
1.294000000000000000e+04
1.314400000000000000e+04
1.364400000000000000e+04
1.286800000000000000e+04
1.285200000000000000e+04
1.275600000000000000e+04
1.264400000000000000e+04
1.244800000000000000e+04
1.260400000000000000e+04
1.254400000000000000e+04
1.190800000000000000e+04
1.251200000000000000e+04
1.226000000000000000e+04
1.249600000000000000e+04
1.242000000000000000e+04
1.206400000000000000e+04
1.177200000000000000e+04
1.199200000000000000e+04
1.162000000000000000e+04
1.194800000000000000e+04
1.200800000000000000e+04
1.179600000000000000e+04
1.167600000000000000e+04
1.133600000000000000e+04
1.136400000000000000e+04
1.189600000000000000e+04
1.137600000000000000e+04
1.126400000000000000e+04
1.096400000000000000e+04
1.093600000000000000e+04
1.122400000000000000e+04
1.134000000000000000e+04
1.119600000000000000e+04
1.096000000000000000e+04
1.116000000000000000e+04
1.138800000000000000e+04
1.095200000000000000e+04
1.082400000000000000e+04
1.054000000000000000e+04
1.052400000000000000e+04
1.096400000000000000e+04
1.053600000000000000e+04
1.050000000000000000e+04
1.059200000000000000e+04
1.030400000000000000e+04
1.067600000000000000e+04
1.008000000000000000e+04
1.036800000000000000e+04
1.026000000000000000e+04
9.936000000000000000e+03
1.016800000000000000e+04
1.003200000000000000e+04
1.033200000000000000e+04
9.864000000000000000e+03
9.440000000000000000e+03
9.724000000000000000e+03
9.588000000000000000e+03
9.752000000000000000e+03
9.532000000000000000e+03
9.596000000000000000e+03
9.428000000000000000e+03
9.576000000000000000e+03
9.716000000000000000e+03
9.608000000000000000e+03
9.376000000000000000e+03
9.616000000000000000e+03
9.444000000000000000e+03
9.360000000000000000e+03
8.916000000000000000e+03
9.296000000000000000e+03
9.072000000000000000e+03
8.948000000000000000e+03
9.068000000000000000e+03
8.968000000000000000e+03
8.844000000000000000e+03
9.036000000000000000e+03
8.628000000000000000e+03
8.360000000000000000e+03
8.744000000000000000e+03
8.572000000000000000e+03
8.600000000000000000e+03
8.708000000000000000e+03
8.720000000000000000e+03
8.364000000000000000e+03
8.552000000000000000e+03
8.280000000000000000e+03
8.444000000000000000e+03
8.712000000000000000e+03
8.408000000000000000e+03
8.696000000000000000e+03
8.184000000000000000e+03
8.172000000000000000e+03
8.164000000000000000e+03
8.200000000000000000e+03
8.784000000000000000e+03
8.212000000000000000e+03
8.340000000000000000e+03
8.352000000000000000e+03
7.724000000000000000e+03
8.172000000000000000e+03
7.972000000000000000e+03
8.168000000000000000e+03
7.780000000000000000e+03
7.940000000000000000e+03
8.044000000000000000e+03
7.484000000000000000e+03
7.388000000000000000e+03
7.720000000000000000e+03
7.608000000000000000e+03
7.680000000000000000e+03
7.492000000000000000e+03
7.704000000000000000e+03
7.688000000000000000e+03
7.368000000000000000e+03
7.520000000000000000e+03
7.644000000000000000e+03
7.136000000000000000e+03
7.584000000000000000e+03
7.348000000000000000e+03
7.284000000000000000e+03
7.340000000000000000e+03
7.476000000000000000e+03
7.348000000000000000e+03
7.452000000000000000e+03
7.144000000000000000e+03
7.284000000000000000e+03
6.952000000000000000e+03
7.096000000000000000e+03
7.156000000000000000e+03
7.276000000000000000e+03
7.272000000000000000e+03
6.728000000000000000e+03
6.616000000000000000e+03
6.840000000000000000e+03
6.948000000000000000e+03
7.020000000000000000e+03
6.688000000000000000e+03
6.900000000000000000e+03
6.860000000000000000e+03
6.564000000000000000e+03
6.604000000000000000e+03
6.740000000000000000e+03
6.568000000000000000e+03
6.752000000000000000e+03
6.752000000000000000e+03
6.292000000000000000e+03
6.388000000000000000e+03
6.308000000000000000e+03
6.280000000000000000e+03
6.596000000000000000e+03
6.424000000000000000e+03
6.428000000000000000e+03
6.504000000000000000e+03
6.432000000000000000e+03
6.176000000000000000e+03
6.220000000000000000e+03
