6.492800000000000000e+04
6.716800000000000000e+04
6.984000000000000000e+04
7.329600000000000000e+04
7.587200000000000000e+04
7.980800000000000000e+04
8.249600000000000000e+04
8.633600000000000000e+04
9.353600000000000000e+04
9.720000000000000000e+04
1.018880000000000000e+05
1.064960000000000000e+05
1.105120000000000000e+05
1.153440000000000000e+05
1.253280000000000000e+05
1.335520000000000000e+05
1.376640000000000000e+05
1.479840000000000000e+05
1.567680000000000000e+05
1.653120000000000000e+05
1.778080000000000000e+05
1.889120000000000000e+05
2.052000000000000000e+05
2.186400000000000000e+05
2.383200000000000000e+05
2.554880000000000000e+05
2.767360000000000000e+05
2.989600000000000000e+05
3.272000000000000000e+05
3.573600000000000000e+05
3.960160000000000000e+05
4.326560000000000000e+05
4.810080000000000000e+05
5.380960000000000000e+05
6.002720000000000000e+05
6.741760000000000000e+05
7.699680000000000000e+05
8.741120000000000000e+05
1.012864000000000000e+06
1.177376000000000000e+06
1.373040000000000000e+06
1.634256000000000000e+06
1.953648000000000000e+06
2.377840000000000000e+06
2.882560000000000000e+06
3.521504000000000000e+06
4.275600000000000000e+06
5.086320000000000000e+06
5.837568000000000000e+06
6.287184000000000000e+06
6.291200000000000000e+06
5.834272000000000000e+06
5.100576000000000000e+06
4.268256000000000000e+06
3.524112000000000000e+06
2.878576000000000000e+06
2.372544000000000000e+06
1.951488000000000000e+06
1.647376000000000000e+06
1.379392000000000000e+06
1.180864000000000000e+06
1.015584000000000000e+06
8.784320000000000000e+05
7.680640000000000000e+05
6.785760000000000000e+05
6.000640000000000000e+05
5.322560000000000000e+05
4.810720000000000000e+05
4.352640000000000000e+05
3.914400000000000000e+05
3.622080000000000000e+05
3.294720000000000000e+05
3.023040000000000000e+05
2.762720000000000000e+05
2.550560000000000000e+05
2.371040000000000000e+05
2.197600000000000000e+05
2.012000000000000000e+05
1.885120000000000000e+05
1.763040000000000000e+05
1.680960000000000000e+05
1.538720000000000000e+05
1.471840000000000000e+05
1.406240000000000000e+05
1.297920000000000000e+05
1.228320000000000000e+05
1.161440000000000000e+05
1.085920000000000000e+05
1.060800000000000000e+05
9.843200000000000000e+04
9.443200000000000000e+04
9.169600000000000000e+04
8.772800000000000000e+04
8.264000000000000000e+04
8.028800000000000000e+04
7.515200000000000000e+04
7.214400000000000000e+04
7.120000000000000000e+04
6.678400000000000000e+04
6.499200000000000000e+04
