6.368000000000000000e+03
6.672000000000000000e+03
6.432000000000000000e+03
6.160000000000000000e+03
5.904000000000000000e+03
6.800000000000000000e+03
6.800000000000000000e+03
6.352000000000000000e+03
5.824000000000000000e+03
6.496000000000000000e+03
6.544000000000000000e+03
6.480000000000000000e+03
7.552000000000000000e+03
6.192000000000000000e+03
6.112000000000000000e+03
6.800000000000000000e+03
6.736000000000000000e+03
6.480000000000000000e+03
7.312000000000000000e+03
6.368000000000000000e+03
6.384000000000000000e+03
6.720000000000000000e+03
6.576000000000000000e+03
6.768000000000000000e+03
6.512000000000000000e+03
6.704000000000000000e+03
7.248000000000000000e+03
7.008000000000000000e+03
7.056000000000000000e+03
7.520000000000000000e+03
7.008000000000000000e+03
6.800000000000000000e+03
7.776000000000000000e+03
6.656000000000000000e+03
7.488000000000000000e+03
7.120000000000000000e+03
7.328000000000000000e+03
7.216000000000000000e+03
6.848000000000000000e+03
7.792000000000000000e+03
7.408000000000000000e+03
7.856000000000000000e+03
6.720000000000000000e+03
7.984000000000000000e+03
8.240000000000000000e+03
7.712000000000000000e+03
7.744000000000000000e+03
7.232000000000000000e+03
6.784000000000000000e+03
7.488000000000000000e+03
7.488000000000000000e+03
7.344000000000000000e+03
8.048000000000000000e+03
6.944000000000000000e+03
8.112000000000000000e+03
8.032000000000000000e+03
8.032000000000000000e+03
8.160000000000000000e+03
8.112000000000000000e+03
8.624000000000000000e+03
8.464000000000000000e+03
8.496000000000000000e+03
8.304000000000000000e+03
7.728000000000000000e+03
8.576000000000000000e+03
8.416000000000000000e+03
8.208000000000000000e+03
8.688000000000000000e+03
8.352000000000000000e+03
8.400000000000000000e+03
8.336000000000000000e+03
8.320000000000000000e+03
8.544000000000000000e+03
8.272000000000000000e+03
8.752000000000000000e+03
8.432000000000000000e+03
8.752000000000000000e+03
8.624000000000000000e+03
8.144000000000000000e+03
9.104000000000000000e+03
8.976000000000000000e+03
8.976000000000000000e+03
9.040000000000000000e+03
9.104000000000000000e+03
9.184000000000000000e+03
9.392000000000000000e+03
9.392000000000000000e+03
8.800000000000000000e+03
9.184000000000000000e+03
9.440000000000000000e+03
9.344000000000000000e+03
8.976000000000000000e+03
9.312000000000000000e+03
9.248000000000000000e+03
9.328000000000000000e+03
9.568000000000000000e+03
9.392000000000000000e+03
9.024000000000000000e+03
1.060800000000000000e+04
1.019200000000000000e+04
9.600000000000000000e+03
1.016000000000000000e+04
1.075200000000000000e+04
1.059200000000000000e+04
1.028800000000000000e+04
1.030400000000000000e+04
1.017600000000000000e+04
9.152000000000000000e+03
1.004800000000000000e+04
9.280000000000000000e+03
1.040000000000000000e+04
1.004800000000000000e+04
9.696000000000000000e+03
1.068800000000000000e+04
1.123200000000000000e+04
1.014400000000000000e+04
1.065600000000000000e+04
1.126400000000000000e+04
1.102400000000000000e+04
1.120000000000000000e+04
1.080000000000000000e+04
1.056000000000000000e+04
1.124800000000000000e+04
1.048000000000000000e+04
1.172800000000000000e+04
1.100800000000000000e+04
1.121600000000000000e+04
1.107200000000000000e+04
1.211200000000000000e+04
1.057600000000000000e+04
1.172800000000000000e+04
1.163200000000000000e+04
1.203200000000000000e+04
1.166400000000000000e+04
1.126400000000000000e+04
1.193600000000000000e+04
1.112000000000000000e+04
1.179200000000000000e+04
1.150400000000000000e+04
1.232000000000000000e+04
1.206400000000000000e+04
1.292800000000000000e+04
1.217600000000000000e+04
1.212800000000000000e+04
1.192000000000000000e+04
1.326400000000000000e+04
1.268800000000000000e+04
1.152000000000000000e+04
1.209600000000000000e+04
1.275200000000000000e+04
1.200000000000000000e+04
1.252800000000000000e+04
1.203200000000000000e+04
1.312000000000000000e+04
1.260800000000000000e+04
1.294400000000000000e+04
1.252800000000000000e+04
1.324800000000000000e+04
1.412800000000000000e+04
1.347200000000000000e+04
1.292800000000000000e+04
1.336000000000000000e+04
1.384000000000000000e+04
1.356800000000000000e+04
1.404800000000000000e+04
1.416000000000000000e+04
1.382400000000000000e+04
1.436800000000000000e+04
1.356800000000000000e+04
1.425600000000000000e+04
1.374400000000000000e+04
1.540800000000000000e+04
1.561600000000000000e+04
1.404800000000000000e+04
1.464000000000000000e+04
1.444800000000000000e+04
1.480000000000000000e+04
1.513600000000000000e+04
1.419200000000000000e+04
1.427200000000000000e+04
1.558400000000000000e+04
1.590400000000000000e+04
1.564800000000000000e+04
1.646400000000000000e+04
1.497600000000000000e+04
1.644800000000000000e+04
1.500800000000000000e+04
1.651200000000000000e+04
1.625600000000000000e+04
1.563200000000000000e+04
1.648000000000000000e+04
1.624000000000000000e+04
1.656000000000000000e+04
1.577600000000000000e+04
1.656000000000000000e+04
1.691200000000000000e+04
1.603200000000000000e+04
1.651200000000000000e+04
1.788800000000000000e+04
1.803200000000000000e+04
1.734400000000000000e+04
1.643200000000000000e+04
1.721600000000000000e+04
1.792000000000000000e+04
1.774400000000000000e+04
1.824000000000000000e+04
1.827200000000000000e+04
1.780800000000000000e+04
1.731200000000000000e+04
1.790400000000000000e+04
1.908800000000000000e+04
1.817600000000000000e+04
1.801600000000000000e+04
1.876800000000000000e+04
1.976000000000000000e+04
1.888000000000000000e+04
1.852800000000000000e+04
1.854400000000000000e+04
1.968000000000000000e+04
1.982400000000000000e+04
1.995200000000000000e+04
1.971200000000000000e+04
1.913600000000000000e+04
1.923200000000000000e+04
1.998400000000000000e+04
1.992000000000000000e+04
2.120000000000000000e+04
2.052800000000000000e+04
2.035200000000000000e+04
2.123200000000000000e+04
2.128000000000000000e+04
2.131200000000000000e+04
2.286400000000000000e+04
2.152000000000000000e+04
2.256000000000000000e+04
2.137600000000000000e+04
2.308800000000000000e+04
2.268800000000000000e+04
2.174400000000000000e+04
2.286400000000000000e+04
2.228800000000000000e+04
2.222400000000000000e+04
2.376000000000000000e+04
2.288000000000000000e+04
2.345600000000000000e+04
2.448000000000000000e+04
2.368000000000000000e+04
2.446400000000000000e+04
2.476800000000000000e+04
2.427200000000000000e+04
2.558400000000000000e+04
2.396800000000000000e+04
2.462400000000000000e+04
2.483200000000000000e+04
2.457600000000000000e+04
2.558400000000000000e+04
2.489600000000000000e+04
2.678400000000000000e+04
2.662400000000000000e+04
2.672000000000000000e+04
2.756800000000000000e+04
2.665600000000000000e+04
2.776000000000000000e+04
2.752000000000000000e+04
2.793600000000000000e+04
2.668800000000000000e+04
2.872000000000000000e+04
2.688000000000000000e+04
2.766400000000000000e+04
2.902400000000000000e+04
2.966400000000000000e+04
2.852800000000000000e+04
2.972800000000000000e+04
2.888000000000000000e+04
3.016000000000000000e+04
3.019200000000000000e+04
3.115200000000000000e+04
3.040000000000000000e+04
3.115200000000000000e+04
3.041600000000000000e+04
3.067200000000000000e+04
3.068800000000000000e+04
3.275200000000000000e+04
3.195200000000000000e+04
3.289600000000000000e+04
3.390400000000000000e+04
3.224000000000000000e+04
3.310400000000000000e+04
3.400000000000000000e+04
3.260800000000000000e+04
3.392000000000000000e+04
3.363200000000000000e+04
3.364800000000000000e+04
3.620800000000000000e+04
3.512000000000000000e+04
3.672000000000000000e+04
3.612800000000000000e+04
3.680000000000000000e+04
3.785600000000000000e+04
3.710400000000000000e+04
3.772800000000000000e+04
3.739200000000000000e+04
3.809600000000000000e+04
3.848000000000000000e+04
3.916800000000000000e+04
3.836800000000000000e+04
3.796800000000000000e+04
3.864000000000000000e+04
3.952000000000000000e+04
4.211200000000000000e+04
4.169600000000000000e+04
4.200000000000000000e+04
4.153600000000000000e+04
4.342400000000000000e+04
4.345600000000000000e+04
4.406400000000000000e+04
4.305600000000000000e+04
4.467200000000000000e+04
4.601600000000000000e+04
4.476800000000000000e+04
4.609600000000000000e+04
4.753600000000000000e+04
4.664000000000000000e+04
4.678400000000000000e+04
4.835200000000000000e+04
4.760000000000000000e+04
4.934400000000000000e+04
5.006400000000000000e+04
4.892800000000000000e+04
5.086400000000000000e+04
5.105600000000000000e+04
5.152000000000000000e+04
5.225600000000000000e+04
5.369600000000000000e+04
5.280000000000000000e+04
5.339200000000000000e+04
5.473600000000000000e+04
5.465600000000000000e+04
5.582400000000000000e+04
5.582400000000000000e+04
5.720000000000000000e+04
5.872000000000000000e+04
5.870400000000000000e+04
5.923200000000000000e+04
6.000000000000000000e+04
5.972800000000000000e+04
6.166400000000000000e+04
6.300800000000000000e+04
6.267200000000000000e+04
6.276800000000000000e+04
6.420800000000000000e+04
6.593600000000000000e+04
6.350400000000000000e+04
6.721600000000000000e+04
6.688000000000000000e+04
6.763200000000000000e+04
6.824000000000000000e+04
7.011200000000000000e+04
7.088000000000000000e+04
7.192000000000000000e+04
7.182400000000000000e+04
7.211200000000000000e+04
7.486400000000000000e+04
7.313600000000000000e+04
7.628800000000000000e+04
7.676800000000000000e+04
7.664000000000000000e+04
7.744000000000000000e+04
7.923200000000000000e+04
8.313600000000000000e+04
8.201600000000000000e+04
8.273600000000000000e+04
8.456000000000000000e+04
8.691200000000000000e+04
8.547200000000000000e+04
9.036800000000000000e+04
9.328000000000000000e+04
9.089600000000000000e+04
9.155200000000000000e+04
9.531200000000000000e+04
9.460800000000000000e+04
9.390400000000000000e+04
9.584000000000000000e+04
9.912000000000000000e+04
9.878400000000000000e+04
1.005920000000000000e+05
1.046080000000000000e+05
1.050080000000000000e+05
1.064800000000000000e+05
1.098880000000000000e+05
1.083200000000000000e+05
1.113920000000000000e+05
1.148160000000000000e+05
1.141280000000000000e+05
1.148800000000000000e+05
1.189280000000000000e+05
1.216800000000000000e+05
1.209440000000000000e+05
1.229760000000000000e+05
1.273120000000000000e+05
1.289120000000000000e+05
1.293920000000000000e+05
1.324960000000000000e+05
1.338240000000000000e+05
1.393920000000000000e+05
1.405920000000000000e+05
1.416800000000000000e+05
1.466400000000000000e+05
1.455520000000000000e+05
1.504800000000000000e+05
1.507040000000000000e+05
1.543680000000000000e+05
1.532480000000000000e+05
1.617120000000000000e+05
1.641440000000000000e+05
1.660320000000000000e+05
1.701760000000000000e+05
1.722560000000000000e+05
1.760320000000000000e+05
1.770880000000000000e+05
1.804000000000000000e+05
1.856960000000000000e+05
1.854080000000000000e+05
1.897920000000000000e+05
1.968000000000000000e+05
1.928960000000000000e+05
2.039040000000000000e+05
2.069920000000000000e+05
2.107200000000000000e+05
2.120480000000000000e+05
2.167680000000000000e+05
2.191360000000000000e+05
2.247680000000000000e+05
2.334400000000000000e+05
2.332640000000000000e+05
2.396000000000000000e+05
2.464160000000000000e+05
2.516320000000000000e+05
2.553280000000000000e+05
2.553920000000000000e+05
2.625600000000000000e+05
2.688800000000000000e+05
2.751040000000000000e+05
2.791040000000000000e+05
2.828320000000000000e+05
2.898560000000000000e+05
2.948640000000000000e+05
3.019200000000000000e+05
3.085920000000000000e+05
3.131840000000000000e+05
3.242720000000000000e+05
3.236960000000000000e+05
3.353760000000000000e+05
3.411840000000000000e+05
3.453920000000000000e+05
3.556800000000000000e+05
3.617760000000000000e+05
3.676960000000000000e+05
3.774240000000000000e+05
3.896000000000000000e+05
3.928640000000000000e+05
3.990720000000000000e+05
4.079680000000000000e+05
4.138880000000000000e+05
4.203840000000000000e+05
4.344960000000000000e+05
4.395840000000000000e+05
4.492320000000000000e+05
4.562880000000000000e+05
4.627360000000000000e+05
4.679840000000000000e+05
4.768480000000000000e+05
4.875840000000000000e+05
4.970880000000000000e+05
5.046720000000000000e+05
5.138880000000000000e+05
5.262560000000000000e+05
5.296640000000000000e+05
5.356480000000000000e+05
5.442720000000000000e+05
5.531840000000000000e+05
5.572800000000000000e+05
5.643040000000000000e+05
5.719520000000000000e+05
5.837120000000000000e+05
5.889600000000000000e+05
5.989600000000000000e+05
5.959840000000000000e+05
6.060320000000000000e+05
6.083840000000000000e+05
6.155200000000000000e+05
6.165600000000000000e+05
6.214560000000000000e+05
6.284320000000000000e+05
6.287520000000000000e+05
6.303040000000000000e+05
6.367840000000000000e+05
6.361600000000000000e+05
6.346400000000000000e+05
6.331360000000000000e+05
6.366720000000000000e+05
6.314400000000000000e+05
6.350560000000000000e+05
6.288960000000000000e+05
6.327040000000000000e+05
6.220960000000000000e+05
6.227040000000000000e+05
6.276800000000000000e+05
6.156320000000000000e+05
6.175360000000000000e+05
6.111360000000000000e+05
6.062720000000000000e+05
6.020320000000000000e+05
5.987040000000000000e+05
5.880320000000000000e+05
5.821600000000000000e+05
5.726720000000000000e+05
5.718720000000000000e+05
5.611840000000000000e+05
5.520000000000000000e+05
5.459040000000000000e+05
5.385120000000000000e+05
5.327040000000000000e+05
5.230240000000000000e+05
5.161600000000000000e+05
5.035680000000000000e+05
4.965120000000000000e+05
4.927200000000000000e+05
4.834560000000000000e+05
4.710720000000000000e+05
4.658560000000000000e+05
4.553600000000000000e+05
4.462720000000000000e+05
4.449280000000000000e+05
4.282560000000000000e+05
4.206720000000000000e+05
4.150400000000000000e+05
4.064480000000000000e+05
4.031200000000000000e+05
3.926400000000000000e+05
3.849600000000000000e+05
3.733440000000000000e+05
3.671840000000000000e+05
3.617280000000000000e+05
3.533760000000000000e+05
3.489120000000000000e+05
3.413120000000000000e+05
3.308160000000000000e+05
3.316640000000000000e+05
3.234720000000000000e+05
3.184160000000000000e+05
3.123040000000000000e+05
2.979520000000000000e+05
2.960160000000000000e+05
2.894400000000000000e+05
2.825920000000000000e+05
2.783040000000000000e+05
2.765280000000000000e+05
2.708160000000000000e+05
2.610720000000000000e+05
2.584160000000000000e+05
2.547520000000000000e+05
2.528960000000000000e+05
2.436480000000000000e+05
2.344640000000000000e+05
2.341760000000000000e+05
2.280800000000000000e+05
2.262240000000000000e+05
2.218880000000000000e+05
2.156800000000000000e+05
2.149760000000000000e+05
2.110080000000000000e+05
2.066400000000000000e+05
1.992800000000000000e+05
1.982720000000000000e+05
1.908000000000000000e+05
1.908000000000000000e+05
1.854240000000000000e+05
1.833440000000000000e+05
1.822560000000000000e+05
1.787360000000000000e+05
1.725120000000000000e+05
1.728640000000000000e+05
1.686720000000000000e+05
1.649600000000000000e+05
1.648160000000000000e+05
1.613760000000000000e+05
1.551680000000000000e+05
1.539840000000000000e+05
1.537280000000000000e+05
1.499680000000000000e+05
1.478080000000000000e+05
1.440160000000000000e+05
1.425440000000000000e+05
1.396480000000000000e+05
1.369920000000000000e+05
1.342400000000000000e+05
1.321600000000000000e+05
1.289760000000000000e+05
1.303520000000000000e+05
1.287200000000000000e+05
1.245760000000000000e+05
1.192800000000000000e+05
1.188320000000000000e+05
1.184480000000000000e+05
1.179680000000000000e+05
1.156960000000000000e+05
1.160640000000000000e+05
1.112480000000000000e+05
1.097760000000000000e+05
1.090080000000000000e+05
1.059360000000000000e+05
1.044000000000000000e+05
1.029760000000000000e+05
1.010240000000000000e+05
9.910400000000000000e+04
1.008320000000000000e+05
1.004960000000000000e+05
9.619200000000000000e+04
9.683200000000000000e+04
9.340800000000000000e+04
9.286400000000000000e+04
9.147200000000000000e+04
9.078400000000000000e+04
8.763200000000000000e+04
8.675200000000000000e+04
8.539200000000000000e+04
8.497600000000000000e+04
8.352000000000000000e+04
8.136000000000000000e+04
8.027200000000000000e+04
8.056000000000000000e+04
7.644800000000000000e+04
7.886400000000000000e+04
7.569600000000000000e+04
7.387200000000000000e+04
7.648000000000000000e+04
7.489600000000000000e+04
7.459200000000000000e+04
7.292800000000000000e+04
7.307200000000000000e+04
7.003200000000000000e+04
7.027200000000000000e+04
6.825600000000000000e+04
6.899200000000000000e+04
6.844800000000000000e+04
6.561600000000000000e+04
6.668800000000000000e+04
6.428800000000000000e+04
6.377600000000000000e+04
6.416000000000000000e+04
6.252800000000000000e+04
6.123200000000000000e+04
6.200000000000000000e+04
6.182400000000000000e+04
6.075200000000000000e+04
5.940800000000000000e+04
5.977600000000000000e+04
5.680000000000000000e+04
5.604800000000000000e+04
5.707200000000000000e+04
5.569600000000000000e+04
5.532800000000000000e+04
5.524800000000000000e+04
5.401600000000000000e+04
5.444800000000000000e+04
5.369600000000000000e+04
5.124800000000000000e+04
5.188800000000000000e+04
5.024000000000000000e+04
4.800000000000000000e+04
5.060800000000000000e+04
4.864000000000000000e+04
4.771200000000000000e+04
4.748800000000000000e+04
4.776000000000000000e+04
4.697600000000000000e+04
4.566400000000000000e+04
4.702400000000000000e+04
4.604800000000000000e+04
4.468800000000000000e+04
4.320000000000000000e+04
4.419200000000000000e+04
4.273600000000000000e+04
4.320000000000000000e+04
4.196800000000000000e+04
4.142400000000000000e+04
4.142400000000000000e+04
4.172800000000000000e+04
4.033600000000000000e+04
4.088000000000000000e+04
4.028800000000000000e+04
4.140800000000000000e+04
4.121600000000000000e+04
4.001600000000000000e+04
4.030400000000000000e+04
3.843200000000000000e+04
3.761600000000000000e+04
4.020800000000000000e+04
3.780800000000000000e+04
3.660800000000000000e+04
3.739200000000000000e+04
3.582400000000000000e+04
3.704000000000000000e+04
3.598400000000000000e+04
3.657600000000000000e+04
3.529600000000000000e+04
3.448000000000000000e+04
3.497600000000000000e+04
3.404800000000000000e+04
3.465600000000000000e+04
3.265600000000000000e+04
3.268800000000000000e+04
3.451200000000000000e+04
3.260800000000000000e+04
3.276800000000000000e+04
3.252800000000000000e+04
3.072000000000000000e+04
3.108800000000000000e+04
3.179200000000000000e+04
3.041600000000000000e+04
3.193600000000000000e+04
3.043200000000000000e+04
2.990400000000000000e+04
3.078400000000000000e+04
2.900800000000000000e+04
3.022400000000000000e+04
2.891200000000000000e+04
2.891200000000000000e+04
2.756800000000000000e+04
2.916800000000000000e+04
2.811200000000000000e+04
2.740800000000000000e+04
2.936000000000000000e+04
2.737600000000000000e+04
2.668800000000000000e+04
2.737600000000000000e+04
2.782400000000000000e+04
2.691200000000000000e+04
2.593600000000000000e+04
2.721600000000000000e+04
2.641600000000000000e+04
2.606400000000000000e+04
2.577600000000000000e+04
2.512000000000000000e+04
2.571200000000000000e+04
2.553600000000000000e+04
2.528000000000000000e+04
2.420800000000000000e+04
2.521600000000000000e+04
2.340800000000000000e+04
2.416000000000000000e+04
2.296000000000000000e+04
2.408000000000000000e+04
2.344000000000000000e+04
2.192000000000000000e+04
2.353600000000000000e+04
2.292800000000000000e+04
2.361600000000000000e+04
2.304000000000000000e+04
2.286400000000000000e+04
2.206400000000000000e+04
2.216000000000000000e+04
2.228800000000000000e+04
2.118400000000000000e+04
2.113600000000000000e+04
2.091200000000000000e+04
2.128000000000000000e+04
2.163200000000000000e+04
2.174400000000000000e+04
2.156800000000000000e+04
2.032000000000000000e+04
2.022400000000000000e+04
2.089600000000000000e+04
2.065600000000000000e+04
2.025600000000000000e+04
2.059200000000000000e+04
2.011200000000000000e+04
2.016000000000000000e+04
2.009600000000000000e+04
1.968000000000000000e+04
2.004800000000000000e+04
1.944000000000000000e+04
1.915200000000000000e+04
1.982400000000000000e+04
1.915200000000000000e+04
1.763200000000000000e+04
1.801600000000000000e+04
1.883200000000000000e+04
1.827200000000000000e+04
1.782400000000000000e+04
1.884800000000000000e+04
1.792000000000000000e+04
1.766400000000000000e+04
1.755200000000000000e+04
1.785600000000000000e+04
1.804800000000000000e+04
1.793600000000000000e+04
1.731200000000000000e+04
1.771200000000000000e+04
1.700800000000000000e+04
1.683200000000000000e+04
1.672000000000000000e+04
1.692800000000000000e+04
1.731200000000000000e+04
1.720000000000000000e+04
1.635200000000000000e+04
1.596800000000000000e+04
1.590400000000000000e+04
1.635200000000000000e+04
1.592000000000000000e+04
1.598400000000000000e+04
1.440000000000000000e+04
1.488000000000000000e+04
1.576000000000000000e+04
1.504000000000000000e+04
1.601600000000000000e+04
1.572800000000000000e+04
1.537600000000000000e+04
1.435200000000000000e+04
1.500800000000000000e+04
1.515200000000000000e+04
1.536000000000000000e+04
1.494400000000000000e+04
1.427200000000000000e+04
1.456000000000000000e+04
1.459200000000000000e+04
1.374400000000000000e+04
1.457600000000000000e+04
1.464000000000000000e+04
1.305600000000000000e+04
1.462400000000000000e+04
1.462400000000000000e+04
1.316800000000000000e+04
1.316800000000000000e+04
1.395200000000000000e+04
1.398400000000000000e+04
1.280000000000000000e+04
1.409600000000000000e+04
1.473600000000000000e+04
1.297600000000000000e+04
1.350400000000000000e+04
1.332800000000000000e+04
1.356800000000000000e+04
1.396800000000000000e+04
1.310400000000000000e+04
1.305600000000000000e+04
1.304000000000000000e+04
1.276800000000000000e+04
1.273600000000000000e+04
1.275200000000000000e+04
1.297600000000000000e+04
1.228800000000000000e+04
1.208000000000000000e+04
1.220800000000000000e+04
1.168000000000000000e+04
1.240000000000000000e+04
1.190400000000000000e+04
1.222400000000000000e+04
1.169600000000000000e+04
1.155200000000000000e+04
1.180800000000000000e+04
1.174400000000000000e+04
1.198400000000000000e+04
1.121600000000000000e+04
1.126400000000000000e+04
1.115200000000000000e+04
1.224000000000000000e+04
1.248000000000000000e+04
1.104000000000000000e+04
1.128000000000000000e+04
1.163200000000000000e+04
1.121600000000000000e+04
1.070400000000000000e+04
1.080000000000000000e+04
1.086400000000000000e+04
1.099200000000000000e+04
1.108800000000000000e+04
1.108800000000000000e+04
1.080000000000000000e+04
1.081600000000000000e+04
1.078400000000000000e+04
1.123200000000000000e+04
1.104000000000000000e+04
1.030400000000000000e+04
1.001600000000000000e+04
9.744000000000000000e+03
9.648000000000000000e+03
9.792000000000000000e+03
1.072000000000000000e+04
1.033600000000000000e+04
9.568000000000000000e+03
9.888000000000000000e+03
9.888000000000000000e+03
1.003200000000000000e+04
1.032000000000000000e+04
1.089600000000000000e+04
1.073600000000000000e+04
9.360000000000000000e+03
1.003200000000000000e+04
9.680000000000000000e+03
9.552000000000000000e+03
1.008000000000000000e+04
9.312000000000000000e+03
1.017600000000000000e+04
1.032000000000000000e+04
1.012800000000000000e+04
9.424000000000000000e+03
9.232000000000000000e+03
8.800000000000000000e+03
9.328000000000000000e+03
9.248000000000000000e+03
8.640000000000000000e+03
9.664000000000000000e+03
8.896000000000000000e+03
8.464000000000000000e+03
9.264000000000000000e+03
9.360000000000000000e+03
8.832000000000000000e+03
9.024000000000000000e+03
8.640000000000000000e+03
8.336000000000000000e+03
8.944000000000000000e+03
9.136000000000000000e+03
8.320000000000000000e+03
8.976000000000000000e+03
8.096000000000000000e+03
8.416000000000000000e+03
8.800000000000000000e+03
9.200000000000000000e+03
8.352000000000000000e+03
8.224000000000000000e+03
8.768000000000000000e+03
8.368000000000000000e+03
7.968000000000000000e+03
8.144000000000000000e+03
8.848000000000000000e+03
7.728000000000000000e+03
7.920000000000000000e+03
8.336000000000000000e+03
7.904000000000000000e+03
8.528000000000000000e+03
7.856000000000000000e+03
8.160000000000000000e+03
7.776000000000000000e+03
7.904000000000000000e+03
7.984000000000000000e+03
8.240000000000000000e+03
7.632000000000000000e+03
7.184000000000000000e+03
7.504000000000000000e+03
7.936000000000000000e+03
7.536000000000000000e+03
7.536000000000000000e+03
7.584000000000000000e+03
8.096000000000000000e+03
7.280000000000000000e+03
7.472000000000000000e+03
7.600000000000000000e+03
7.744000000000000000e+03
7.424000000000000000e+03
8.304000000000000000e+03
7.088000000000000000e+03
7.200000000000000000e+03
7.216000000000000000e+03
7.552000000000000000e+03
7.024000000000000000e+03
7.488000000000000000e+03
7.760000000000000000e+03
7.296000000000000000e+03
7.216000000000000000e+03
7.392000000000000000e+03
7.632000000000000000e+03
6.688000000000000000e+03
7.264000000000000000e+03
7.456000000000000000e+03
6.912000000000000000e+03
7.376000000000000000e+03
6.736000000000000000e+03
7.376000000000000000e+03
6.736000000000000000e+03
6.352000000000000000e+03
6.880000000000000000e+03
6.640000000000000000e+03
6.512000000000000000e+03
6.768000000000000000e+03
7.136000000000000000e+03
6.688000000000000000e+03
6.832000000000000000e+03
6.384000000000000000e+03
6.096000000000000000e+03
6.240000000000000000e+03
6.656000000000000000e+03
6.192000000000000000e+03
6.800000000000000000e+03
6.480000000000000000e+03
6.304000000000000000e+03
6.208000000000000000e+03
6.800000000000000000e+03
6.512000000000000000e+03
