6.441600000000000000e+04
6.640000000000000000e+04
6.951600000000000000e+04
7.361600000000000000e+04
7.638800000000000000e+04
7.935600000000000000e+04
8.353200000000000000e+04
8.698400000000000000e+04
9.258000000000000000e+04
9.567200000000000000e+04
1.004840000000000000e+05
1.052920000000000000e+05
1.124320000000000000e+05
1.181560000000000000e+05
1.237080000000000000e+05
1.316680000000000000e+05
1.396800000000000000e+05
1.482720000000000000e+05
1.575840000000000000e+05
1.675640000000000000e+05
1.784160000000000000e+05
1.882720000000000000e+05
2.038000000000000000e+05
2.180920000000000000e+05
2.355520000000000000e+05
2.560000000000000000e+05
2.757040000000000000e+05
2.979800000000000000e+05
3.264120000000000000e+05
3.572360000000000000e+05
3.927920000000000000e+05
4.343080000000000000e+05
4.810800000000000000e+05
5.353680000000000000e+05
6.017000000000000000e+05
6.763000000000000000e+05
7.690480000000000000e+05
8.793360000000000000e+05
1.013200000000000000e+06
1.178840000000000000e+06
1.383052000000000000e+06
1.640592000000000000e+06
1.964580000000000000e+06
2.375776000000000000e+06
2.889204000000000000e+06
3.523984000000000000e+06
4.269896000000000000e+06
5.090144000000000000e+06
5.824584000000000000e+06
6.277800000000000000e+06
6.275508000000000000e+06
5.823980000000000000e+06
5.089676000000000000e+06
4.276828000000000000e+06
3.523208000000000000e+06
2.886640000000000000e+06
2.369184000000000000e+06
1.964700000000000000e+06
1.641716000000000000e+06
1.383356000000000000e+06
1.178316000000000000e+06
1.012080000000000000e+06
8.803880000000000000e+05
7.660760000000000000e+05
6.773000000000000000e+05
6.007720000000000000e+05
5.361920000000000000e+05
4.821440000000000000e+05
4.314480000000000000e+05
3.922160000000000000e+05
3.558240000000000000e+05
3.275480000000000000e+05
3.005760000000000000e+05
2.780280000000000000e+05
2.538280000000000000e+05
2.361880000000000000e+05
2.188720000000000000e+05
2.037640000000000000e+05
1.902800000000000000e+05
1.757440000000000000e+05
1.656040000000000000e+05
1.580360000000000000e+05
1.463920000000000000e+05
1.385840000000000000e+05
1.304960000000000000e+05
1.237360000000000000e+05
1.180680000000000000e+05
1.103440000000000000e+05
1.065320000000000000e+05
1.006520000000000000e+05
9.574400000000000000e+04
9.065200000000000000e+04
8.630000000000000000e+04
8.395200000000000000e+04
7.980800000000000000e+04
7.526800000000000000e+04
7.226400000000000000e+04
6.970000000000000000e+04
6.758800000000000000e+04
6.399600000000000000e+04
