7.203000000000000000e+03
6.691000000000000000e+03
7.375000000000000000e+03
4.629000000000000000e+03
8.364000000000000000e+03
4.457000000000000000e+03
5.909000000000000000e+03
5.611000000000000000e+03
5.646000000000000000e+03
6.179000000000000000e+03
6.372000000000000000e+03
8.848000000000000000e+03
6.123000000000000000e+03
9.388000000000000000e+03
5.211000000000000000e+03
5.951000000000000000e+03
6.614000000000000000e+03
5.411000000000000000e+03
8.648000000000000000e+03
4.997000000000000000e+03
7.687000000000000000e+03
7.210000000000000000e+03
6.912000000000000000e+03
7.126000000000000000e+03
7.701000000000000000e+03
8.911000000000000000e+03
7.161000000000000000e+03
6.151000000000000000e+03
9.465000000000000000e+03
7.666000000000000000e+03
8.648000000000000000e+03
5.418000000000000000e+03
6.961000000000000000e+03
8.967000000000000000e+03
7.929000000000000000e+03
7.715000000000000000e+03
5.702000000000000000e+03
8.129000000000000000e+03
7.652000000000000000e+03
6.649000000000000000e+03
6.705000000000000000e+03
9.083000000000000000e+03
7.908000000000000000e+03
1.011400000000000000e+04
7.915000000000000000e+03
4.934000000000000000e+03
7.161000000000000000e+03
9.707000000000000000e+03
7.645000000000000000e+03
4.706000000000000000e+03
8.122000000000000000e+03
6.186000000000000000e+03
9.139000000000000000e+03
7.231000000000000000e+03
9.409000000000000000e+03
8.434000000000000000e+03
9.188000000000000000e+03
8.939000000000000000e+03
1.039800000000000000e+04
1.044000000000000000e+04
8.255000000000000000e+03
1.194800000000000000e+04
8.932000000000000000e+03
6.947000000000000000e+03
9.465000000000000000e+03
9.956000000000000000e+03
9.700000000000000000e+03
7.750000000000000000e+03
7.673000000000000000e+03
8.897000000000000000e+03
8.283000000000000000e+03
8.469000000000000000e+03
5.267000000000000000e+03
9.991000000000000000e+03
5.723000000000000000e+03
8.781000000000000000e+03
7.196000000000000000e+03
9.037000000000000000e+03
7.238000000000000000e+03
1.191300000000000000e+04
9.451000000000000000e+03
8.676000000000000000e+03
9.679000000000000000e+03
7.217000000000000000e+03
8.988000000000000000e+03
8.455000000000000000e+03
1.197600000000000000e+04
6.961000000000000000e+03
7.694000000000000000e+03
9.514000000000000000e+03
8.220000000000000000e+03
1.172000000000000000e+04
7.052000000000000000e+03
1.243900000000000000e+04
8.711000000000000000e+03
7.687000000000000000e+03
8.420000000000000000e+03
8.974000000000000000e+03
1.024000000000000000e+04
1.016300000000000000e+04
6.484000000000000000e+03
1.070300000000000000e+04
1.047500000000000000e+04
8.760000000000000000e+03
1.053100000000000000e+04
1.124300000000000000e+04
9.784000000000000000e+03
1.125000000000000000e+04
9.458000000000000000e+03
9.942000000000000000e+03
1.007500000000000000e+04
9.679000000000000000e+03
1.381700000000000000e+04
9.528000000000000000e+03
1.241800000000000000e+04
1.181800000000000000e+04
1.120800000000000000e+04
1.196900000000000000e+04
1.021200000000000000e+04
1.028200000000000000e+04
1.102900000000000000e+04
9.935000000000000000e+03
1.111700000000000000e+04
1.079400000000000000e+04
1.295800000000000000e+04
1.072400000000000000e+04
1.021200000000000000e+04
1.324200000000000000e+04
1.198300000000000000e+04
1.322100000000000000e+04
1.075200000000000000e+04
1.049600000000000000e+04
1.080800000000000000e+04
9.977000000000000000e+03
1.028900000000000000e+04
1.374700000000000000e+04
1.302800000000000000e+04
1.134100000000000000e+04
1.492900000000000000e+04
1.302800000000000000e+04
1.347700000000000000e+04
9.556000000000000000e+03
1.151300000000000000e+04
1.381000000000000000e+04
1.227400000000000000e+04
1.746100000000000000e+04
1.280000000000000000e+04
1.273700000000000000e+04
1.362400000000000000e+04
1.257200000000000000e+04
1.457800000000000000e+04
1.580900000000000000e+04
1.404500000000000000e+04
1.157600000000000000e+04
1.354000000000000000e+04
1.309800000000000000e+04
1.226000000000000000e+04
1.262800000000000000e+04
1.177600000000000000e+04
1.491100000000000000e+04
1.278600000000000000e+04
1.430100000000000000e+04
1.737300000000000000e+04
1.427300000000000000e+04
1.340300000000000000e+04
1.661200000000000000e+04
1.489700000000000000e+04
1.213700000000000000e+04
1.304200000000000000e+04
1.532500000000000000e+04
1.388700000000000000e+04
1.560200000000000000e+04
1.200000000000000000e+04
1.324900000000000000e+04
1.493900000000000000e+04
1.566500000000000000e+04
1.407300000000000000e+04
1.230200000000000000e+04
1.686800000000000000e+04
1.461300000000000000e+04
1.411500000000000000e+04
2.037500000000000000e+04
1.617700000000000000e+04
1.531100000000000000e+04
1.269100000000000000e+04
1.428000000000000000e+04
1.408700000000000000e+04
1.735200000000000000e+04
1.316800000000000000e+04
1.190900000000000000e+04
1.754500000000000000e+04
1.724700000000000000e+04
1.836200000000000000e+04
1.809900000000000000e+04
1.814800000000000000e+04
1.941400000000000000e+04
1.764300000000000000e+04
1.653800000000000000e+04
1.540200000000000000e+04
1.594200000000000000e+04
1.740800000000000000e+04
1.893700000000000000e+04
1.787800000000000000e+04
1.675900000000000000e+04
1.635600000000000000e+04
1.690300000000000000e+04
1.571400000000000000e+04
1.601200000000000000e+04
1.796200000000000000e+04
1.991200000000000000e+04
1.851600000000000000e+04
1.825300000000000000e+04
1.603300000000000000e+04
1.999600000000000000e+04
1.779700000000000000e+04
1.722900000000000000e+04
2.165500000000000000e+04
2.373800000000000000e+04
1.593500000000000000e+04
1.823900000000000000e+04
2.044500000000000000e+04
1.972600000000000000e+04
1.897200000000000000e+04
1.745000000000000000e+04
2.246500000000000000e+04
2.244400000000000000e+04
2.095000000000000000e+04
2.201600000000000000e+04
2.155300000000000000e+04
1.940000000000000000e+04
1.901400000000000000e+04
2.700300000000000000e+04
2.694700000000000000e+04
2.203000000000000000e+04
2.133200000000000000e+04
2.075000000000000000e+04
2.425000000000000000e+04
2.182300000000000000e+04
2.616500000000000000e+04
2.174600000000000000e+04
2.230700000000000000e+04
2.207200000000000000e+04
2.028000000000000000e+04
2.621400000000000000e+04
2.220500000000000000e+04
2.338700000000000000e+04
2.405000000000000000e+04
2.475500000000000000e+04
2.640700000000000000e+04
2.209300000000000000e+04
2.230000000000000000e+04
2.349600000000000000e+04
2.285400000000000000e+04
2.230000000000000000e+04
2.157400000000000000e+04
2.683800000000000000e+04
2.546300000000000000e+04
2.160200000000000000e+04
2.278400000000000000e+04
2.654700000000000000e+04
2.889300000000000000e+04
2.608400000000000000e+04
2.814600000000000000e+04
2.638200000000000000e+04
2.523500000000000000e+04
2.897700000000000000e+04
3.112700000000000000e+04
2.649400000000000000e+04
2.534400000000000000e+04
3.012400000000000000e+04
3.268400000000000000e+04
2.523500000000000000e+04
3.146000000000000000e+04
2.685900000000000000e+04
2.944700000000000000e+04
3.004000000000000000e+04
3.412200000000000000e+04
3.124600000000000000e+04
2.994500000000000000e+04
2.852800000000000000e+04
3.072700000000000000e+04
3.426200000000000000e+04
3.377100000000000000e+04
3.330100000000000000e+04
3.343100000000000000e+04
2.904700000000000000e+04
3.655200000000000000e+04
2.775300000000000000e+04
3.577000000000000000e+04
3.048500000000000000e+04
3.544400000000000000e+04
3.512800000000000000e+04
2.998700000000000000e+04
3.809500000000000000e+04
3.577700000000000000e+04
4.079900000000000000e+04
4.281900000000000000e+04
3.309400000000000000e+04
3.389700000000000000e+04
3.401300000000000000e+04
3.932600000000000000e+04
4.207900000000000000e+04
4.027600000000000000e+04
3.268700000000000000e+04
4.435500000000000000e+04
3.547500000000000000e+04
4.423200000000000000e+04
3.832600000000000000e+04
4.462500000000000000e+04
4.256300000000000000e+04
4.607300000000000000e+04
4.269600000000000000e+04
4.224700000000000000e+04
4.209300000000000000e+04
4.278000000000000000e+04
4.811100000000000000e+04
4.244000000000000000e+04
4.549800000000000000e+04
3.945200000000000000e+04
4.365300000000000000e+04
4.717400000000000000e+04
4.970600000000000000e+04
4.180500000000000000e+04
4.287800000000000000e+04
4.707200000000000000e+04
5.030600000000000000e+04
5.084600000000000000e+04
4.726500000000000000e+04
5.050200000000000000e+04
4.949200000000000000e+04
4.898000000000000000e+04
4.856600000000000000e+04
5.827400000000000000e+04
5.201000000000000000e+04
5.997800000000000000e+04
4.913100000000000000e+04
5.215700000000000000e+04
5.861000000000000000e+04
5.634100000000000000e+04
5.444000000000000000e+04
5.649900000000000000e+04
6.009000000000000000e+04
5.353200000000000000e+04
5.896400000000000000e+04
6.335500000000000000e+04
6.789300000000000000e+04
5.926200000000000000e+04
6.266400000000000000e+04
6.323200000000000000e+04
6.065100000000000000e+04
5.810800000000000000e+04
6.396500000000000000e+04
5.880600000000000000e+04
7.175800000000000000e+04
6.405600000000000000e+04
7.333200000000000000e+04
6.806100000000000000e+04
6.873400000000000000e+04
7.746000000000000000e+04
6.949200000000000000e+04
6.829200000000000000e+04
7.120700000000000000e+04
6.632100000000000000e+04
6.965300000000000000e+04
8.344600000000000000e+04
7.676500000000000000e+04
6.751700000000000000e+04
7.889700000000000000e+04
7.953200000000000000e+04
7.842700000000000000e+04
8.496800000000000000e+04
8.072400000000000000e+04
8.019800000000000000e+04
8.446200000000000000e+04
8.899700000000000000e+04
8.569000000000000000e+04
8.787100000000000000e+04
8.628600000000000000e+04
9.817100000000000000e+04
8.748800000000000000e+04
8.785700000000000000e+04
9.445300000000000000e+04
1.050900000000000000e+05
1.031680000000000000e+05
1.011830000000000000e+05
1.060440000000000000e+05
1.026910000000000000e+05
1.088560000000000000e+05
1.121740000000000000e+05
1.102200000000000000e+05
1.046090000000000000e+05
1.144150000000000000e+05
1.041040000000000000e+05
1.062600000000000000e+05
1.239320000000000000e+05
1.268470000000000000e+05
1.226030000000000000e+05
1.199270000000000000e+05
1.244650000000000000e+05
1.408180000000000000e+05
1.263380000000000000e+05
1.415790000000000000e+05
1.369710000000000000e+05
1.349860000000000000e+05
1.360170000000000000e+05
1.455030000000000000e+05
1.419960000000000000e+05
1.480030000000000000e+05
1.482980000000000000e+05
1.450470000000000000e+05
1.557990000000000000e+05
1.715460000000000000e+05
1.673480000000000000e+05
1.430710000000000000e+05
1.582080000000000000e+05
1.613080000000000000e+05
1.683710000000000000e+05
1.649870000000000000e+05
1.808940000000000000e+05
1.813700000000000000e+05
1.772470000000000000e+05
1.895880000000000000e+05
1.746050000000000000e+05
1.859710000000000000e+05
1.812470000000000000e+05
2.006590000000000000e+05
2.027210000000000000e+05
2.025910000000000000e+05
2.116910000000000000e+05
2.008190000000000000e+05
2.212960000000000000e+05
2.192630000000000000e+05
2.218290000000000000e+05
2.388520000000000000e+05
2.477740000000000000e+05
2.479810000000000000e+05
2.472300000000000000e+05
2.457030000000000000e+05
2.467840000000000000e+05
2.521530000000000000e+05
2.600530000000000000e+05
2.499530000000000000e+05
2.750070000000000000e+05
2.687330000000000000e+05
2.751780000000000000e+05
2.952800000000000000e+05
3.129280000000000000e+05
3.251150000000000000e+05
3.154590000000000000e+05
3.056400000000000000e+05
3.272770000000000000e+05
3.277000000000000000e+05
3.448610000000000000e+05
3.255120000000000000e+05
3.338650000000000000e+05
3.352920000000000000e+05
3.645930000000000000e+05
3.643610000000000000e+05
3.695160000000000000e+05
3.736330000000000000e+05
3.884040000000000000e+05
3.950430000000000000e+05
4.260620000000000000e+05
4.052120000000000000e+05
4.297000000000000000e+05
4.327530000000000000e+05
4.425820000000000000e+05
4.500720000000000000e+05
4.571220000000000000e+05
4.580860000000000000e+05
4.767100000000000000e+05
4.995620000000000000e+05
5.020860000000000000e+05
5.143890000000000000e+05
5.037100000000000000e+05
5.069420000000000000e+05
5.375630000000000000e+05
5.333080000000000000e+05
5.230810000000000000e+05
5.292560000000000000e+05
5.461730000000000000e+05
5.524970000000000000e+05
5.859680000000000000e+05
5.772300000000000000e+05
5.790370000000000000e+05
5.704240000000000000e+05
5.832400000000000000e+05
6.033960000000000000e+05
6.134540000000000000e+05
6.176830000000000000e+05
6.421930000000000000e+05
6.315430000000000000e+05
6.351510000000000000e+05
6.374830000000000000e+05
6.629260000000000000e+05
6.281170000000000000e+05
6.437700000000000000e+05
6.396890000000000000e+05
6.196830000000000000e+05
6.262250000000000000e+05
6.313910000000000000e+05
6.395230000000000000e+05
6.413580000000000000e+05
6.258770000000000000e+05
6.389660000000000000e+05
6.519420000000000000e+05
6.425540000000000000e+05
6.215750000000000000e+05
6.057970000000000000e+05
6.125070000000000000e+05
6.084350000000000000e+05
6.048440000000000000e+05
5.914820000000000000e+05
5.689880000000000000e+05
5.953340000000000000e+05
5.815910000000000000e+05
5.775400000000000000e+05
5.731460000000000000e+05
5.731390000000000000e+05
5.480540000000000000e+05
5.493590000000000000e+05
5.418850000000000000e+05
5.140900000000000000e+05
5.136650000000000000e+05
4.906590000000000000e+05
5.252420000000000000e+05
4.987730000000000000e+05
4.712360000000000000e+05
5.021220000000000000e+05
4.636230000000000000e+05
4.820460000000000000e+05
4.348930000000000000e+05
4.498740000000000000e+05
4.392130000000000000e+05
4.274530000000000000e+05
4.125340000000000000e+05
4.268230000000000000e+05
4.085650000000000000e+05
3.928190000000000000e+05
3.796580000000000000e+05
3.836070000000000000e+05
3.833510000000000000e+05
3.827490000000000000e+05
3.673670000000000000e+05
3.543460000000000000e+05
3.506040000000000000e+05
3.401780000000000000e+05
3.267860000000000000e+05
3.297140000000000000e+05
3.187230000000000000e+05
3.153600000000000000e+05
3.007650000000000000e+05
3.070460000000000000e+05
2.900720000000000000e+05
3.007900000000000000e+05
2.767350000000000000e+05
2.793100000000000000e+05
2.693470000000000000e+05
2.555050000000000000e+05
2.617790000000000000e+05
2.502760000000000000e+05
2.678820000000000000e+05
2.309540000000000000e+05
2.298560000000000000e+05
2.478120000000000000e+05
2.314940000000000000e+05
2.297480000000000000e+05
2.360890000000000000e+05
2.289420000000000000e+05
2.130090000000000000e+05
2.058790000000000000e+05
2.151240000000000000e+05
2.168510000000000000e+05
2.025380000000000000e+05
2.037090000000000000e+05
1.926380000000000000e+05
1.971200000000000000e+05
1.796030000000000000e+05
1.777300000000000000e+05
1.752690000000000000e+05
1.878000000000000000e+05
1.738100000000000000e+05
1.763490000000000000e+05
1.684790000000000000e+05
1.692050000000000000e+05
1.610560000000000000e+05
1.582360000000000000e+05
1.512610000000000000e+05
1.603510000000000000e+05
1.490060000000000000e+05
1.506330000000000000e+05
1.479540000000000000e+05
1.350170000000000000e+05
1.449670000000000000e+05
1.426940000000000000e+05
1.490310000000000000e+05
1.283440000000000000e+05
1.349540000000000000e+05
1.329760000000000000e+05
1.197760000000000000e+05
1.244890000000000000e+05
1.185800000000000000e+05
1.204600000000000000e+05
1.170550000000000000e+05
1.204880000000000000e+05
1.237500000000000000e+05
1.182370000000000000e+05
1.099780000000000000e+05
1.114060000000000000e+05
1.035570000000000000e+05
1.057490000000000000e+05
1.086180000000000000e+05
9.845800000000000000e+04
1.014880000000000000e+05
1.016600000000000000e+05
1.019230000000000000e+05
9.809400000000000000e+04
9.624200000000000000e+04
9.943000000000000000e+04
9.350300000000000000e+04
9.562500000000000000e+04
9.605300000000000000e+04
8.879700000000000000e+04
8.741900000000000000e+04
9.196000000000000000e+04
7.721300000000000000e+04
9.050900000000000000e+04
8.747100000000000000e+04
8.579200000000000000e+04
8.418900000000000000e+04
7.792200000000000000e+04
8.165700000000000000e+04
7.877800000000000000e+04
8.166800000000000000e+04
7.733700000000000000e+04
7.478700000000000000e+04
7.539700000000000000e+04
6.822200000000000000e+04
6.900400000000000000e+04
7.655100000000000000e+04
7.000000000000000000e+04
6.647200000000000000e+04
6.680900000000000000e+04
7.201000000000000000e+04
6.688200000000000000e+04
6.456400000000000000e+04
6.379600000000000000e+04
6.557800000000000000e+04
6.488700000000000000e+04
6.258300000000000000e+04
5.978100000000000000e+04
6.254500000000000000e+04
6.103700000000000000e+04
6.019800000000000000e+04
5.792600000000000000e+04
5.544000000000000000e+04
5.675100000000000000e+04
5.288300000000000000e+04
5.833700000000000000e+04
6.144400000000000000e+04
5.497700000000000000e+04
5.627800000000000000e+04
5.635500000000000000e+04
5.688800000000000000e+04
4.968500000000000000e+04
5.844900000000000000e+04
5.176800000000000000e+04
5.797200000000000000e+04
5.262000000000000000e+04
5.234000000000000000e+04
5.228700000000000000e+04
4.789300000000000000e+04
5.180000000000000000e+04
4.611500000000000000e+04
4.596100000000000000e+04
5.434600000000000000e+04
4.701300000000000000e+04
4.922600000000000000e+04
5.143500000000000000e+04
4.896600000000000000e+04
4.428800000000000000e+04
4.640600000000000000e+04
4.645500000000000000e+04
4.032500000000000000e+04
3.919600000000000000e+04
3.891200000000000000e+04
3.906600000000000000e+04
4.560700000000000000e+04
3.821100000000000000e+04
4.485300000000000000e+04
4.060200000000000000e+04
4.017100000000000000e+04
4.326800000000000000e+04
4.369200000000000000e+04
3.981700000000000000e+04
4.090400000000000000e+04
3.693400000000000000e+04
4.213500000000000000e+04
3.592400000000000000e+04
4.300500000000000000e+04
3.370400000000000000e+04
3.579800000000000000e+04
4.056400000000000000e+04
3.398500000000000000e+04
3.541900000000000000e+04
3.216100000000000000e+04
3.278200000000000000e+04
3.386200000000000000e+04
3.230100000000000000e+04
3.445100000000000000e+04
3.572800000000000000e+04
3.060400000000000000e+04
3.048500000000000000e+04
3.200300000000000000e+04
2.596800000000000000e+04
3.649600000000000000e+04
3.276800000000000000e+04
3.657300000000000000e+04
3.063900000000000000e+04
3.197900000000000000e+04
2.842300000000000000e+04
3.086400000000000000e+04
2.983600000000000000e+04
3.601900000000000000e+04
3.154400000000000000e+04
2.877700000000000000e+04
3.101100000000000000e+04
2.785500000000000000e+04
2.986100000000000000e+04
2.937000000000000000e+04
2.894200000000000000e+04
2.567700000000000000e+04
3.429400000000000000e+04
2.828300000000000000e+04
2.488800000000000000e+04
2.818100000000000000e+04
2.858100000000000000e+04
2.214200000000000000e+04
2.464600000000000000e+04
2.347800000000000000e+04
2.614700000000000000e+04
2.733600000000000000e+04
2.947200000000000000e+04
2.831800000000000000e+04
2.576500000000000000e+04
2.411300000000000000e+04
2.412700000000000000e+04
2.508100000000000000e+04
2.764800000000000000e+04
2.955600000000000000e+04
2.245800000000000000e+04
2.757100000000000000e+04
2.256300000000000000e+04
1.911900000000000000e+04
2.116700000000000000e+04
2.410600000000000000e+04
2.381500000000000000e+04
2.086200000000000000e+04
2.382200000000000000e+04
2.398000000000000000e+04
2.505300000000000000e+04
1.964900000000000000e+04
1.935400000000000000e+04
1.669600000000000000e+04
1.727800000000000000e+04
2.247200000000000000e+04
2.167600000000000000e+04
2.258400000000000000e+04
2.028000000000000000e+04
2.441500000000000000e+04
2.003800000000000000e+04
2.260500000000000000e+04
2.100600000000000000e+04
1.913300000000000000e+04
2.146900000000000000e+04
2.077100000000000000e+04
1.909800000000000000e+04
2.048700000000000000e+04
1.680800000000000000e+04
1.816900000000000000e+04
2.040300000000000000e+04
1.989100000000000000e+04
1.812700000000000000e+04
1.939300000000000000e+04
1.986300000000000000e+04
1.776900000000000000e+04
1.850900000000000000e+04
1.552100000000000000e+04
1.889500000000000000e+04
1.682600000000000000e+04
1.667500000000000000e+04
1.392200000000000000e+04
1.844600000000000000e+04
1.696600000000000000e+04
1.818300000000000000e+04
1.898600000000000000e+04
2.068000000000000000e+04
1.847400000000000000e+04
1.693100000000000000e+04
1.516700000000000000e+04
1.976100000000000000e+04
1.624400000000000000e+04
1.698700000000000000e+04
1.718000000000000000e+04
1.121100000000000000e+04
1.890200000000000000e+04
1.612800000000000000e+04
1.710300000000000000e+04
1.715200000000000000e+04
1.554600000000000000e+04
1.658400000000000000e+04
1.503400000000000000e+04
1.513900000000000000e+04
1.658400000000000000e+04
1.614900000000000000e+04
1.628600000000000000e+04
1.306300000000000000e+04
1.713100000000000000e+04
1.583000000000000000e+04
1.264200000000000000e+04
1.590700000000000000e+04
1.287700000000000000e+04
1.738700000000000000e+04
1.531800000000000000e+04
1.591400000000000000e+04
1.311200000000000000e+04
1.511800000000000000e+04
1.809200000000000000e+04
1.621600000000000000e+04
1.605100000000000000e+04
1.314700000000000000e+04
1.353300000000000000e+04
1.165300000000000000e+04
1.182500000000000000e+04
9.398000000000000000e+03
1.465500000000000000e+04
1.707500000000000000e+04
1.403100000000000000e+04
1.430800000000000000e+04
1.376800000000000000e+04
1.426600000000000000e+04
1.423800000000000000e+04
1.285600000000000000e+04
1.379600000000000000e+04
1.111300000000000000e+04
1.551100000000000000e+04
1.258600000000000000e+04
1.329800000000000000e+04
1.349800000000000000e+04
1.271600000000000000e+04
1.281400000000000000e+04
1.109200000000000000e+04
1.299300000000000000e+04
1.106400000000000000e+04
1.072400000000000000e+04
1.461300000000000000e+04
1.231600000000000000e+04
1.082900000000000000e+04
1.208800000000000000e+04
1.586500000000000000e+04
1.495000000000000000e+04
1.327700000000000000e+04
1.079400000000000000e+04
1.181800000000000000e+04
9.142000000000000000e+03
1.300000000000000000e+04
1.297200000000000000e+04
1.102200000000000000e+04
1.127100000000000000e+04
9.472000000000000000e+03
1.194800000000000000e+04
1.244600000000000000e+04
1.450100000000000000e+04
1.004000000000000000e+04
1.026100000000000000e+04
1.174800000000000000e+04
1.156200000000000000e+04
9.875000000000000000e+03
9.044000000000000000e+03
9.286000000000000000e+03
9.970000000000000000e+03
1.173400000000000000e+04
8.553000000000000000e+03
1.194100000000000000e+04
1.150600000000000000e+04
1.004700000000000000e+04
9.977000000000000000e+03
8.318000000000000000e+03
1.139000000000000000e+04
1.101500000000000000e+04
1.125700000000000000e+04
9.258000000000000000e+03
9.251000000000000000e+03
1.125700000000000000e+04
6.768000000000000000e+03
9.763000000000000000e+03
8.718000000000000000e+03
6.817000000000000000e+03
8.518000000000000000e+03
8.013000000000000000e+03
8.746000000000000000e+03
8.823000000000000000e+03
1.207800000000000000e+04
8.441000000000000000e+03
7.224000000000000000e+03
7.459000000000000000e+03
1.150600000000000000e+04
1.196900000000000000e+04
8.988000000000000000e+03
1.102900000000000000e+04
9.444000000000000000e+03
9.237000000000000000e+03
1.117300000000000000e+04
9.721000000000000000e+03
8.511000000000000000e+03
1.022600000000000000e+04
7.203000000000000000e+03
9.707000000000000000e+03
9.458000000000000000e+03
8.476000000000000000e+03
1.218300000000000000e+04
1.042600000000000000e+04
9.430000000000000000e+03
8.497000000000000000e+03
6.996000000000000000e+03
7.175000000000000000e+03
7.957000000000000000e+03
8.760000000000000000e+03
9.451000000000000000e+03
9.188000000000000000e+03
7.010000000000000000e+03
7.957000000000000000e+03
9.181000000000000000e+03
7.487000000000000000e+03
7.950000000000000000e+03
6.456000000000000000e+03
6.649000000000000000e+03
8.178000000000000000e+03
5.965000000000000000e+03
6.898000000000000000e+03
5.993000000000000000e+03
7.459000000000000000e+03
6.726000000000000000e+03
6.996000000000000000e+03
1.049600000000000000e+04
8.192000000000000000e+03
7.722000000000000000e+03
6.484000000000000000e+03
7.508000000000000000e+03
6.491000000000000000e+03
8.946000000000000000e+03
6.926000000000000000e+03
9.735000000000000000e+03
9.139000000000000000e+03
8.115000000000000000e+03
5.453000000000000000e+03
1.061900000000000000e+04
7.126000000000000000e+03
6.628000000000000000e+03
6.905000000000000000e+03
7.287000000000000000e+03
1.065400000000000000e+04
8.434000000000000000e+03
7.368000000000000000e+03
6.656000000000000000e+03
6.926000000000000000e+03
8.122000000000000000e+03
6.635000000000000000e+03
6.614000000000000000e+03
6.179000000000000000e+03
7.673000000000000000e+03
6.428000000000000000e+03
6.940000000000000000e+03
6.263000000000000000e+03
5.944000000000000000e+03
4.464000000000000000e+03
6.891000000000000000e+03
8.192000000000000000e+03
6.400000000000000000e+03
8.185000000000000000e+03
7.880000000000000000e+03
6.684000000000000000e+03
6.165000000000000000e+03
7.361000000000000000e+03
6.109000000000000000e+03
5.134000000000000000e+03
5.204000000000000000e+03
6.428000000000000000e+03
7.908000000000000000e+03
7.119000000000000000e+03
5.930000000000000000e+03
5.113000000000000000e+03
6.863000000000000000e+03
5.916000000000000000e+03
5.874000000000000000e+03
4.622000000000000000e+03
5.667000000000000000e+03
7.098000000000000000e+03
5.674000000000000000e+03
6.386000000000000000e+03
