6.320000000000000000e+03
6.296000000000000000e+03
6.200000000000000000e+03
6.008000000000000000e+03
6.648000000000000000e+03
6.848000000000000000e+03
6.648000000000000000e+03
6.224000000000000000e+03
6.240000000000000000e+03
6.048000000000000000e+03
6.872000000000000000e+03
6.712000000000000000e+03
6.784000000000000000e+03
6.816000000000000000e+03
6.768000000000000000e+03
6.856000000000000000e+03
6.256000000000000000e+03
6.656000000000000000e+03
6.864000000000000000e+03
6.976000000000000000e+03
6.696000000000000000e+03
6.888000000000000000e+03
6.616000000000000000e+03
6.888000000000000000e+03
6.832000000000000000e+03
7.224000000000000000e+03
6.960000000000000000e+03
6.856000000000000000e+03
6.584000000000000000e+03
7.016000000000000000e+03
7.600000000000000000e+03
7.000000000000000000e+03
6.984000000000000000e+03
6.920000000000000000e+03
7.248000000000000000e+03
7.264000000000000000e+03
7.256000000000000000e+03
7.744000000000000000e+03
7.568000000000000000e+03
7.200000000000000000e+03
7.256000000000000000e+03
7.456000000000000000e+03
7.904000000000000000e+03
7.672000000000000000e+03
7.784000000000000000e+03
7.624000000000000000e+03
8.096000000000000000e+03
7.904000000000000000e+03
7.848000000000000000e+03
7.704000000000000000e+03
8.144000000000000000e+03
7.960000000000000000e+03
7.808000000000000000e+03
7.400000000000000000e+03
7.648000000000000000e+03
8.024000000000000000e+03
7.912000000000000000e+03
7.960000000000000000e+03
7.776000000000000000e+03
8.248000000000000000e+03
8.576000000000000000e+03
8.320000000000000000e+03
8.320000000000000000e+03
8.024000000000000000e+03
8.384000000000000000e+03
8.248000000000000000e+03
7.960000000000000000e+03
8.080000000000000000e+03
8.232000000000000000e+03
8.664000000000000000e+03
8.648000000000000000e+03
8.424000000000000000e+03
8.680000000000000000e+03
8.448000000000000000e+03
8.752000000000000000e+03
8.584000000000000000e+03
8.528000000000000000e+03
9.000000000000000000e+03
8.936000000000000000e+03
8.744000000000000000e+03
9.112000000000000000e+03
9.096000000000000000e+03
8.928000000000000000e+03
8.928000000000000000e+03
8.888000000000000000e+03
8.968000000000000000e+03
9.200000000000000000e+03
9.432000000000000000e+03
8.592000000000000000e+03
8.616000000000000000e+03
8.960000000000000000e+03
8.792000000000000000e+03
9.360000000000000000e+03
9.248000000000000000e+03
9.256000000000000000e+03
9.656000000000000000e+03
9.152000000000000000e+03
9.880000000000000000e+03
9.600000000000000000e+03
1.005600000000000000e+04
9.616000000000000000e+03
9.896000000000000000e+03
1.006400000000000000e+04
9.760000000000000000e+03
9.984000000000000000e+03
1.044000000000000000e+04
1.025600000000000000e+04
1.012000000000000000e+04
9.992000000000000000e+03
1.044000000000000000e+04
1.064000000000000000e+04
1.010400000000000000e+04
1.023200000000000000e+04
1.021600000000000000e+04
1.074400000000000000e+04
1.044000000000000000e+04
1.069600000000000000e+04
1.008000000000000000e+04
1.054400000000000000e+04
1.114400000000000000e+04
1.088000000000000000e+04
1.094400000000000000e+04
1.088000000000000000e+04
1.084800000000000000e+04
1.106400000000000000e+04
1.148000000000000000e+04
1.112000000000000000e+04
1.127200000000000000e+04
1.133600000000000000e+04
1.162400000000000000e+04
1.154400000000000000e+04
1.162400000000000000e+04
1.136000000000000000e+04
1.159200000000000000e+04
1.232800000000000000e+04
1.229600000000000000e+04
1.249600000000000000e+04
1.144000000000000000e+04
1.188800000000000000e+04
1.177600000000000000e+04
1.239200000000000000e+04
1.251200000000000000e+04
1.219200000000000000e+04
1.300000000000000000e+04
1.216800000000000000e+04
1.300000000000000000e+04
1.271200000000000000e+04
1.232000000000000000e+04
1.240000000000000000e+04
1.286400000000000000e+04
1.344000000000000000e+04
1.235200000000000000e+04
1.236000000000000000e+04
1.320800000000000000e+04
1.301600000000000000e+04
1.319200000000000000e+04
1.367200000000000000e+04
1.356000000000000000e+04
1.308000000000000000e+04
1.352800000000000000e+04
1.338400000000000000e+04
1.341600000000000000e+04
1.376000000000000000e+04
1.381600000000000000e+04
1.432000000000000000e+04
1.428000000000000000e+04
1.428000000000000000e+04
1.376800000000000000e+04
1.459200000000000000e+04
1.388800000000000000e+04
1.413600000000000000e+04
1.457600000000000000e+04
1.462400000000000000e+04
1.448000000000000000e+04
1.526400000000000000e+04
1.460000000000000000e+04
1.464000000000000000e+04
1.495200000000000000e+04
1.535200000000000000e+04
1.492000000000000000e+04
1.492800000000000000e+04
1.533600000000000000e+04
1.513600000000000000e+04
1.591200000000000000e+04
1.571200000000000000e+04
1.566400000000000000e+04
1.645600000000000000e+04
1.635200000000000000e+04
1.616000000000000000e+04
1.624000000000000000e+04
1.587200000000000000e+04
1.620000000000000000e+04
1.607200000000000000e+04
1.653600000000000000e+04
1.720800000000000000e+04
1.710400000000000000e+04
1.644000000000000000e+04
1.736800000000000000e+04
1.729600000000000000e+04
1.756000000000000000e+04
1.779200000000000000e+04
1.721600000000000000e+04
1.653600000000000000e+04
1.768800000000000000e+04
1.805600000000000000e+04
1.783200000000000000e+04
1.816800000000000000e+04
1.824000000000000000e+04
1.806400000000000000e+04
1.764800000000000000e+04
1.820800000000000000e+04
1.827200000000000000e+04
1.836800000000000000e+04
1.856800000000000000e+04
1.906400000000000000e+04
1.889600000000000000e+04
1.851200000000000000e+04
1.913600000000000000e+04
1.941600000000000000e+04
2.025600000000000000e+04
2.009600000000000000e+04
1.967200000000000000e+04
2.019200000000000000e+04
1.994400000000000000e+04
2.059200000000000000e+04
2.083200000000000000e+04
2.091200000000000000e+04
2.077600000000000000e+04
2.143200000000000000e+04
2.036800000000000000e+04
2.101600000000000000e+04
2.147200000000000000e+04
2.153600000000000000e+04
2.261600000000000000e+04
2.196000000000000000e+04
2.276000000000000000e+04
2.271200000000000000e+04
2.152000000000000000e+04
2.272000000000000000e+04
2.265600000000000000e+04
2.304800000000000000e+04
2.329600000000000000e+04
2.356000000000000000e+04
2.294400000000000000e+04
2.286400000000000000e+04
2.431200000000000000e+04
2.329600000000000000e+04
2.336800000000000000e+04
2.360800000000000000e+04
2.470400000000000000e+04
2.428000000000000000e+04
2.408800000000000000e+04
2.487200000000000000e+04
2.535200000000000000e+04
2.555200000000000000e+04
2.510400000000000000e+04
2.606400000000000000e+04
2.534400000000000000e+04
2.599200000000000000e+04
2.677600000000000000e+04
2.619200000000000000e+04
2.641600000000000000e+04
2.708800000000000000e+04
2.743200000000000000e+04
2.756800000000000000e+04
2.620800000000000000e+04
2.752800000000000000e+04
2.746400000000000000e+04
2.843200000000000000e+04
2.876800000000000000e+04
2.834400000000000000e+04
2.876000000000000000e+04
2.953600000000000000e+04
2.911200000000000000e+04
2.995200000000000000e+04
2.962400000000000000e+04
2.983200000000000000e+04
3.047200000000000000e+04
3.054400000000000000e+04
3.147200000000000000e+04
3.251200000000000000e+04
3.195200000000000000e+04
3.099200000000000000e+04
3.184000000000000000e+04
3.204000000000000000e+04
3.308800000000000000e+04
3.242400000000000000e+04
3.331200000000000000e+04
3.408000000000000000e+04
3.306400000000000000e+04
3.328000000000000000e+04
3.430400000000000000e+04
3.560800000000000000e+04
3.525600000000000000e+04
3.537600000000000000e+04
3.616000000000000000e+04
3.666400000000000000e+04
3.652800000000000000e+04
3.668800000000000000e+04
3.792000000000000000e+04
3.746400000000000000e+04
3.816000000000000000e+04
3.826400000000000000e+04
3.824000000000000000e+04
3.941600000000000000e+04
4.008000000000000000e+04
3.976000000000000000e+04
3.941600000000000000e+04
4.109600000000000000e+04
4.071200000000000000e+04
4.149600000000000000e+04
4.208800000000000000e+04
4.236800000000000000e+04
4.178400000000000000e+04
4.305600000000000000e+04
4.292800000000000000e+04
4.283200000000000000e+04
4.476000000000000000e+04
4.514400000000000000e+04
4.508000000000000000e+04
4.528000000000000000e+04
4.632000000000000000e+04
4.672000000000000000e+04
4.682400000000000000e+04
4.896000000000000000e+04
4.917600000000000000e+04
4.915200000000000000e+04
4.906400000000000000e+04
5.032000000000000000e+04
5.018400000000000000e+04
5.169600000000000000e+04
5.196800000000000000e+04
5.122400000000000000e+04
5.272800000000000000e+04
5.340800000000000000e+04
5.470400000000000000e+04
5.428800000000000000e+04
5.578400000000000000e+04
5.484000000000000000e+04
5.644800000000000000e+04
5.696800000000000000e+04
5.872000000000000000e+04
5.868800000000000000e+04
5.963200000000000000e+04
5.960000000000000000e+04
6.073600000000000000e+04
6.169600000000000000e+04
6.192800000000000000e+04
6.164800000000000000e+04
6.343200000000000000e+04
6.435200000000000000e+04
6.396000000000000000e+04
6.720000000000000000e+04
6.712800000000000000e+04
6.764000000000000000e+04
6.924800000000000000e+04
6.900000000000000000e+04
7.024800000000000000e+04
7.019200000000000000e+04
7.121600000000000000e+04
7.185600000000000000e+04
7.257600000000000000e+04
7.474400000000000000e+04
7.424800000000000000e+04
7.603200000000000000e+04
7.585600000000000000e+04
7.785600000000000000e+04
7.919200000000000000e+04
8.116800000000000000e+04
8.136000000000000000e+04
8.277600000000000000e+04
8.429600000000000000e+04
8.427200000000000000e+04
8.534400000000000000e+04
8.659200000000000000e+04
8.904000000000000000e+04
8.801600000000000000e+04
8.961600000000000000e+04
9.362400000000000000e+04
9.429600000000000000e+04
9.498400000000000000e+04
9.670400000000000000e+04
9.678400000000000000e+04
9.940800000000000000e+04
9.985600000000000000e+04
1.015680000000000000e+05
1.031680000000000000e+05
1.035840000000000000e+05
1.065600000000000000e+05
1.080080000000000000e+05
1.103440000000000000e+05
1.123280000000000000e+05
1.136320000000000000e+05
1.136240000000000000e+05
1.180080000000000000e+05
1.201680000000000000e+05
1.204240000000000000e+05
1.219280000000000000e+05
1.252880000000000000e+05
1.258880000000000000e+05
1.277280000000000000e+05
1.295040000000000000e+05
1.320800000000000000e+05
1.346640000000000000e+05
1.389760000000000000e+05
1.394480000000000000e+05
1.429520000000000000e+05
1.430960000000000000e+05
1.468720000000000000e+05
1.493760000000000000e+05
1.528720000000000000e+05
1.533680000000000000e+05
1.572080000000000000e+05
1.606160000000000000e+05
1.624400000000000000e+05
1.652800000000000000e+05
1.684960000000000000e+05
1.729840000000000000e+05
1.742960000000000000e+05
1.778720000000000000e+05
1.801280000000000000e+05
1.849600000000000000e+05
1.876720000000000000e+05
1.889600000000000000e+05
1.928960000000000000e+05
1.979120000000000000e+05
2.008320000000000000e+05
2.037360000000000000e+05
2.102640000000000000e+05
2.128160000000000000e+05
2.188720000000000000e+05
2.205840000000000000e+05
2.238880000000000000e+05
2.302960000000000000e+05
2.317840000000000000e+05
2.391680000000000000e+05
2.430480000000000000e+05
2.482480000000000000e+05
2.548560000000000000e+05
2.584000000000000000e+05
2.626400000000000000e+05
2.667280000000000000e+05
2.749440000000000000e+05
2.809440000000000000e+05
2.823200000000000000e+05
2.903440000000000000e+05
2.979920000000000000e+05
3.029840000000000000e+05
3.093520000000000000e+05
3.151840000000000000e+05
3.237840000000000000e+05
3.287920000000000000e+05
3.375600000000000000e+05
3.405200000000000000e+05
3.470560000000000000e+05
3.556080000000000000e+05
3.631040000000000000e+05
3.710480000000000000e+05
3.776560000000000000e+05
3.827120000000000000e+05
3.926240000000000000e+05
4.007680000000000000e+05
4.051280000000000000e+05
4.153120000000000000e+05
4.231760000000000000e+05
4.313520000000000000e+05
4.379120000000000000e+05
4.471440000000000000e+05
4.561040000000000000e+05
4.600880000000000000e+05
4.733920000000000000e+05
4.785360000000000000e+05
4.899360000000000000e+05
4.967280000000000000e+05
5.046960000000000000e+05
5.124160000000000000e+05
5.200960000000000000e+05
5.286080000000000000e+05
5.363760000000000000e+05
5.458560000000000000e+05
5.548720000000000000e+05
5.590400000000000000e+05
5.648560000000000000e+05
5.753520000000000000e+05
5.802320000000000000e+05
5.843120000000000000e+05
5.969360000000000000e+05
5.996560000000000000e+05
6.092640000000000000e+05
6.109040000000000000e+05
6.159920000000000000e+05
6.218960000000000000e+05
6.231840000000000000e+05
6.241440000000000000e+05
6.289120000000000000e+05
6.297840000000000000e+05
6.318160000000000000e+05
6.348800000000000000e+05
6.321040000000000000e+05
6.383520000000000000e+05
6.393200000000000000e+05
6.370160000000000000e+05
6.333760000000000000e+05
6.316240000000000000e+05
6.345440000000000000e+05
6.281120000000000000e+05
6.270560000000000000e+05
6.256000000000000000e+05
6.162880000000000000e+05
6.157120000000000000e+05
6.105680000000000000e+05
6.038880000000000000e+05
6.028320000000000000e+05
5.918400000000000000e+05
5.845360000000000000e+05
5.791200000000000000e+05
5.771920000000000000e+05
5.687600000000000000e+05
5.608320000000000000e+05
5.520800000000000000e+05
5.512960000000000000e+05
5.377840000000000000e+05
5.327440000000000000e+05
5.201200000000000000e+05
5.099920000000000000e+05
5.021200000000000000e+05
4.982080000000000000e+05
4.859360000000000000e+05
4.829040000000000000e+05
4.694400000000000000e+05
4.644000000000000000e+05
4.577200000000000000e+05
4.438560000000000000e+05
4.361200000000000000e+05
4.309280000000000000e+05
4.221600000000000000e+05
4.131440000000000000e+05
4.080480000000000000e+05
3.980640000000000000e+05
3.919440000000000000e+05
3.858480000000000000e+05
3.755280000000000000e+05
3.703680000000000000e+05
3.597200000000000000e+05
3.527040000000000000e+05
3.499520000000000000e+05
3.417840000000000000e+05
3.368640000000000000e+05
3.273920000000000000e+05
3.191680000000000000e+05
3.138800000000000000e+05
3.077360000000000000e+05
3.041600000000000000e+05
2.958720000000000000e+05
2.916400000000000000e+05
2.845040000000000000e+05
2.820160000000000000e+05
2.742720000000000000e+05
2.680160000000000000e+05
2.636800000000000000e+05
2.569920000000000000e+05
2.538880000000000000e+05
2.472240000000000000e+05
2.447840000000000000e+05
2.369760000000000000e+05
2.321920000000000000e+05
2.282880000000000000e+05
2.250480000000000000e+05
2.240480000000000000e+05
2.181360000000000000e+05
2.118240000000000000e+05
2.086960000000000000e+05
2.080960000000000000e+05
2.013440000000000000e+05
1.988000000000000000e+05
1.949280000000000000e+05
1.904400000000000000e+05
1.847120000000000000e+05
1.830080000000000000e+05
1.806080000000000000e+05
1.774800000000000000e+05
1.741760000000000000e+05
1.725040000000000000e+05
1.675840000000000000e+05
1.640960000000000000e+05
1.609600000000000000e+05
1.605120000000000000e+05
1.569920000000000000e+05
1.532160000000000000e+05
1.501120000000000000e+05
1.490080000000000000e+05
1.459600000000000000e+05
1.438800000000000000e+05
1.407120000000000000e+05
1.408320000000000000e+05
1.374240000000000000e+05
1.332240000000000000e+05
1.323040000000000000e+05
1.298000000000000000e+05
1.289520000000000000e+05
1.255040000000000000e+05
1.246720000000000000e+05
1.224080000000000000e+05
1.216720000000000000e+05
1.159680000000000000e+05
1.179680000000000000e+05
1.154400000000000000e+05
1.140480000000000000e+05
1.110960000000000000e+05
1.102320000000000000e+05
1.072240000000000000e+05
1.066080000000000000e+05
1.046320000000000000e+05
1.027280000000000000e+05
1.024640000000000000e+05
1.002640000000000000e+05
9.888800000000000000e+04
9.812000000000000000e+04
9.476000000000000000e+04
9.403200000000000000e+04
9.345600000000000000e+04
9.229600000000000000e+04
8.976000000000000000e+04
9.040800000000000000e+04
8.971200000000000000e+04
8.820000000000000000e+04
8.604000000000000000e+04
8.436800000000000000e+04
8.424000000000000000e+04
8.230400000000000000e+04
8.188800000000000000e+04
8.147200000000000000e+04
7.907200000000000000e+04
7.820800000000000000e+04
7.720800000000000000e+04
7.594400000000000000e+04
7.468800000000000000e+04
7.405600000000000000e+04
7.332000000000000000e+04
7.244800000000000000e+04
7.161600000000000000e+04
7.101600000000000000e+04
7.064800000000000000e+04
6.844800000000000000e+04
6.832800000000000000e+04
6.727200000000000000e+04
6.701600000000000000e+04
6.549600000000000000e+04
6.440000000000000000e+04
6.372000000000000000e+04
6.452000000000000000e+04
6.202400000000000000e+04
6.156800000000000000e+04
6.169600000000000000e+04
6.096000000000000000e+04
5.904800000000000000e+04
5.840800000000000000e+04
5.860800000000000000e+04
5.673600000000000000e+04
5.686400000000000000e+04
5.772800000000000000e+04
5.608800000000000000e+04
5.539200000000000000e+04
5.503200000000000000e+04
5.391200000000000000e+04
5.295200000000000000e+04
5.192800000000000000e+04
5.132000000000000000e+04
5.156000000000000000e+04
5.095200000000000000e+04
5.068000000000000000e+04
4.975200000000000000e+04
4.962400000000000000e+04
4.880000000000000000e+04
4.856800000000000000e+04
4.720000000000000000e+04
4.795200000000000000e+04
4.694400000000000000e+04
4.692800000000000000e+04
4.620800000000000000e+04
4.560800000000000000e+04
4.477600000000000000e+04
4.408000000000000000e+04
4.279200000000000000e+04
4.356800000000000000e+04
4.360000000000000000e+04
4.278400000000000000e+04
4.147200000000000000e+04
4.288000000000000000e+04
4.104800000000000000e+04
4.062400000000000000e+04
3.965600000000000000e+04
4.045600000000000000e+04
4.056000000000000000e+04
3.952000000000000000e+04
3.910400000000000000e+04
3.904000000000000000e+04
3.855200000000000000e+04
3.687200000000000000e+04
3.770400000000000000e+04
3.852000000000000000e+04
3.688800000000000000e+04
3.640800000000000000e+04
3.604000000000000000e+04
3.623200000000000000e+04
3.594400000000000000e+04
3.373600000000000000e+04
3.448000000000000000e+04
3.404000000000000000e+04
3.464800000000000000e+04
3.360800000000000000e+04
3.358400000000000000e+04
3.293600000000000000e+04
3.335200000000000000e+04
3.328800000000000000e+04
3.280800000000000000e+04
3.233600000000000000e+04
3.157600000000000000e+04
3.299200000000000000e+04
3.067200000000000000e+04
3.163200000000000000e+04
3.106400000000000000e+04
3.054400000000000000e+04
3.128000000000000000e+04
3.030400000000000000e+04
2.960800000000000000e+04
2.993600000000000000e+04
2.867200000000000000e+04
2.916000000000000000e+04
2.899200000000000000e+04
2.876000000000000000e+04
2.839200000000000000e+04
2.742400000000000000e+04
2.760800000000000000e+04
2.769600000000000000e+04
2.837600000000000000e+04
2.684800000000000000e+04
2.612800000000000000e+04
2.713600000000000000e+04
2.608800000000000000e+04
2.643200000000000000e+04
2.572000000000000000e+04
2.595200000000000000e+04
2.608000000000000000e+04
2.570400000000000000e+04
2.561600000000000000e+04
2.545600000000000000e+04
2.544800000000000000e+04
2.475200000000000000e+04
2.461600000000000000e+04
2.388000000000000000e+04
2.401600000000000000e+04
2.373600000000000000e+04
2.406400000000000000e+04
2.354400000000000000e+04
2.424800000000000000e+04
2.332800000000000000e+04
2.208000000000000000e+04
2.252000000000000000e+04
2.216000000000000000e+04
2.308000000000000000e+04
2.222400000000000000e+04
2.172000000000000000e+04
2.183200000000000000e+04
2.202400000000000000e+04
2.099200000000000000e+04
2.200800000000000000e+04
2.095200000000000000e+04
2.102400000000000000e+04
2.143200000000000000e+04
2.116800000000000000e+04
2.118400000000000000e+04
2.068800000000000000e+04
2.007200000000000000e+04
2.052800000000000000e+04
2.006400000000000000e+04
1.997600000000000000e+04
1.954400000000000000e+04
2.057600000000000000e+04
1.929600000000000000e+04
1.996800000000000000e+04
1.965600000000000000e+04
1.951200000000000000e+04
1.956000000000000000e+04
1.936800000000000000e+04
1.874400000000000000e+04
1.931200000000000000e+04
1.866400000000000000e+04
1.888000000000000000e+04
1.812000000000000000e+04
1.866400000000000000e+04
1.778400000000000000e+04
1.860800000000000000e+04
1.791200000000000000e+04
1.743200000000000000e+04
1.780800000000000000e+04
1.744800000000000000e+04
1.752800000000000000e+04
1.755200000000000000e+04
1.710400000000000000e+04
1.674400000000000000e+04
1.770400000000000000e+04
1.663200000000000000e+04
1.715200000000000000e+04
1.709600000000000000e+04
1.684800000000000000e+04
1.675200000000000000e+04
1.662400000000000000e+04
1.575200000000000000e+04
1.632800000000000000e+04
1.591200000000000000e+04
1.664000000000000000e+04
1.604000000000000000e+04
1.564800000000000000e+04
1.624000000000000000e+04
1.542400000000000000e+04
1.572000000000000000e+04
1.444800000000000000e+04
1.543200000000000000e+04
1.504800000000000000e+04
1.511200000000000000e+04
1.513600000000000000e+04
1.517600000000000000e+04
1.435200000000000000e+04
1.427200000000000000e+04
1.512800000000000000e+04
1.464000000000000000e+04
1.466400000000000000e+04
1.392800000000000000e+04
1.444800000000000000e+04
1.453600000000000000e+04
1.443200000000000000e+04
1.419200000000000000e+04
1.406400000000000000e+04
1.377600000000000000e+04
1.389600000000000000e+04
1.324000000000000000e+04
1.391200000000000000e+04
1.400800000000000000e+04
1.265600000000000000e+04
1.425600000000000000e+04
1.364800000000000000e+04
1.346400000000000000e+04
1.339200000000000000e+04
1.323200000000000000e+04
1.312000000000000000e+04
1.377600000000000000e+04
1.334400000000000000e+04
1.296000000000000000e+04
1.236800000000000000e+04
1.265600000000000000e+04
1.162400000000000000e+04
1.258400000000000000e+04
1.234400000000000000e+04
1.251200000000000000e+04
1.254400000000000000e+04
1.215200000000000000e+04
1.265600000000000000e+04
1.185600000000000000e+04
1.172800000000000000e+04
1.173600000000000000e+04
1.188800000000000000e+04
1.188000000000000000e+04
1.174400000000000000e+04
1.238400000000000000e+04
1.190400000000000000e+04
1.207200000000000000e+04
1.112000000000000000e+04
1.176000000000000000e+04
1.115200000000000000e+04
1.156800000000000000e+04
1.125600000000000000e+04
1.137600000000000000e+04
1.140000000000000000e+04
1.120000000000000000e+04
1.114400000000000000e+04
1.096800000000000000e+04
1.039200000000000000e+04
1.081600000000000000e+04
1.069600000000000000e+04
1.100000000000000000e+04
1.089600000000000000e+04
1.084000000000000000e+04
1.047200000000000000e+04
1.068000000000000000e+04
1.076800000000000000e+04
1.044000000000000000e+04
1.039200000000000000e+04
1.024000000000000000e+04
1.035200000000000000e+04
1.014400000000000000e+04
1.055200000000000000e+04
1.034400000000000000e+04
1.033600000000000000e+04
1.021600000000000000e+04
1.000800000000000000e+04
9.568000000000000000e+03
1.002400000000000000e+04
1.004800000000000000e+04
9.792000000000000000e+03
1.010400000000000000e+04
9.768000000000000000e+03
9.872000000000000000e+03
9.464000000000000000e+03
9.712000000000000000e+03
8.992000000000000000e+03
9.568000000000000000e+03
9.480000000000000000e+03
9.408000000000000000e+03
9.112000000000000000e+03
9.416000000000000000e+03
9.472000000000000000e+03
9.440000000000000000e+03
9.288000000000000000e+03
8.904000000000000000e+03
9.680000000000000000e+03
8.712000000000000000e+03
8.856000000000000000e+03
8.768000000000000000e+03
8.840000000000000000e+03
9.120000000000000000e+03
8.816000000000000000e+03
8.848000000000000000e+03
8.736000000000000000e+03
8.648000000000000000e+03
8.024000000000000000e+03
9.008000000000000000e+03
8.616000000000000000e+03
8.936000000000000000e+03
8.320000000000000000e+03
8.376000000000000000e+03
8.232000000000000000e+03
8.880000000000000000e+03
8.440000000000000000e+03
8.536000000000000000e+03
8.240000000000000000e+03
8.024000000000000000e+03
8.160000000000000000e+03
8.176000000000000000e+03
8.016000000000000000e+03
8.072000000000000000e+03
8.104000000000000000e+03
7.744000000000000000e+03
7.792000000000000000e+03
8.136000000000000000e+03
7.808000000000000000e+03
7.928000000000000000e+03
8.088000000000000000e+03
8.032000000000000000e+03
7.584000000000000000e+03
7.744000000000000000e+03
7.872000000000000000e+03
7.528000000000000000e+03
7.760000000000000000e+03
7.936000000000000000e+03
7.368000000000000000e+03
7.984000000000000000e+03
7.552000000000000000e+03
7.928000000000000000e+03
7.552000000000000000e+03
7.120000000000000000e+03
7.016000000000000000e+03
7.424000000000000000e+03
6.928000000000000000e+03
7.736000000000000000e+03
7.336000000000000000e+03
7.088000000000000000e+03
6.920000000000000000e+03
7.184000000000000000e+03
7.208000000000000000e+03
7.152000000000000000e+03
7.224000000000000000e+03
6.936000000000000000e+03
6.600000000000000000e+03
6.664000000000000000e+03
7.032000000000000000e+03
6.984000000000000000e+03
6.904000000000000000e+03
6.984000000000000000e+03
7.136000000000000000e+03
6.752000000000000000e+03
6.576000000000000000e+03
7.352000000000000000e+03
6.696000000000000000e+03
6.480000000000000000e+03
6.880000000000000000e+03
6.896000000000000000e+03
6.648000000000000000e+03
6.952000000000000000e+03
6.432000000000000000e+03
6.608000000000000000e+03
6.984000000000000000e+03
6.496000000000000000e+03
6.536000000000000000e+03
6.576000000000000000e+03
6.264000000000000000e+03
6.648000000000000000e+03
6.376000000000000000e+03
6.416000000000000000e+03
5.976000000000000000e+03
