6.394000000000000000e+03
6.218000000000000000e+03
6.212000000000000000e+03
6.276000000000000000e+03
6.372000000000000000e+03
6.428000000000000000e+03
6.540000000000000000e+03
6.620000000000000000e+03
6.566000000000000000e+03
6.532000000000000000e+03
6.690000000000000000e+03
6.590000000000000000e+03
6.464000000000000000e+03
6.896000000000000000e+03
6.648000000000000000e+03
6.550000000000000000e+03
6.710000000000000000e+03
6.994000000000000000e+03
7.022000000000000000e+03
7.108000000000000000e+03
7.022000000000000000e+03
6.820000000000000000e+03
6.898000000000000000e+03
6.878000000000000000e+03
6.768000000000000000e+03
6.904000000000000000e+03
7.004000000000000000e+03
7.088000000000000000e+03
7.062000000000000000e+03
7.140000000000000000e+03
6.972000000000000000e+03
7.182000000000000000e+03
7.298000000000000000e+03
7.358000000000000000e+03
7.148000000000000000e+03
7.336000000000000000e+03
7.136000000000000000e+03
7.168000000000000000e+03
7.372000000000000000e+03
7.522000000000000000e+03
7.314000000000000000e+03
7.460000000000000000e+03
7.448000000000000000e+03
7.436000000000000000e+03
7.526000000000000000e+03
7.544000000000000000e+03
7.678000000000000000e+03
7.836000000000000000e+03
7.766000000000000000e+03
7.960000000000000000e+03
7.852000000000000000e+03
7.914000000000000000e+03
7.746000000000000000e+03
7.968000000000000000e+03
8.080000000000000000e+03
7.906000000000000000e+03
7.960000000000000000e+03
7.862000000000000000e+03
7.994000000000000000e+03
7.950000000000000000e+03
8.182000000000000000e+03
8.260000000000000000e+03
8.416000000000000000e+03
8.350000000000000000e+03
8.414000000000000000e+03
8.148000000000000000e+03
8.460000000000000000e+03
8.672000000000000000e+03
8.394000000000000000e+03
8.322000000000000000e+03
8.636000000000000000e+03
8.410000000000000000e+03
8.676000000000000000e+03
8.576000000000000000e+03
8.890000000000000000e+03
8.692000000000000000e+03
8.882000000000000000e+03
8.982000000000000000e+03
8.834000000000000000e+03
8.696000000000000000e+03
8.720000000000000000e+03
8.874000000000000000e+03
9.116000000000000000e+03
8.822000000000000000e+03
9.064000000000000000e+03
9.164000000000000000e+03
9.196000000000000000e+03
9.202000000000000000e+03
9.262000000000000000e+03
9.368000000000000000e+03
9.438000000000000000e+03
9.444000000000000000e+03
9.762000000000000000e+03
9.328000000000000000e+03
9.502000000000000000e+03
9.446000000000000000e+03
9.704000000000000000e+03
9.746000000000000000e+03
9.886000000000000000e+03
9.778000000000000000e+03
1.012400000000000000e+04
9.790000000000000000e+03
1.010200000000000000e+04
1.011400000000000000e+04
1.015600000000000000e+04
1.041000000000000000e+04
9.776000000000000000e+03
9.990000000000000000e+03
1.007000000000000000e+04
1.009800000000000000e+04
1.037600000000000000e+04
1.058800000000000000e+04
1.048600000000000000e+04
1.027600000000000000e+04
1.046600000000000000e+04
1.062400000000000000e+04
1.065400000000000000e+04
1.040200000000000000e+04
1.075400000000000000e+04
1.088200000000000000e+04
1.079200000000000000e+04
1.092400000000000000e+04
1.064800000000000000e+04
1.114800000000000000e+04
1.097600000000000000e+04
1.115800000000000000e+04
1.119800000000000000e+04
1.128400000000000000e+04
1.145200000000000000e+04
1.135000000000000000e+04
1.126600000000000000e+04
1.169400000000000000e+04
1.150200000000000000e+04
1.191600000000000000e+04
1.180800000000000000e+04
1.169000000000000000e+04
1.168800000000000000e+04
1.200200000000000000e+04
1.175600000000000000e+04
1.200000000000000000e+04
1.191800000000000000e+04
1.231000000000000000e+04
1.245200000000000000e+04
1.228400000000000000e+04
1.204200000000000000e+04
1.269800000000000000e+04
1.253600000000000000e+04
1.251800000000000000e+04
1.264400000000000000e+04
1.263800000000000000e+04
1.281600000000000000e+04
1.310000000000000000e+04
1.302800000000000000e+04
1.299600000000000000e+04
1.290000000000000000e+04
1.318800000000000000e+04
1.324400000000000000e+04
1.308200000000000000e+04
1.348800000000000000e+04
1.364800000000000000e+04
1.363600000000000000e+04
1.361800000000000000e+04
1.383000000000000000e+04
1.375200000000000000e+04
1.393800000000000000e+04
1.368600000000000000e+04
1.419000000000000000e+04
1.436400000000000000e+04
1.407600000000000000e+04
1.427800000000000000e+04
1.427000000000000000e+04
1.447800000000000000e+04
1.453600000000000000e+04
1.479200000000000000e+04
1.442800000000000000e+04
1.478200000000000000e+04
1.494200000000000000e+04
1.504800000000000000e+04
1.488800000000000000e+04
1.500800000000000000e+04
1.516200000000000000e+04
1.524400000000000000e+04
1.520000000000000000e+04
1.557400000000000000e+04
1.536400000000000000e+04
1.586400000000000000e+04
1.588200000000000000e+04
1.570000000000000000e+04
1.583000000000000000e+04
1.606600000000000000e+04
1.625200000000000000e+04
1.636200000000000000e+04
1.641200000000000000e+04
1.651800000000000000e+04
1.613000000000000000e+04
1.682600000000000000e+04
1.698600000000000000e+04
1.721000000000000000e+04
1.730000000000000000e+04
1.694800000000000000e+04
1.745000000000000000e+04
1.744600000000000000e+04
1.731800000000000000e+04
1.745800000000000000e+04
1.753400000000000000e+04
1.779000000000000000e+04
1.813000000000000000e+04
1.766400000000000000e+04
1.827000000000000000e+04
1.857000000000000000e+04
1.834600000000000000e+04
1.860600000000000000e+04
1.855400000000000000e+04
1.887600000000000000e+04
1.889200000000000000e+04
1.903400000000000000e+04
1.904800000000000000e+04
1.929800000000000000e+04
1.908200000000000000e+04
1.973000000000000000e+04
2.001400000000000000e+04
2.008800000000000000e+04
1.975400000000000000e+04
2.003800000000000000e+04
1.999200000000000000e+04
2.036200000000000000e+04
2.065200000000000000e+04
2.055200000000000000e+04
2.090400000000000000e+04
2.095800000000000000e+04
2.110600000000000000e+04
2.104400000000000000e+04
2.154200000000000000e+04
2.167600000000000000e+04
2.173000000000000000e+04
2.161200000000000000e+04
2.201800000000000000e+04
2.245200000000000000e+04
2.266600000000000000e+04
2.284000000000000000e+04
2.288200000000000000e+04
2.294200000000000000e+04
2.309000000000000000e+04
2.326400000000000000e+04
2.375800000000000000e+04
2.372800000000000000e+04
2.391200000000000000e+04
2.412400000000000000e+04
2.404400000000000000e+04
2.440200000000000000e+04
2.442800000000000000e+04
2.505200000000000000e+04
2.480800000000000000e+04
2.503000000000000000e+04
2.569000000000000000e+04
2.530000000000000000e+04
2.598200000000000000e+04
2.573200000000000000e+04
2.600800000000000000e+04
2.633400000000000000e+04
2.699200000000000000e+04
2.677400000000000000e+04
2.706200000000000000e+04
2.726800000000000000e+04
2.746600000000000000e+04
2.726200000000000000e+04
2.817600000000000000e+04
2.786200000000000000e+04
2.854400000000000000e+04
2.884400000000000000e+04
2.867400000000000000e+04
2.925600000000000000e+04
2.936800000000000000e+04
2.995200000000000000e+04
2.986000000000000000e+04
2.984400000000000000e+04
3.041600000000000000e+04
3.056000000000000000e+04
3.075200000000000000e+04
3.119400000000000000e+04
3.154000000000000000e+04
3.163600000000000000e+04
3.179000000000000000e+04
3.218200000000000000e+04
3.239000000000000000e+04
3.260400000000000000e+04
3.315000000000000000e+04
3.343800000000000000e+04
3.359000000000000000e+04
3.365600000000000000e+04
3.458400000000000000e+04
3.490800000000000000e+04
3.501800000000000000e+04
3.511800000000000000e+04
3.564000000000000000e+04
3.574000000000000000e+04
3.623600000000000000e+04
3.667800000000000000e+04
3.658800000000000000e+04
3.764000000000000000e+04
3.718600000000000000e+04
3.781400000000000000e+04
3.823600000000000000e+04
3.853600000000000000e+04
3.921600000000000000e+04
3.923400000000000000e+04
3.996600000000000000e+04
4.052400000000000000e+04
4.072600000000000000e+04
4.163400000000000000e+04
4.151000000000000000e+04
4.172000000000000000e+04
4.214200000000000000e+04
4.264800000000000000e+04
4.285000000000000000e+04
4.333800000000000000e+04
4.427000000000000000e+04
4.469600000000000000e+04
4.522400000000000000e+04
4.538000000000000000e+04
4.572000000000000000e+04
4.622600000000000000e+04
4.743200000000000000e+04
4.730000000000000000e+04
4.789200000000000000e+04
4.807600000000000000e+04
4.874600000000000000e+04
4.898600000000000000e+04
5.024000000000000000e+04
5.065800000000000000e+04
5.121000000000000000e+04
5.134200000000000000e+04
5.249200000000000000e+04
5.247400000000000000e+04
5.305200000000000000e+04
5.416600000000000000e+04
5.442800000000000000e+04
5.535800000000000000e+04
5.597200000000000000e+04
5.667200000000000000e+04
5.798000000000000000e+04
5.766800000000000000e+04
5.794800000000000000e+04
5.921400000000000000e+04
5.989200000000000000e+04
6.058000000000000000e+04
6.035600000000000000e+04
6.191600000000000000e+04
6.295600000000000000e+04
6.323200000000000000e+04
6.441000000000000000e+04
6.447200000000000000e+04
6.555200000000000000e+04
6.612400000000000000e+04
6.693800000000000000e+04
6.786800000000000000e+04
6.887600000000000000e+04
7.016000000000000000e+04
7.042400000000000000e+04
7.155600000000000000e+04
7.237600000000000000e+04
7.278800000000000000e+04
7.471000000000000000e+04
7.478600000000000000e+04
7.663000000000000000e+04
7.744600000000000000e+04
7.853200000000000000e+04
7.956400000000000000e+04
8.036200000000000000e+04
8.161800000000000000e+04
8.241800000000000000e+04
8.318600000000000000e+04
8.493600000000000000e+04
8.594800000000000000e+04
8.712800000000000000e+04
8.830000000000000000e+04
8.928200000000000000e+04
9.068000000000000000e+04
9.213000000000000000e+04
9.314800000000000000e+04
9.531400000000000000e+04
9.650400000000000000e+04
9.836000000000000000e+04
9.891000000000000000e+04
1.006460000000000000e+05
1.029200000000000000e+05
1.033860000000000000e+05
1.044060000000000000e+05
1.064600000000000000e+05
1.081660000000000000e+05
1.097980000000000000e+05
1.101120000000000000e+05
1.139720000000000000e+05
1.155380000000000000e+05
1.167100000000000000e+05
1.188460000000000000e+05
1.205960000000000000e+05
1.221360000000000000e+05
1.237240000000000000e+05
1.266160000000000000e+05
1.284440000000000000e+05
1.295060000000000000e+05
1.322900000000000000e+05
1.348440000000000000e+05
1.367940000000000000e+05
1.385640000000000000e+05
1.412700000000000000e+05
1.447540000000000000e+05
1.462820000000000000e+05
1.491840000000000000e+05
1.517200000000000000e+05
1.536460000000000000e+05
1.567080000000000000e+05
1.591820000000000000e+05
1.622300000000000000e+05
1.639540000000000000e+05
1.684900000000000000e+05
1.705560000000000000e+05
1.748480000000000000e+05
1.762660000000000000e+05
1.806580000000000000e+05
1.838100000000000000e+05
1.867360000000000000e+05
1.907440000000000000e+05
1.938520000000000000e+05
1.972420000000000000e+05
2.013120000000000000e+05
2.048020000000000000e+05
2.086200000000000000e+05
2.124240000000000000e+05
2.187800000000000000e+05
2.219360000000000000e+05
2.248700000000000000e+05
2.304180000000000000e+05
2.359960000000000000e+05
2.392260000000000000e+05
2.436940000000000000e+05
2.490040000000000000e+05
2.544240000000000000e+05
2.591440000000000000e+05
2.645800000000000000e+05
2.694060000000000000e+05
2.734620000000000000e+05
2.791660000000000000e+05
2.846140000000000000e+05
2.913220000000000000e+05
2.972560000000000000e+05
3.023200000000000000e+05
3.081100000000000000e+05
3.159020000000000000e+05
3.215440000000000000e+05
3.277740000000000000e+05
3.356020000000000000e+05
3.410280000000000000e+05
3.492520000000000000e+05
3.551660000000000000e+05
3.623420000000000000e+05
3.704240000000000000e+05
3.786560000000000000e+05
3.845300000000000000e+05
3.910640000000000000e+05
3.996960000000000000e+05
4.070000000000000000e+05
4.160400000000000000e+05
4.237780000000000000e+05
4.309740000000000000e+05
4.394580000000000000e+05
4.465280000000000000e+05
4.553580000000000000e+05
4.635840000000000000e+05
4.709440000000000000e+05
4.802000000000000000e+05
4.880100000000000000e+05
4.976120000000000000e+05
5.048720000000000000e+05
5.139940000000000000e+05
5.206020000000000000e+05
5.287080000000000000e+05
5.366180000000000000e+05
5.451340000000000000e+05
5.524060000000000000e+05
5.605620000000000000e+05
5.668520000000000000e+05
5.731340000000000000e+05
5.791960000000000000e+05
5.876100000000000000e+05
5.943200000000000000e+05
5.981960000000000000e+05
6.058640000000000000e+05
6.092560000000000000e+05
6.138500000000000000e+05
6.170000000000000000e+05
6.237500000000000000e+05
6.259940000000000000e+05
6.284920000000000000e+05
6.315740000000000000e+05
6.348720000000000000e+05
6.343660000000000000e+05
6.366120000000000000e+05
6.359580000000000000e+05
6.359920000000000000e+05
6.362980000000000000e+05
6.330560000000000000e+05
6.343480000000000000e+05
6.322400000000000000e+05
6.290000000000000000e+05
6.252060000000000000e+05
6.208600000000000000e+05
6.178200000000000000e+05
6.143500000000000000e+05
6.093500000000000000e+05
6.058620000000000000e+05
5.991500000000000000e+05
5.926040000000000000e+05
5.864040000000000000e+05
5.816260000000000000e+05
5.740100000000000000e+05
5.671220000000000000e+05
5.610520000000000000e+05
5.526900000000000000e+05
5.460300000000000000e+05
5.374220000000000000e+05
5.287720000000000000e+05
5.220140000000000000e+05
5.123420000000000000e+05
5.060220000000000000e+05
4.959940000000000000e+05
4.892700000000000000e+05
4.802020000000000000e+05
4.728840000000000000e+05
4.644760000000000000e+05
4.564320000000000000e+05
4.490440000000000000e+05
4.393080000000000000e+05
4.311720000000000000e+05
4.234700000000000000e+05
4.149760000000000000e+05
4.076540000000000000e+05
4.004980000000000000e+05
3.913000000000000000e+05
3.860060000000000000e+05
3.773040000000000000e+05
3.692280000000000000e+05
3.618340000000000000e+05
3.561340000000000000e+05
3.485760000000000000e+05
3.415660000000000000e+05
3.330900000000000000e+05
3.277140000000000000e+05
3.190680000000000000e+05
3.146600000000000000e+05
3.091100000000000000e+05
3.017580000000000000e+05
2.959620000000000000e+05
2.900240000000000000e+05
2.844840000000000000e+05
2.781920000000000000e+05
2.731560000000000000e+05
2.693040000000000000e+05
2.645440000000000000e+05
2.583880000000000000e+05
2.545920000000000000e+05
2.478220000000000000e+05
2.445500000000000000e+05
2.383480000000000000e+05
2.336660000000000000e+05
2.308400000000000000e+05
2.260980000000000000e+05
2.217280000000000000e+05
2.170560000000000000e+05
2.131480000000000000e+05
2.096180000000000000e+05
2.043160000000000000e+05
2.013260000000000000e+05
1.968500000000000000e+05
1.944720000000000000e+05
1.910360000000000000e+05
1.874680000000000000e+05
1.843240000000000000e+05
1.813380000000000000e+05
1.758740000000000000e+05
1.743980000000000000e+05
1.711360000000000000e+05
1.681480000000000000e+05
1.649420000000000000e+05
1.639000000000000000e+05
1.594640000000000000e+05
1.577480000000000000e+05
1.539800000000000000e+05
1.509920000000000000e+05
1.480920000000000000e+05
1.462460000000000000e+05
1.429040000000000000e+05
1.415120000000000000e+05
1.386900000000000000e+05
1.368720000000000000e+05
1.342420000000000000e+05
1.324720000000000000e+05
1.309140000000000000e+05
1.281360000000000000e+05
1.260960000000000000e+05
1.244480000000000000e+05
1.229000000000000000e+05
1.200220000000000000e+05
1.179920000000000000e+05
1.172780000000000000e+05
1.145440000000000000e+05
1.127520000000000000e+05
1.114780000000000000e+05
1.102240000000000000e+05
1.082460000000000000e+05
1.062520000000000000e+05
1.051860000000000000e+05
1.033940000000000000e+05
1.014160000000000000e+05
1.004320000000000000e+05
9.965800000000000000e+04
9.858200000000000000e+04
9.658000000000000000e+04
9.535400000000000000e+04
9.310400000000000000e+04
9.175800000000000000e+04
9.126200000000000000e+04
8.971400000000000000e+04
8.849400000000000000e+04
8.743400000000000000e+04
8.621200000000000000e+04
8.428800000000000000e+04
8.417000000000000000e+04
8.255200000000000000e+04
8.129400000000000000e+04
8.071000000000000000e+04
7.995200000000000000e+04
7.837200000000000000e+04
7.648400000000000000e+04
7.537600000000000000e+04
7.628200000000000000e+04
7.495200000000000000e+04
7.329200000000000000e+04
7.214200000000000000e+04
7.178400000000000000e+04
7.055200000000000000e+04
6.994000000000000000e+04
6.876800000000000000e+04
6.831600000000000000e+04
6.751400000000000000e+04
6.598400000000000000e+04
6.584400000000000000e+04
6.495600000000000000e+04
6.420600000000000000e+04
6.423800000000000000e+04
6.262600000000000000e+04
6.184600000000000000e+04
6.102600000000000000e+04
6.074000000000000000e+04
5.973200000000000000e+04
5.901800000000000000e+04
5.905200000000000000e+04
5.793400000000000000e+04
5.708800000000000000e+04
5.681800000000000000e+04
5.581400000000000000e+04
5.460400000000000000e+04
5.435200000000000000e+04
5.380000000000000000e+04
5.338800000000000000e+04
5.276800000000000000e+04
5.185000000000000000e+04
5.196400000000000000e+04
5.100800000000000000e+04
5.036400000000000000e+04
4.993000000000000000e+04
4.937800000000000000e+04
4.879200000000000000e+04
4.809200000000000000e+04
4.753000000000000000e+04
4.692000000000000000e+04
4.676400000000000000e+04
4.616600000000000000e+04
4.614400000000000000e+04
4.524400000000000000e+04
4.482800000000000000e+04
4.402800000000000000e+04
4.384000000000000000e+04
4.374200000000000000e+04
4.289000000000000000e+04
4.255800000000000000e+04
4.201800000000000000e+04
4.173200000000000000e+04
4.168400000000000000e+04
4.154400000000000000e+04
4.126600000000000000e+04
4.062800000000000000e+04
3.952800000000000000e+04
3.957000000000000000e+04
3.933400000000000000e+04
3.875600000000000000e+04
3.808000000000000000e+04
3.798800000000000000e+04
3.721400000000000000e+04
3.716800000000000000e+04
3.680600000000000000e+04
3.631000000000000000e+04
3.638200000000000000e+04
3.596000000000000000e+04
3.560000000000000000e+04
3.507400000000000000e+04
3.485600000000000000e+04
3.467800000000000000e+04
3.467400000000000000e+04
3.405200000000000000e+04
3.358000000000000000e+04
3.308000000000000000e+04
3.344600000000000000e+04
3.311800000000000000e+04
3.304400000000000000e+04
3.180800000000000000e+04
3.188400000000000000e+04
3.149000000000000000e+04
3.143200000000000000e+04
3.106600000000000000e+04
3.088200000000000000e+04
3.075800000000000000e+04
3.059400000000000000e+04
2.991400000000000000e+04
2.992000000000000000e+04
2.970800000000000000e+04
2.957800000000000000e+04
2.916800000000000000e+04
2.927400000000000000e+04
2.888200000000000000e+04
2.833200000000000000e+04
2.838600000000000000e+04
2.783200000000000000e+04
2.770400000000000000e+04
2.747000000000000000e+04
2.721400000000000000e+04
2.678800000000000000e+04
2.702000000000000000e+04
2.669800000000000000e+04
2.665800000000000000e+04
2.635400000000000000e+04
2.600200000000000000e+04
2.577800000000000000e+04
2.580200000000000000e+04
2.552800000000000000e+04
2.505400000000000000e+04
2.485400000000000000e+04
2.490000000000000000e+04
2.480200000000000000e+04
2.450600000000000000e+04
2.444000000000000000e+04
2.419200000000000000e+04
2.345800000000000000e+04
2.338200000000000000e+04
2.377400000000000000e+04
2.330200000000000000e+04
2.287800000000000000e+04
2.313600000000000000e+04
2.284200000000000000e+04
2.248200000000000000e+04
2.272600000000000000e+04
2.219600000000000000e+04
2.217000000000000000e+04
2.168800000000000000e+04
2.158200000000000000e+04
2.163600000000000000e+04
2.126400000000000000e+04
2.156200000000000000e+04
2.153600000000000000e+04
2.085000000000000000e+04
2.104200000000000000e+04
2.083200000000000000e+04
2.081200000000000000e+04
2.044600000000000000e+04
2.050000000000000000e+04
1.989800000000000000e+04
2.004600000000000000e+04
1.985400000000000000e+04
1.969000000000000000e+04
1.934000000000000000e+04
1.937800000000000000e+04
1.937600000000000000e+04
1.947400000000000000e+04
1.896200000000000000e+04
1.892000000000000000e+04
1.897200000000000000e+04
1.854000000000000000e+04
1.851400000000000000e+04
1.866600000000000000e+04
1.833800000000000000e+04
1.802800000000000000e+04
1.808200000000000000e+04
1.815400000000000000e+04
1.767600000000000000e+04
1.793800000000000000e+04
1.767800000000000000e+04
1.761200000000000000e+04
1.735400000000000000e+04
1.720400000000000000e+04
1.710000000000000000e+04
1.718400000000000000e+04
1.692200000000000000e+04
1.668600000000000000e+04
1.673200000000000000e+04
1.646000000000000000e+04
1.628800000000000000e+04
1.605600000000000000e+04
1.621800000000000000e+04
1.626400000000000000e+04
1.603800000000000000e+04
1.610400000000000000e+04
1.585400000000000000e+04
1.568000000000000000e+04
1.564400000000000000e+04
1.583200000000000000e+04
1.547400000000000000e+04
1.498000000000000000e+04
1.525600000000000000e+04
1.527000000000000000e+04
1.494200000000000000e+04
1.496600000000000000e+04
1.500600000000000000e+04
1.480400000000000000e+04
1.516600000000000000e+04
1.467000000000000000e+04
1.457800000000000000e+04
1.467800000000000000e+04
1.427000000000000000e+04
1.437200000000000000e+04
1.456000000000000000e+04
1.370800000000000000e+04
1.424400000000000000e+04
1.368800000000000000e+04
1.377400000000000000e+04
1.372600000000000000e+04
1.380000000000000000e+04
1.404400000000000000e+04
1.350200000000000000e+04
1.323600000000000000e+04
1.360600000000000000e+04
1.344200000000000000e+04
1.316600000000000000e+04
1.318400000000000000e+04
1.335600000000000000e+04
1.329000000000000000e+04
1.324800000000000000e+04
1.308800000000000000e+04
1.306000000000000000e+04
1.240400000000000000e+04
1.301200000000000000e+04
1.266400000000000000e+04
1.247600000000000000e+04
1.224800000000000000e+04
1.229400000000000000e+04
1.230000000000000000e+04
1.220400000000000000e+04
1.227000000000000000e+04
1.227600000000000000e+04
1.189000000000000000e+04
1.183000000000000000e+04
1.205600000000000000e+04
1.195600000000000000e+04
1.185200000000000000e+04
1.182200000000000000e+04
1.155800000000000000e+04
1.171200000000000000e+04
1.187000000000000000e+04
1.121200000000000000e+04
1.170000000000000000e+04
1.155400000000000000e+04
1.132400000000000000e+04
1.136200000000000000e+04
1.122800000000000000e+04
1.116000000000000000e+04
1.098200000000000000e+04
1.131200000000000000e+04
1.074800000000000000e+04
1.094800000000000000e+04
1.095600000000000000e+04
1.073400000000000000e+04
1.074200000000000000e+04
1.074600000000000000e+04
1.067000000000000000e+04
1.066000000000000000e+04
1.055000000000000000e+04
1.049000000000000000e+04
1.065400000000000000e+04
1.039000000000000000e+04
1.051800000000000000e+04
1.029400000000000000e+04
1.024600000000000000e+04
9.964000000000000000e+03
1.005400000000000000e+04
9.894000000000000000e+03
9.586000000000000000e+03
1.028800000000000000e+04
9.846000000000000000e+03
9.674000000000000000e+03
9.878000000000000000e+03
9.662000000000000000e+03
9.862000000000000000e+03
9.536000000000000000e+03
9.616000000000000000e+03
9.676000000000000000e+03
9.604000000000000000e+03
9.234000000000000000e+03
9.414000000000000000e+03
9.470000000000000000e+03
9.232000000000000000e+03
9.302000000000000000e+03
9.316000000000000000e+03
9.198000000000000000e+03
9.346000000000000000e+03
9.068000000000000000e+03
9.044000000000000000e+03
9.144000000000000000e+03
8.822000000000000000e+03
8.996000000000000000e+03
8.914000000000000000e+03
8.972000000000000000e+03
8.902000000000000000e+03
8.674000000000000000e+03
8.880000000000000000e+03
8.704000000000000000e+03
8.698000000000000000e+03
8.766000000000000000e+03
8.528000000000000000e+03
8.912000000000000000e+03
8.684000000000000000e+03
8.478000000000000000e+03
8.464000000000000000e+03
8.580000000000000000e+03
8.186000000000000000e+03
8.342000000000000000e+03
8.230000000000000000e+03
8.256000000000000000e+03
8.384000000000000000e+03
7.964000000000000000e+03
8.308000000000000000e+03
8.160000000000000000e+03
7.834000000000000000e+03
7.936000000000000000e+03
7.806000000000000000e+03
7.876000000000000000e+03
8.008000000000000000e+03
8.212000000000000000e+03
8.036000000000000000e+03
7.852000000000000000e+03
7.824000000000000000e+03
7.684000000000000000e+03
7.654000000000000000e+03
7.770000000000000000e+03
7.760000000000000000e+03
7.788000000000000000e+03
7.654000000000000000e+03
7.650000000000000000e+03
7.508000000000000000e+03
7.466000000000000000e+03
7.376000000000000000e+03
7.352000000000000000e+03
7.430000000000000000e+03
7.164000000000000000e+03
7.208000000000000000e+03
7.168000000000000000e+03
7.160000000000000000e+03
7.218000000000000000e+03
7.210000000000000000e+03
7.288000000000000000e+03
7.292000000000000000e+03
7.070000000000000000e+03
6.908000000000000000e+03
7.020000000000000000e+03
7.040000000000000000e+03
6.952000000000000000e+03
6.904000000000000000e+03
6.678000000000000000e+03
6.670000000000000000e+03
6.972000000000000000e+03
6.968000000000000000e+03
6.792000000000000000e+03
6.590000000000000000e+03
6.760000000000000000e+03
6.612000000000000000e+03
6.826000000000000000e+03
6.850000000000000000e+03
6.612000000000000000e+03
6.616000000000000000e+03
6.784000000000000000e+03
6.476000000000000000e+03
6.748000000000000000e+03
6.336000000000000000e+03
6.242000000000000000e+03
6.494000000000000000e+03
6.492000000000000000e+03
6.298000000000000000e+03
6.446000000000000000e+03
6.212000000000000000e+03
6.366000000000000000e+03
6.392000000000000000e+03
