6.464000000000000000e+03
5.888000000000000000e+03
6.592000000000000000e+03
6.208000000000000000e+03
5.952000000000000000e+03
6.272000000000000000e+03
6.592000000000000000e+03
6.848000000000000000e+03
7.104000000000000000e+03
6.976000000000000000e+03
6.592000000000000000e+03
7.680000000000000000e+03
6.784000000000000000e+03
6.720000000000000000e+03
6.464000000000000000e+03
6.016000000000000000e+03
6.528000000000000000e+03
6.336000000000000000e+03
6.208000000000000000e+03
7.232000000000000000e+03
7.232000000000000000e+03
7.168000000000000000e+03
6.848000000000000000e+03
7.744000000000000000e+03
6.400000000000000000e+03
7.680000000000000000e+03
8.320000000000000000e+03
6.336000000000000000e+03
6.528000000000000000e+03
5.952000000000000000e+03
8.384000000000000000e+03
7.104000000000000000e+03
7.168000000000000000e+03
6.976000000000000000e+03
8.576000000000000000e+03
7.552000000000000000e+03
6.592000000000000000e+03
7.744000000000000000e+03
7.744000000000000000e+03
8.000000000000000000e+03
7.360000000000000000e+03
7.424000000000000000e+03
6.912000000000000000e+03
7.104000000000000000e+03
7.488000000000000000e+03
6.912000000000000000e+03
7.680000000000000000e+03
8.000000000000000000e+03
5.824000000000000000e+03
7.296000000000000000e+03
9.600000000000000000e+03
8.000000000000000000e+03
8.384000000000000000e+03
8.384000000000000000e+03
9.088000000000000000e+03
8.000000000000000000e+03
8.320000000000000000e+03
7.488000000000000000e+03
7.296000000000000000e+03
8.320000000000000000e+03
8.320000000000000000e+03
7.744000000000000000e+03
7.360000000000000000e+03
8.064000000000000000e+03
8.576000000000000000e+03
8.000000000000000000e+03
9.600000000000000000e+03
8.512000000000000000e+03
8.832000000000000000e+03
6.912000000000000000e+03
8.960000000000000000e+03
8.448000000000000000e+03
8.192000000000000000e+03
7.104000000000000000e+03
9.216000000000000000e+03
8.192000000000000000e+03
7.552000000000000000e+03
9.024000000000000000e+03
9.088000000000000000e+03
8.832000000000000000e+03
9.472000000000000000e+03
1.056000000000000000e+04
8.128000000000000000e+03
7.360000000000000000e+03
1.043200000000000000e+04
1.017600000000000000e+04
1.075200000000000000e+04
9.024000000000000000e+03
8.704000000000000000e+03
9.984000000000000000e+03
1.081600000000000000e+04
9.472000000000000000e+03
8.832000000000000000e+03
9.792000000000000000e+03
1.017600000000000000e+04
8.704000000000000000e+03
9.024000000000000000e+03
8.704000000000000000e+03
9.920000000000000000e+03
1.171200000000000000e+04
9.280000000000000000e+03
9.728000000000000000e+03
1.132800000000000000e+04
9.408000000000000000e+03
1.100800000000000000e+04
1.024000000000000000e+04
9.792000000000000000e+03
9.792000000000000000e+03
1.030400000000000000e+04
9.344000000000000000e+03
1.062400000000000000e+04
9.472000000000000000e+03
9.216000000000000000e+03
1.017600000000000000e+04
9.088000000000000000e+03
1.056000000000000000e+04
1.241600000000000000e+04
1.004800000000000000e+04
1.171200000000000000e+04
1.152000000000000000e+04
1.017600000000000000e+04
1.094400000000000000e+04
1.004800000000000000e+04
1.196800000000000000e+04
1.081600000000000000e+04
1.139200000000000000e+04
1.011200000000000000e+04
9.984000000000000000e+03
1.100800000000000000e+04
1.056000000000000000e+04
1.184000000000000000e+04
1.222400000000000000e+04
1.100800000000000000e+04
1.152000000000000000e+04
1.382400000000000000e+04
1.062400000000000000e+04
1.088000000000000000e+04
1.158400000000000000e+04
1.088000000000000000e+04
1.152000000000000000e+04
1.126400000000000000e+04
1.203200000000000000e+04
1.164800000000000000e+04
1.305600000000000000e+04
1.312000000000000000e+04
1.209600000000000000e+04
1.260800000000000000e+04
1.331200000000000000e+04
1.376000000000000000e+04
1.369600000000000000e+04
1.388800000000000000e+04
1.401600000000000000e+04
1.120000000000000000e+04
1.235200000000000000e+04
1.337600000000000000e+04
1.254400000000000000e+04
1.401600000000000000e+04
1.235200000000000000e+04
1.196800000000000000e+04
1.292800000000000000e+04
1.196800000000000000e+04
1.094400000000000000e+04
1.286400000000000000e+04
1.478400000000000000e+04
1.305600000000000000e+04
1.337600000000000000e+04
1.516800000000000000e+04
1.305600000000000000e+04
1.452800000000000000e+04
1.491200000000000000e+04
1.286400000000000000e+04
1.523200000000000000e+04
1.459200000000000000e+04
1.536000000000000000e+04
1.376000000000000000e+04
1.408000000000000000e+04
1.465600000000000000e+04
1.484800000000000000e+04
1.472000000000000000e+04
1.472000000000000000e+04
1.619200000000000000e+04
1.664000000000000000e+04
1.427200000000000000e+04
1.555200000000000000e+04
1.580800000000000000e+04
1.555200000000000000e+04
1.536000000000000000e+04
1.555200000000000000e+04
1.843200000000000000e+04
1.811200000000000000e+04
1.644800000000000000e+04
1.664000000000000000e+04
1.452800000000000000e+04
1.593600000000000000e+04
1.651200000000000000e+04
1.657600000000000000e+04
1.728000000000000000e+04
1.664000000000000000e+04
1.664000000000000000e+04
1.689600000000000000e+04
1.548800000000000000e+04
1.753600000000000000e+04
1.574400000000000000e+04
1.606400000000000000e+04
1.792000000000000000e+04
1.792000000000000000e+04
1.881600000000000000e+04
1.830400000000000000e+04
1.836800000000000000e+04
1.798400000000000000e+04
1.945600000000000000e+04
1.913600000000000000e+04
1.888000000000000000e+04
1.926400000000000000e+04
1.958400000000000000e+04
1.766400000000000000e+04
1.856000000000000000e+04
2.086400000000000000e+04
1.881600000000000000e+04
1.824000000000000000e+04
1.824000000000000000e+04
2.016000000000000000e+04
1.836800000000000000e+04
2.252800000000000000e+04
2.086400000000000000e+04
1.945600000000000000e+04
2.022400000000000000e+04
2.099200000000000000e+04
2.188800000000000000e+04
2.073600000000000000e+04
2.278400000000000000e+04
2.086400000000000000e+04
2.022400000000000000e+04
2.291200000000000000e+04
2.259200000000000000e+04
2.323200000000000000e+04
2.003200000000000000e+04
2.342400000000000000e+04
2.316800000000000000e+04
2.291200000000000000e+04
2.444800000000000000e+04
2.086400000000000000e+04
2.419200000000000000e+04
2.316800000000000000e+04
2.374400000000000000e+04
2.297600000000000000e+04
2.387200000000000000e+04
2.528000000000000000e+04
2.854400000000000000e+04
2.310400000000000000e+04
2.649600000000000000e+04
2.464000000000000000e+04
2.361600000000000000e+04
2.649600000000000000e+04
2.220800000000000000e+04
2.700800000000000000e+04
2.470400000000000000e+04
2.604800000000000000e+04
2.508800000000000000e+04
2.636800000000000000e+04
2.816000000000000000e+04
2.771200000000000000e+04
2.848000000000000000e+04
2.764800000000000000e+04
2.873600000000000000e+04
2.681600000000000000e+04
2.982400000000000000e+04
2.777600000000000000e+04
2.848000000000000000e+04
2.835200000000000000e+04
2.867200000000000000e+04
2.700800000000000000e+04
2.854400000000000000e+04
2.726400000000000000e+04
2.976000000000000000e+04
3.097600000000000000e+04
3.078400000000000000e+04
3.308800000000000000e+04
3.091200000000000000e+04
3.340800000000000000e+04
2.835200000000000000e+04
3.340800000000000000e+04
3.366400000000000000e+04
3.449600000000000000e+04
3.091200000000000000e+04
3.219200000000000000e+04
3.328000000000000000e+04
3.315200000000000000e+04
3.424000000000000000e+04
3.424000000000000000e+04
3.360000000000000000e+04
3.635200000000000000e+04
3.532800000000000000e+04
3.347200000000000000e+04
3.571200000000000000e+04
3.750400000000000000e+04
3.443200000000000000e+04
3.622400000000000000e+04
3.737600000000000000e+04
3.801600000000000000e+04
3.667200000000000000e+04
3.814400000000000000e+04
3.596800000000000000e+04
3.974400000000000000e+04
3.872000000000000000e+04
3.859200000000000000e+04
3.840000000000000000e+04
4.051200000000000000e+04
4.179200000000000000e+04
4.000000000000000000e+04
4.460800000000000000e+04
4.307200000000000000e+04
3.961600000000000000e+04
4.153600000000000000e+04
4.320000000000000000e+04
4.224000000000000000e+04
4.358400000000000000e+04
4.128000000000000000e+04
4.691200000000000000e+04
4.390400000000000000e+04
4.576000000000000000e+04
4.812800000000000000e+04
4.435200000000000000e+04
4.966400000000000000e+04
4.800000000000000000e+04
5.158400000000000000e+04
5.158400000000000000e+04
4.992000000000000000e+04
4.774400000000000000e+04
5.088000000000000000e+04
5.254400000000000000e+04
5.363200000000000000e+04
4.934400000000000000e+04
4.902400000000000000e+04
5.606400000000000000e+04
5.696000000000000000e+04
5.324800000000000000e+04
5.708800000000000000e+04
5.676800000000000000e+04
5.907200000000000000e+04
5.843200000000000000e+04
5.683200000000000000e+04
5.856000000000000000e+04
5.785600000000000000e+04
6.406400000000000000e+04
5.990400000000000000e+04
6.342400000000000000e+04
6.105600000000000000e+04
6.348800000000000000e+04
6.169600000000000000e+04
6.406400000000000000e+04
6.470400000000000000e+04
6.336000000000000000e+04
6.412800000000000000e+04
6.368000000000000000e+04
6.835200000000000000e+04
6.835200000000000000e+04
6.803200000000000000e+04
6.982400000000000000e+04
7.270400000000000000e+04
7.142400000000000000e+04
6.982400000000000000e+04
7.353600000000000000e+04
7.814400000000000000e+04
7.980800000000000000e+04
7.347200000000000000e+04
7.686400000000000000e+04
7.833600000000000000e+04
7.859200000000000000e+04
8.083200000000000000e+04
8.076800000000000000e+04
8.384000000000000000e+04
8.217600000000000000e+04
8.870400000000000000e+04
8.806400000000000000e+04
8.998400000000000000e+04
8.915200000000000000e+04
9.184000000000000000e+04
8.998400000000000000e+04
9.484800000000000000e+04
9.728000000000000000e+04
9.907200000000000000e+04
9.344000000000000000e+04
9.472000000000000000e+04
1.020800000000000000e+05
1.048960000000000000e+05
1.013760000000000000e+05
1.043200000000000000e+05
1.105280000000000000e+05
1.065600000000000000e+05
1.050880000000000000e+05
1.132160000000000000e+05
1.108480000000000000e+05
1.116800000000000000e+05
1.115520000000000000e+05
1.182720000000000000e+05
1.190400000000000000e+05
1.204480000000000000e+05
1.201280000000000000e+05
1.265920000000000000e+05
1.262080000000000000e+05
1.303040000000000000e+05
1.355520000000000000e+05
1.352960000000000000e+05
1.400320000000000000e+05
1.388800000000000000e+05
1.394560000000000000e+05
1.366400000000000000e+05
1.480960000000000000e+05
1.468800000000000000e+05
1.547520000000000000e+05
1.491840000000000000e+05
1.609600000000000000e+05
1.621120000000000000e+05
1.621120000000000000e+05
1.648000000000000000e+05
1.692160000000000000e+05
1.662720000000000000e+05
1.769600000000000000e+05
1.818880000000000000e+05
1.845760000000000000e+05
1.818880000000000000e+05
1.831680000000000000e+05
1.874560000000000000e+05
1.957760000000000000e+05
1.924480000000000000e+05
1.990400000000000000e+05
2.049920000000000000e+05
2.147840000000000000e+05
2.142720000000000000e+05
2.149120000000000000e+05
2.175360000000000000e+05
2.250240000000000000e+05
2.314880000000000000e+05
2.363520000000000000e+05
2.424320000000000000e+05
2.446080000000000000e+05
2.548480000000000000e+05
2.442240000000000000e+05
2.632960000000000000e+05
2.590080000000000000e+05
2.746240000000000000e+05
2.760320000000000000e+05
2.784640000000000000e+05
2.898560000000000000e+05
2.915840000000000000e+05
2.865280000000000000e+05
2.999680000000000000e+05
3.061760000000000000e+05
3.152000000000000000e+05
3.236480000000000000e+05
3.320960000000000000e+05
3.356800000000000000e+05
3.443840000000000000e+05
3.409920000000000000e+05
3.509760000000000000e+05
3.551360000000000000e+05
3.704320000000000000e+05
3.742720000000000000e+05
3.873920000000000000e+05
3.954560000000000000e+05
3.942400000000000000e+05
4.150400000000000000e+05
4.090880000000000000e+05
4.179200000000000000e+05
4.237440000000000000e+05
4.299520000000000000e+05
4.530560000000000000e+05
4.626560000000000000e+05
4.608000000000000000e+05
4.649600000000000000e+05
4.731520000000000000e+05
4.878720000000000000e+05
5.023360000000000000e+05
5.043840000000000000e+05
5.169280000000000000e+05
5.233920000000000000e+05
5.284480000000000000e+05
5.365760000000000000e+05
5.535360000000000000e+05
5.475200000000000000e+05
5.508480000000000000e+05
5.701120000000000000e+05
5.699200000000000000e+05
5.799040000000000000e+05
5.882240000000000000e+05
5.978240000000000000e+05
6.091520000000000000e+05
6.072320000000000000e+05
6.227200000000000000e+05
6.237440000000000000e+05
6.094080000000000000e+05
6.266240000000000000e+05
6.268160000000000000e+05
6.258560000000000000e+05
6.252160000000000000e+05
6.368640000000000000e+05
6.384640000000000000e+05
6.347520000000000000e+05
6.368000000000000000e+05
6.348160000000000000e+05
6.421120000000000000e+05
6.252800000000000000e+05
6.302720000000000000e+05
6.232960000000000000e+05
6.345600000000000000e+05
6.305920000000000000e+05
6.272640000000000000e+05
6.176640000000000000e+05
6.209280000000000000e+05
6.111360000000000000e+05
6.077440000000000000e+05
6.003840000000000000e+05
5.911680000000000000e+05
5.930240000000000000e+05
5.824640000000000000e+05
5.718400000000000000e+05
5.539200000000000000e+05
5.541760000000000000e+05
5.547520000000000000e+05
5.498880000000000000e+05
5.331200000000000000e+05
5.224960000000000000e+05
5.191680000000000000e+05
5.141120000000000000e+05
5.116800000000000000e+05
4.952320000000000000e+05
4.877440000000000000e+05
4.753920000000000000e+05
4.791040000000000000e+05
4.574080000000000000e+05
4.592640000000000000e+05
4.529280000000000000e+05
4.421120000000000000e+05
4.481280000000000000e+05
4.321920000000000000e+05
4.096640000000000000e+05
4.146560000000000000e+05
3.891840000000000000e+05
3.952000000000000000e+05
3.820160000000000000e+05
3.746560000000000000e+05
3.664000000000000000e+05
3.645440000000000000e+05
3.581440000000000000e+05
3.469440000000000000e+05
3.399040000000000000e+05
3.317120000000000000e+05
3.381760000000000000e+05
3.119360000000000000e+05
3.169280000000000000e+05
3.140480000000000000e+05
3.148800000000000000e+05
3.020160000000000000e+05
2.918400000000000000e+05
2.782720000000000000e+05
2.773120000000000000e+05
2.724480000000000000e+05
2.736640000000000000e+05
2.638080000000000000e+05
2.602880000000000000e+05
2.547200000000000000e+05
2.462720000000000000e+05
2.452480000000000000e+05
2.376960000000000000e+05
2.289920000000000000e+05
2.316160000000000000e+05
2.246400000000000000e+05
2.216960000000000000e+05
2.135040000000000000e+05
2.167040000000000000e+05
2.110080000000000000e+05
2.057600000000000000e+05
1.978240000000000000e+05
1.990400000000000000e+05
1.951360000000000000e+05
1.925760000000000000e+05
1.847040000000000000e+05
1.824640000000000000e+05
1.859840000000000000e+05
1.777280000000000000e+05
1.749120000000000000e+05
1.736320000000000000e+05
1.674240000000000000e+05
1.653120000000000000e+05
1.596800000000000000e+05
1.557120000000000000e+05
1.605120000000000000e+05
1.527040000000000000e+05
1.532800000000000000e+05
1.511040000000000000e+05
1.473920000000000000e+05
1.384960000000000000e+05
1.394560000000000000e+05
1.384320000000000000e+05
1.344640000000000000e+05
1.321600000000000000e+05
1.348480000000000000e+05
1.296000000000000000e+05
1.333760000000000000e+05
1.265920000000000000e+05
1.209600000000000000e+05
1.201920000000000000e+05
1.185920000000000000e+05
1.235200000000000000e+05
1.265280000000000000e+05
1.148800000000000000e+05
1.184000000000000000e+05
1.085440000000000000e+05
1.093120000000000000e+05
1.085440000000000000e+05
1.046400000000000000e+05
1.038720000000000000e+05
1.061760000000000000e+05
1.071360000000000000e+05
1.056000000000000000e+05
9.715200000000000000e+04
9.971200000000000000e+04
9.734400000000000000e+04
9.280000000000000000e+04
9.996800000000000000e+04
9.369600000000000000e+04
9.216000000000000000e+04
9.113600000000000000e+04
8.908800000000000000e+04
8.800000000000000000e+04
8.601600000000000000e+04
8.358400000000000000e+04
8.307200000000000000e+04
8.339200000000000000e+04
8.256000000000000000e+04
8.057600000000000000e+04
7.833600000000000000e+04
7.564800000000000000e+04
7.308800000000000000e+04
7.737600000000000000e+04
7.955200000000000000e+04
7.072000000000000000e+04
7.302400000000000000e+04
7.667200000000000000e+04
7.334400000000000000e+04
6.841600000000000000e+04
6.816000000000000000e+04
7.110400000000000000e+04
6.572800000000000000e+04
6.425600000000000000e+04
7.020800000000000000e+04
6.361600000000000000e+04
6.438400000000000000e+04
6.240000000000000000e+04
6.816000000000000000e+04
6.028800000000000000e+04
6.188800000000000000e+04
6.336000000000000000e+04
6.105600000000000000e+04
5.894400000000000000e+04
5.747200000000000000e+04
5.836800000000000000e+04
5.779200000000000000e+04
5.606400000000000000e+04
5.824000000000000000e+04
5.702400000000000000e+04
5.286400000000000000e+04
5.497600000000000000e+04
5.446400000000000000e+04
5.299200000000000000e+04
5.107200000000000000e+04
5.088000000000000000e+04
5.100800000000000000e+04
4.832000000000000000e+04
5.184000000000000000e+04
4.851200000000000000e+04
4.825600000000000000e+04
5.177600000000000000e+04
4.768000000000000000e+04
4.908800000000000000e+04
4.723200000000000000e+04
4.729600000000000000e+04
4.908800000000000000e+04
4.550400000000000000e+04
4.307200000000000000e+04
4.550400000000000000e+04
4.652800000000000000e+04
4.486400000000000000e+04
4.236800000000000000e+04
4.262400000000000000e+04
4.537600000000000000e+04
4.313600000000000000e+04
4.153600000000000000e+04
3.872000000000000000e+04
4.051200000000000000e+04
4.153600000000000000e+04
3.763200000000000000e+04
3.884800000000000000e+04
4.211200000000000000e+04
3.782400000000000000e+04
3.712000000000000000e+04
3.833600000000000000e+04
3.744000000000000000e+04
3.545600000000000000e+04
3.628800000000000000e+04
3.648000000000000000e+04
3.769600000000000000e+04
3.360000000000000000e+04
3.737600000000000000e+04
3.449600000000000000e+04
3.814400000000000000e+04
3.225600000000000000e+04
3.622400000000000000e+04
3.520000000000000000e+04
3.270400000000000000e+04
3.545600000000000000e+04
3.257600000000000000e+04
3.347200000000000000e+04
3.238400000000000000e+04
3.084800000000000000e+04
3.456000000000000000e+04
3.155200000000000000e+04
3.270400000000000000e+04
3.443200000000000000e+04
3.289600000000000000e+04
3.276800000000000000e+04
3.257600000000000000e+04
3.251200000000000000e+04
2.976000000000000000e+04
2.803200000000000000e+04
2.758400000000000000e+04
2.912000000000000000e+04
2.713600000000000000e+04
2.784000000000000000e+04
2.777600000000000000e+04
2.816000000000000000e+04
2.892800000000000000e+04
2.816000000000000000e+04
2.707200000000000000e+04
2.822400000000000000e+04
2.688000000000000000e+04
2.636800000000000000e+04
2.732800000000000000e+04
2.489600000000000000e+04
2.649600000000000000e+04
2.624000000000000000e+04
2.777600000000000000e+04
2.502400000000000000e+04
2.374400000000000000e+04
2.515200000000000000e+04
2.579200000000000000e+04
2.496000000000000000e+04
2.387200000000000000e+04
2.323200000000000000e+04
2.368000000000000000e+04
2.432000000000000000e+04
2.233600000000000000e+04
2.393600000000000000e+04
2.329600000000000000e+04
2.214400000000000000e+04
2.252800000000000000e+04
2.380800000000000000e+04
2.112000000000000000e+04
2.272000000000000000e+04
2.380800000000000000e+04
2.265600000000000000e+04
2.227200000000000000e+04
2.240000000000000000e+04
2.240000000000000000e+04
2.163200000000000000e+04
2.291200000000000000e+04
2.035200000000000000e+04
2.048000000000000000e+04
2.048000000000000000e+04
1.920000000000000000e+04
2.009600000000000000e+04
1.798400000000000000e+04
1.900800000000000000e+04
1.990400000000000000e+04
2.054400000000000000e+04
2.054400000000000000e+04
2.163200000000000000e+04
2.272000000000000000e+04
1.920000000000000000e+04
2.169600000000000000e+04
1.913600000000000000e+04
2.016000000000000000e+04
2.041600000000000000e+04
1.875200000000000000e+04
1.881600000000000000e+04
1.856000000000000000e+04
1.657600000000000000e+04
1.830400000000000000e+04
2.060800000000000000e+04
1.888000000000000000e+04
1.766400000000000000e+04
1.753600000000000000e+04
1.657600000000000000e+04
1.760000000000000000e+04
1.888000000000000000e+04
1.843200000000000000e+04
1.708800000000000000e+04
1.772800000000000000e+04
1.817600000000000000e+04
1.593600000000000000e+04
1.657600000000000000e+04
1.452800000000000000e+04
1.683200000000000000e+04
1.708800000000000000e+04
1.696000000000000000e+04
1.606400000000000000e+04
1.472000000000000000e+04
1.689600000000000000e+04
1.542400000000000000e+04
1.536000000000000000e+04
1.811200000000000000e+04
1.523200000000000000e+04
1.459200000000000000e+04
1.401600000000000000e+04
1.516800000000000000e+04
1.574400000000000000e+04
1.459200000000000000e+04
1.420800000000000000e+04
1.561600000000000000e+04
1.625600000000000000e+04
1.516800000000000000e+04
1.504000000000000000e+04
1.491200000000000000e+04
1.561600000000000000e+04
1.747200000000000000e+04
1.504000000000000000e+04
1.401600000000000000e+04
1.587200000000000000e+04
1.625600000000000000e+04
1.401600000000000000e+04
1.216000000000000000e+04
1.408000000000000000e+04
1.318400000000000000e+04
1.408000000000000000e+04
1.369600000000000000e+04
1.408000000000000000e+04
1.344000000000000000e+04
1.312000000000000000e+04
1.382400000000000000e+04
1.350400000000000000e+04
1.107200000000000000e+04
1.273600000000000000e+04
1.203200000000000000e+04
1.395200000000000000e+04
1.241600000000000000e+04
1.190400000000000000e+04
1.292800000000000000e+04
1.184000000000000000e+04
1.312000000000000000e+04
1.164800000000000000e+04
1.286400000000000000e+04
1.216000000000000000e+04
1.305600000000000000e+04
1.382400000000000000e+04
1.254400000000000000e+04
1.280000000000000000e+04
1.184000000000000000e+04
1.190400000000000000e+04
1.248000000000000000e+04
1.235200000000000000e+04
1.158400000000000000e+04
1.440000000000000000e+04
1.222400000000000000e+04
1.273600000000000000e+04
1.075200000000000000e+04
1.209600000000000000e+04
1.177600000000000000e+04
1.254400000000000000e+04
1.139200000000000000e+04
1.113600000000000000e+04
1.164800000000000000e+04
1.081600000000000000e+04
1.171200000000000000e+04
1.280000000000000000e+04
1.062400000000000000e+04
1.075200000000000000e+04
1.075200000000000000e+04
1.132800000000000000e+04
1.036800000000000000e+04
1.254400000000000000e+04
9.664000000000000000e+03
1.164800000000000000e+04
1.190400000000000000e+04
1.081600000000000000e+04
9.664000000000000000e+03
1.132800000000000000e+04
1.081600000000000000e+04
1.024000000000000000e+04
9.984000000000000000e+03
1.081600000000000000e+04
1.126400000000000000e+04
1.056000000000000000e+04
1.113600000000000000e+04
8.768000000000000000e+03
9.408000000000000000e+03
9.536000000000000000e+03
9.600000000000000000e+03
1.094400000000000000e+04
9.408000000000000000e+03
8.640000000000000000e+03
1.024000000000000000e+04
1.152000000000000000e+04
9.664000000000000000e+03
9.984000000000000000e+03
1.017600000000000000e+04
1.011200000000000000e+04
8.768000000000000000e+03
9.216000000000000000e+03
1.011200000000000000e+04
9.216000000000000000e+03
8.384000000000000000e+03
9.088000000000000000e+03
8.512000000000000000e+03
9.216000000000000000e+03
9.472000000000000000e+03
9.920000000000000000e+03
8.512000000000000000e+03
8.512000000000000000e+03
9.152000000000000000e+03
9.472000000000000000e+03
8.384000000000000000e+03
9.536000000000000000e+03
9.088000000000000000e+03
8.896000000000000000e+03
9.536000000000000000e+03
9.408000000000000000e+03
8.768000000000000000e+03
7.616000000000000000e+03
7.744000000000000000e+03
7.936000000000000000e+03
9.024000000000000000e+03
8.512000000000000000e+03
8.832000000000000000e+03
8.448000000000000000e+03
7.936000000000000000e+03
9.152000000000000000e+03
8.640000000000000000e+03
7.808000000000000000e+03
9.536000000000000000e+03
7.360000000000000000e+03
8.832000000000000000e+03
9.664000000000000000e+03
9.024000000000000000e+03
8.768000000000000000e+03
7.232000000000000000e+03
7.552000000000000000e+03
7.040000000000000000e+03
6.976000000000000000e+03
6.208000000000000000e+03
7.488000000000000000e+03
8.320000000000000000e+03
7.296000000000000000e+03
8.128000000000000000e+03
7.808000000000000000e+03
8.640000000000000000e+03
6.912000000000000000e+03
7.680000000000000000e+03
6.528000000000000000e+03
8.448000000000000000e+03
7.936000000000000000e+03
8.256000000000000000e+03
7.424000000000000000e+03
7.872000000000000000e+03
8.448000000000000000e+03
7.040000000000000000e+03
7.488000000000000000e+03
7.296000000000000000e+03
6.656000000000000000e+03
6.912000000000000000e+03
6.464000000000000000e+03
7.616000000000000000e+03
6.144000000000000000e+03
7.168000000000000000e+03
7.104000000000000000e+03
5.952000000000000000e+03
5.824000000000000000e+03
6.016000000000000000e+03
7.424000000000000000e+03
7.168000000000000000e+03
6.144000000000000000e+03
7.808000000000000000e+03
7.360000000000000000e+03
5.952000000000000000e+03
6.080000000000000000e+03
6.208000000000000000e+03
7.616000000000000000e+03
6.144000000000000000e+03
5.696000000000000000e+03
5.696000000000000000e+03
6.016000000000000000e+03
5.568000000000000000e+03
5.184000000000000000e+03
6.912000000000000000e+03
6.272000000000000000e+03
4.992000000000000000e+03
7.104000000000000000e+03
6.272000000000000000e+03
6.016000000000000000e+03
6.528000000000000000e+03
