6.906000000000000000e+03
7.555000000000000000e+03
5.127000000000000000e+03
5.510000000000000000e+03
4.998000000000000000e+03
6.779000000000000000e+03
6.156000000000000000e+03
7.927000000000000000e+03
6.905000000000000000e+03
6.155000000000000000e+03
4.495000000000000000e+03
6.782000000000000000e+03
6.535000000000000000e+03
6.291000000000000000e+03
5.907000000000000000e+03
5.888000000000000000e+03
5.253000000000000000e+03
6.166000000000000000e+03
5.882000000000000000e+03
6.783000000000000000e+03
7.552000000000000000e+03
7.929000000000000000e+03
7.919000000000000000e+03
5.894000000000000000e+03
6.915000000000000000e+03
5.258000000000000000e+03
5.395000000000000000e+03
6.273000000000000000e+03
7.058000000000000000e+03
5.635000000000000000e+03
6.533000000000000000e+03
8.692000000000000000e+03
7.672000000000000000e+03
8.439000000000000000e+03
7.301000000000000000e+03
7.929000000000000000e+03
7.424000000000000000e+03
7.543000000000000000e+03
5.915000000000000000e+03
6.411000000000000000e+03
8.954000000000000000e+03
7.157000000000000000e+03
6.673000000000000000e+03
7.943000000000000000e+03
7.179000000000000000e+03
8.953000000000000000e+03
5.388000000000000000e+03
6.907000000000000000e+03
7.173000000000000000e+03
6.920000000000000000e+03
9.720000000000000000e+03
7.811000000000000000e+03
7.172000000000000000e+03
8.832000000000000000e+03
7.677000000000000000e+03
7.808000000000000000e+03
8.195000000000000000e+03
6.536000000000000000e+03
8.193000000000000000e+03
8.320000000000000000e+03
8.324000000000000000e+03
8.567000000000000000e+03
9.332000000000000000e+03
8.567000000000000000e+03
6.159000000000000000e+03
9.076000000000000000e+03
8.460000000000000000e+03
6.788000000000000000e+03
7.696000000000000000e+03
8.836000000000000000e+03
8.827000000000000000e+03
9.604000000000000000e+03
9.847000000000000000e+03
8.194000000000000000e+03
8.839000000000000000e+03
9.965000000000000000e+03
9.215000000000000000e+03
7.302000000000000000e+03
8.593000000000000000e+03
8.688000000000000000e+03
9.081000000000000000e+03
1.035600000000000000e+04
8.198000000000000000e+03
7.181000000000000000e+03
8.196000000000000000e+03
9.967000000000000000e+03
9.346000000000000000e+03
9.974000000000000000e+03
9.087000000000000000e+03
1.161500000000000000e+04
8.451000000000000000e+03
1.074900000000000000e+04
1.037300000000000000e+04
8.455000000000000000e+03
1.036700000000000000e+04
9.343000000000000000e+03
8.588000000000000000e+03
7.564000000000000000e+03
9.236000000000000000e+03
9.097000000000000000e+03
9.102000000000000000e+03
9.725000000000000000e+03
8.324000000000000000e+03
8.204000000000000000e+03
1.125400000000000000e+04
1.024200000000000000e+04
8.954000000000000000e+03
1.010600000000000000e+04
1.087300000000000000e+04
1.022800000000000000e+04
8.578000000000000000e+03
1.126400000000000000e+04
1.089100000000000000e+04
9.346000000000000000e+03
1.037300000000000000e+04
9.482000000000000000e+03
8.721000000000000000e+03
9.846000000000000000e+03
1.124800000000000000e+04
1.125700000000000000e+04
1.188900000000000000e+04
1.226200000000000000e+04
1.024200000000000000e+04
1.101200000000000000e+04
1.126700000000000000e+04
9.743000000000000000e+03
1.290400000000000000e+04
1.215000000000000000e+04
1.202300000000000000e+04
1.052500000000000000e+04
1.088900000000000000e+04
9.232000000000000000e+03
1.202500000000000000e+04
1.355500000000000000e+04
9.998000000000000000e+03
1.150800000000000000e+04
1.127400000000000000e+04
1.254900000000000000e+04
1.128500000000000000e+04
1.417700000000000000e+04
1.203800000000000000e+04
1.307400000000000000e+04
9.499000000000000000e+03
1.328800000000000000e+04
1.241400000000000000e+04
1.367500000000000000e+04
1.305400000000000000e+04
1.253800000000000000e+04
1.165200000000000000e+04
1.239500000000000000e+04
1.127700000000000000e+04
1.178900000000000000e+04
1.026100000000000000e+04
1.381300000000000000e+04
1.165900000000000000e+04
1.407000000000000000e+04
1.623300000000000000e+04
1.396000000000000000e+04
1.432200000000000000e+04
1.305900000000000000e+04
1.165700000000000000e+04
1.521400000000000000e+04
1.281400000000000000e+04
1.558800000000000000e+04
1.344400000000000000e+04
1.267700000000000000e+04
1.368900000000000000e+04
1.534000000000000000e+04
1.456600000000000000e+04
1.547400000000000000e+04
1.279600000000000000e+04
1.433300000000000000e+04
1.344600000000000000e+04
1.560900000000000000e+04
1.586600000000000000e+04
1.560700000000000000e+04
1.434000000000000000e+04
1.624300000000000000e+04
1.637200000000000000e+04
1.447000000000000000e+04
1.421400000000000000e+04
1.623700000000000000e+04
1.536900000000000000e+04
1.548000000000000000e+04
1.687700000000000000e+04
1.483900000000000000e+04
1.508600000000000000e+04
1.624500000000000000e+04
1.447400000000000000e+04
1.777400000000000000e+04
2.032700000000000000e+04
1.637800000000000000e+04
1.715400000000000000e+04
1.678900000000000000e+04
1.651900000000000000e+04
1.499800000000000000e+04
1.905400000000000000e+04
2.057900000000000000e+04
1.729200000000000000e+04
1.802500000000000000e+04
1.487700000000000000e+04
1.512400000000000000e+04
1.815300000000000000e+04
1.563200000000000000e+04
2.019300000000000000e+04
1.615300000000000000e+04
1.845300000000000000e+04
1.969900000000000000e+04
1.767900000000000000e+04
1.945000000000000000e+04
1.425100000000000000e+04
2.033800000000000000e+04
2.044900000000000000e+04
1.716800000000000000e+04
1.700500000000000000e+04
1.931200000000000000e+04
1.933000000000000000e+04
1.893900000000000000e+04
2.086000000000000000e+04
2.364600000000000000e+04
1.768700000000000000e+04
2.237700000000000000e+04
1.919800000000000000e+04
2.149500000000000000e+04
2.401200000000000000e+04
2.060300000000000000e+04
1.984000000000000000e+04
2.046500000000000000e+04
2.074500000000000000e+04
2.276900000000000000e+04
2.122900000000000000e+04
2.176100000000000000e+04
2.265900000000000000e+04
2.074600000000000000e+04
2.340100000000000000e+04
2.112300000000000000e+04
2.290800000000000000e+04
2.394300000000000000e+04
2.239800000000000000e+04
2.494400000000000000e+04
2.293100000000000000e+04
2.405700000000000000e+04
2.178000000000000000e+04
2.443800000000000000e+04
2.456400000000000000e+04
2.354400000000000000e+04
2.137600000000000000e+04
2.418500000000000000e+04
2.241200000000000000e+04
2.522000000000000000e+04
2.254400000000000000e+04
2.571100000000000000e+04
2.305300000000000000e+04
2.585800000000000000e+04
2.621500000000000000e+04
2.547100000000000000e+04
2.510000000000000000e+04
2.258700000000000000e+04
2.658800000000000000e+04
2.507000000000000000e+04
2.739800000000000000e+04
2.942000000000000000e+04
2.597700000000000000e+04
2.929200000000000000e+04
2.786900000000000000e+04
2.651600000000000000e+04
2.801900000000000000e+04
2.815800000000000000e+04
2.826600000000000000e+04
2.832300000000000000e+04
3.123500000000000000e+04
2.751500000000000000e+04
3.251200000000000000e+04
3.122200000000000000e+04
2.906500000000000000e+04
2.971700000000000000e+04
2.818000000000000000e+04
3.033200000000000000e+04
2.817700000000000000e+04
2.729000000000000000e+04
2.802100000000000000e+04
3.097200000000000000e+04
2.995800000000000000e+04
2.946400000000000000e+04
3.189000000000000000e+04
3.418400000000000000e+04
3.226500000000000000e+04
3.075000000000000000e+04
3.543700000000000000e+04
3.608200000000000000e+04
3.391900000000000000e+04
3.226300000000000000e+04
3.419200000000000000e+04
3.609100000000000000e+04
3.596100000000000000e+04
3.406400000000000000e+04
3.699100000000000000e+04
3.331900000000000000e+04
3.789800000000000000e+04
3.712800000000000000e+04
3.549800000000000000e+04
3.472300000000000000e+04
4.131500000000000000e+04
3.867100000000000000e+04
3.597800000000000000e+04
4.130100000000000000e+04
3.919400000000000000e+04
4.232100000000000000e+04
3.942700000000000000e+04
4.441200000000000000e+04
4.352900000000000000e+04
4.198900000000000000e+04
4.211600000000000000e+04
4.962000000000000000e+04
4.354900000000000000e+04
4.300800000000000000e+04
4.454300000000000000e+04
4.660600000000000000e+04
4.439300000000000000e+04
4.558100000000000000e+04
4.609000000000000000e+04
4.466700000000000000e+04
4.482300000000000000e+04
4.544000000000000000e+04
4.759800000000000000e+04
4.835900000000000000e+04
4.991000000000000000e+04
4.956200000000000000e+04
5.025300000000000000e+04
5.488100000000000000e+04
5.422200000000000000e+04
5.345000000000000000e+04
5.287900000000000000e+04
4.980000000000000000e+04
5.187100000000000000e+04
5.134700000000000000e+04
4.728000000000000000e+04
5.417500000000000000e+04
5.780500000000000000e+04
5.451900000000000000e+04
5.340100000000000000e+04
5.605800000000000000e+04
5.962700000000000000e+04
6.027800000000000000e+04
6.107700000000000000e+04
5.789700000000000000e+04
6.613200000000000000e+04
6.105600000000000000e+04
5.892200000000000000e+04
6.230400000000000000e+04
6.450000000000000000e+04
6.856700000000000000e+04
6.974100000000000000e+04
6.684900000000000000e+04
7.010300000000000000e+04
7.156400000000000000e+04
7.254000000000000000e+04
7.080400000000000000e+04
6.711800000000000000e+04
7.320200000000000000e+04
7.348000000000000000e+04
7.105000000000000000e+04
7.612000000000000000e+04
7.714800000000000000e+04
7.503600000000000000e+04
7.692600000000000000e+04
7.477300000000000000e+04
8.607600000000000000e+04
7.950500000000000000e+04
8.089300000000000000e+04
7.974900000000000000e+04
7.948300000000000000e+04
8.458700000000000000e+04
8.894700000000000000e+04
8.878500000000000000e+04
8.566600000000000000e+04
9.012400000000000000e+04
8.236100000000000000e+04
9.492100000000000000e+04
9.724100000000000000e+04
9.420800000000000000e+04
9.169400000000000000e+04
9.777500000000000000e+04
1.037840000000000000e+05
1.033180000000000000e+05
1.049330000000000000e+05
1.052040000000000000e+05
1.017630000000000000e+05
1.042080000000000000e+05
1.124340000000000000e+05
1.130200000000000000e+05
1.124030000000000000e+05
1.166940000000000000e+05
1.169640000000000000e+05
1.178900000000000000e+05
1.247660000000000000e+05
1.183860000000000000e+05
1.248980000000000000e+05
1.181980000000000000e+05
1.162220000000000000e+05
1.310750000000000000e+05
1.267460000000000000e+05
1.287090000000000000e+05
1.318300000000000000e+05
1.384260000000000000e+05
1.332540000000000000e+05
1.434980000000000000e+05
1.476490000000000000e+05
1.422320000000000000e+05
1.426350000000000000e+05
1.498330000000000000e+05
1.517670000000000000e+05
1.556100000000000000e+05
1.599660000000000000e+05
1.630250000000000000e+05
1.679570000000000000e+05
1.688430000000000000e+05
1.654510000000000000e+05
1.729090000000000000e+05
1.797020000000000000e+05
1.868960000000000000e+05
1.764290000000000000e+05
1.849910000000000000e+05
1.845640000000000000e+05
1.853170000000000000e+05
1.893450000000000000e+05
2.034380000000000000e+05
2.072270000000000000e+05
2.062630000000000000e+05
2.140060000000000000e+05
2.179820000000000000e+05
2.157360000000000000e+05
2.451880000000000000e+05
2.290490000000000000e+05
2.324340000000000000e+05
2.387830000000000000e+05
2.445620000000000000e+05
2.428770000000000000e+05
2.404970000000000000e+05
2.689110000000000000e+05
2.536310000000000000e+05
2.668990000000000000e+05
2.782130000000000000e+05
2.658700000000000000e+05
2.903880000000000000e+05
2.918160000000000000e+05
2.940050000000000000e+05
2.960220000000000000e+05
3.087310000000000000e+05
3.136030000000000000e+05
3.280590000000000000e+05
3.315740000000000000e+05
3.236190000000000000e+05
3.469660000000000000e+05
3.462370000000000000e+05
3.528360000000000000e+05
3.573110000000000000e+05
3.647490000000000000e+05
3.913430000000000000e+05
3.821150000000000000e+05
3.839400000000000000e+05
4.107400000000000000e+05
3.999300000000000000e+05
4.134290000000000000e+05
4.347060000000000000e+05
4.411480000000000000e+05
4.390200000000000000e+05
4.336810000000000000e+05
4.476680000000000000e+05
4.571530000000000000e+05
4.696180000000000000e+05
4.829570000000000000e+05
4.851450000000000000e+05
4.985570000000000000e+05
5.129240000000000000e+05
5.182990000000000000e+05
5.293490000000000000e+05
5.302040000000000000e+05
5.377480000000000000e+05
5.552770000000000000e+05
5.451040000000000000e+05
5.504110000000000000e+05
5.747660000000000000e+05
5.786350000000000000e+05
5.889570000000000000e+05
5.951780000000000000e+05
6.000020000000000000e+05
5.986560000000000000e+05
5.937210000000000000e+05
6.073340000000000000e+05
6.150970000000000000e+05
6.255490000000000000e+05
6.158600000000000000e+05
6.228820000000000000e+05
6.215240000000000000e+05
6.367270000000000000e+05
6.273390000000000000e+05
6.317260000000000000e+05
6.421960000000000000e+05
6.361950000000000000e+05
6.270320000000000000e+05
6.203610000000000000e+05
6.503870000000000000e+05
6.446740000000000000e+05
6.244370000000000000e+05
6.202760000000000000e+05
6.227850000000000000e+05
6.385320000000000000e+05
6.172570000000000000e+05
6.254850000000000000e+05
5.955280000000000000e+05
5.977630000000000000e+05
6.103500000000000000e+05
5.952330000000000000e+05
5.818980000000000000e+05
5.900210000000000000e+05
5.712490000000000000e+05
5.663940000000000000e+05
5.628060000000000000e+05
5.504640000000000000e+05
5.498710000000000000e+05
5.382910000000000000e+05
5.249710000000000000e+05
5.181830000000000000e+05
5.114860000000000000e+05
5.137660000000000000e+05
4.908630000000000000e+05
5.056560000000000000e+05
4.836660000000000000e+05
4.767260000000000000e+05
4.661150000000000000e+05
4.567040000000000000e+05
4.526030000000000000e+05
4.384840000000000000e+05
4.279640000000000000e+05
4.280050000000000000e+05
4.197580000000000000e+05
4.002830000000000000e+05
4.043460000000000000e+05
3.884370000000000000e+05
3.783030000000000000e+05
3.775300000000000000e+05
3.682260000000000000e+05
3.613820000000000000e+05
3.594630000000000000e+05
3.624080000000000000e+05
3.443750000000000000e+05
3.254560000000000000e+05
3.265480000000000000e+05
3.120510000000000000e+05
3.101310000000000000e+05
2.999380000000000000e+05
2.976170000000000000e+05
2.941540000000000000e+05
2.887930000000000000e+05
2.866980000000000000e+05
2.776360000000000000e+05
2.719330000000000000e+05
2.793870000000000000e+05
2.682890000000000000e+05
2.663090000000000000e+05
2.463220000000000000e+05
2.561770000000000000e+05
2.377350000000000000e+05
2.322680000000000000e+05
2.418410000000000000e+05
2.312330000000000000e+05
2.328170000000000000e+05
2.118550000000000000e+05
2.177050000000000000e+05
2.162370000000000000e+05
2.047980000000000000e+05
2.139650000000000000e+05
2.060380000000000000e+05
1.993510000000000000e+05
1.891690000000000000e+05
1.927240000000000000e+05
1.875560000000000000e+05
1.807570000000000000e+05
1.674860000000000000e+05
1.799500000000000000e+05
1.731760000000000000e+05
1.619320000000000000e+05
1.709410000000000000e+05
1.693090000000000000e+05
1.598960000000000000e+05
1.564790000000000000e+05
1.594430000000000000e+05
1.583860000000000000e+05
1.519060000000000000e+05
1.503370000000000000e+05
1.526310000000000000e+05
1.396910000000000000e+05
1.502140000000000000e+05
1.422800000000000000e+05
1.381310000000000000e+05
1.364700000000000000e+05
1.379170000000000000e+05
1.373140000000000000e+05
1.283450000000000000e+05
1.279750000000000000e+05
1.228780000000000000e+05
1.183120000000000000e+05
1.127270000000000000e+05
1.170200000000000000e+05
1.226900000000000000e+05
1.129000000000000000e+05
1.201250000000000000e+05
1.142830000000000000e+05
1.063880000000000000e+05
1.040920000000000000e+05
1.054960000000000000e+05
1.039320000000000000e+05
1.034220000000000000e+05
1.002220000000000000e+05
9.856500000000000000e+04
1.015100000000000000e+05
9.946500000000000000e+04
9.513800000000000000e+04
9.368500000000000000e+04
9.701700000000000000e+04
9.834400000000000000e+04
8.708200000000000000e+04
9.484800000000000000e+04
8.867400000000000000e+04
8.396300000000000000e+04
8.693100000000000000e+04
8.814400000000000000e+04
8.249100000000000000e+04
8.080200000000000000e+04
8.383100000000000000e+04
8.455100000000000000e+04
7.389900000000000000e+04
7.617200000000000000e+04
7.959100000000000000e+04
7.862300000000000000e+04
7.630300000000000000e+04
7.791400000000000000e+04
7.244200000000000000e+04
6.779300000000000000e+04
7.318200000000000000e+04
7.286200000000000000e+04
6.264200000000000000e+04
7.497100000000000000e+04
7.049900000000000000e+04
6.222500000000000000e+04
6.504200000000000000e+04
6.174700000000000000e+04
6.120800000000000000e+04
6.488800000000000000e+04
6.042900000000000000e+04
6.043700000000000000e+04
6.027400000000000000e+04
6.396900000000000000e+04
5.598800000000000000e+04
5.583100000000000000e+04
6.180300000000000000e+04
5.837500000000000000e+04
6.366700000000000000e+04
5.847200000000000000e+04
5.276800000000000000e+04
5.744000000000000000e+04
5.337800000000000000e+04
5.489800000000000000e+04
5.312400000000000000e+04
5.265500000000000000e+04
5.144700000000000000e+04
5.055200000000000000e+04
5.415000000000000000e+04
5.171800000000000000e+04
5.437200000000000000e+04
5.082100000000000000e+04
4.851400000000000000e+04
5.016300000000000000e+04
4.745300000000000000e+04
4.658000000000000000e+04
4.621600000000000000e+04
4.505700000000000000e+04
4.622400000000000000e+04
5.167500000000000000e+04
4.673100000000000000e+04
4.263300000000000000e+04
4.465800000000000000e+04
4.236700000000000000e+04
4.374300000000000000e+04
4.249500000000000000e+04
4.151000000000000000e+04
3.894200000000000000e+04
4.273300000000000000e+04
4.173000000000000000e+04
4.213700000000000000e+04
4.009600000000000000e+04
4.148900000000000000e+04
3.461000000000000000e+04
4.376800000000000000e+04
3.663400000000000000e+04
3.635800000000000000e+04
3.484300000000000000e+04
3.750500000000000000e+04
3.623200000000000000e+04
3.509700000000000000e+04
3.686700000000000000e+04
3.483700000000000000e+04
3.560100000000000000e+04
3.166800000000000000e+04
3.482600000000000000e+04
3.558100000000000000e+04
3.391600000000000000e+04
4.077600000000000000e+04
3.150700000000000000e+04
3.404700000000000000e+04
2.910700000000000000e+04
3.391100000000000000e+04
3.251600000000000000e+04
3.099600000000000000e+04
3.300100000000000000e+04
3.125200000000000000e+04
2.945700000000000000e+04
2.906900000000000000e+04
2.893200000000000000e+04
3.238800000000000000e+04
3.248600000000000000e+04
3.009700000000000000e+04
3.198700000000000000e+04
3.056100000000000000e+04
2.933300000000000000e+04
2.766900000000000000e+04
3.070700000000000000e+04
2.764100000000000000e+04
2.852900000000000000e+04
2.841900000000000000e+04
3.032900000000000000e+04
2.928700000000000000e+04
2.713000000000000000e+04
2.473700000000000000e+04
2.700900000000000000e+04
2.738000000000000000e+04
2.751800000000000000e+04
2.331700000000000000e+04
2.850800000000000000e+04
2.966700000000000000e+04
2.740700000000000000e+04
2.663100000000000000e+04
2.496400000000000000e+04
2.470000000000000000e+04
2.508500000000000000e+04
2.290900000000000000e+04
2.634700000000000000e+04
2.343000000000000000e+04
2.327700000000000000e+04
2.496600000000000000e+04
2.419200000000000000e+04
2.215900000000000000e+04
2.329700000000000000e+04
2.151300000000000000e+04
2.191200000000000000e+04
2.417700000000000000e+04
2.115700000000000000e+04
2.556900000000000000e+04
2.150800000000000000e+04
2.432200000000000000e+04
2.380300000000000000e+04
2.280000000000000000e+04
2.354000000000000000e+04
2.275300000000000000e+04
2.329400000000000000e+04
2.100300000000000000e+04
2.290500000000000000e+04
2.251400000000000000e+04
2.085700000000000000e+04
2.011100000000000000e+04
2.352400000000000000e+04
2.404600000000000000e+04
2.112300000000000000e+04
1.986200000000000000e+04
2.035400000000000000e+04
1.831900000000000000e+04
1.755300000000000000e+04
2.059500000000000000e+04
2.020900000000000000e+04
2.071900000000000000e+04
1.731200000000000000e+04
2.007700000000000000e+04
1.806200000000000000e+04
1.894600000000000000e+04
2.134800000000000000e+04
1.944800000000000000e+04
1.753600000000000000e+04
2.059500000000000000e+04
1.740700000000000000e+04
1.908100000000000000e+04
1.806800000000000000e+04
1.766600000000000000e+04
1.650300000000000000e+04
2.082900000000000000e+04
1.818500000000000000e+04
1.726800000000000000e+04
1.700500000000000000e+04
1.562700000000000000e+04
1.625400000000000000e+04
1.650800000000000000e+04
1.588400000000000000e+04
1.892700000000000000e+04
1.449400000000000000e+04
1.614000000000000000e+04
1.486600000000000000e+04
1.790800000000000000e+04
1.550700000000000000e+04
1.661700000000000000e+04
2.082900000000000000e+04
1.649600000000000000e+04
1.563300000000000000e+04
1.690200000000000000e+04
1.802400000000000000e+04
1.664100000000000000e+04
1.258700000000000000e+04
1.434000000000000000e+04
1.345300000000000000e+04
1.587100000000000000e+04
1.422700000000000000e+04
1.522300000000000000e+04
1.508900000000000000e+04
1.561800000000000000e+04
1.419600000000000000e+04
1.420300000000000000e+04
1.459600000000000000e+04
1.585800000000000000e+04
1.369400000000000000e+04
1.546900000000000000e+04
1.394400000000000000e+04
1.383100000000000000e+04
1.395300000000000000e+04
1.535500000000000000e+04
1.164700000000000000e+04
1.523100000000000000e+04
1.457900000000000000e+04
1.370000000000000000e+04
1.293100000000000000e+04
1.483900000000000000e+04
1.332100000000000000e+04
1.383000000000000000e+04
1.255000000000000000e+04
1.649000000000000000e+04
1.368400000000000000e+04
1.152300000000000000e+04
1.318800000000000000e+04
1.140000000000000000e+04
1.241900000000000000e+04
1.343600000000000000e+04
1.240000000000000000e+04
1.521100000000000000e+04
1.330100000000000000e+04
1.127000000000000000e+04
1.304700000000000000e+04
1.242900000000000000e+04
1.166000000000000000e+04
1.304300000000000000e+04
1.228100000000000000e+04
1.305200000000000000e+04
1.074900000000000000e+04
1.241400000000000000e+04
1.128900000000000000e+04
1.126300000000000000e+04
1.127700000000000000e+04
9.604000000000000000e+03
1.176600000000000000e+04
1.317200000000000000e+04
1.254400000000000000e+04
1.112000000000000000e+04
1.117300000000000000e+04
1.205100000000000000e+04
1.216300000000000000e+04
1.127000000000000000e+04
1.076000000000000000e+04
1.379700000000000000e+04
1.138700000000000000e+04
1.114600000000000000e+04
1.190600000000000000e+04
1.099700000000000000e+04
1.011500000000000000e+04
1.075800000000000000e+04
1.049300000000000000e+04
9.860000000000000000e+03
9.365000000000000000e+03
1.317400000000000000e+04
1.035900000000000000e+04
1.138400000000000000e+04
1.049200000000000000e+04
1.037900000000000000e+04
8.724000000000000000e+03
1.036000000000000000e+04
1.047400000000000000e+04
1.074800000000000000e+04
9.088000000000000000e+03
7.431000000000000000e+03
1.213300000000000000e+04
9.345000000000000000e+03
1.252400000000000000e+04
9.727000000000000000e+03
1.200700000000000000e+04
1.023400000000000000e+04
9.093000000000000000e+03
1.060500000000000000e+04
9.723000000000000000e+03
1.188700000000000000e+04
8.337000000000000000e+03
1.036300000000000000e+04
1.010300000000000000e+04
6.810000000000000000e+03
9.217000000000000000e+03
1.100000000000000000e+04
9.218000000000000000e+03
1.074000000000000000e+04
7.691000000000000000e+03
7.443000000000000000e+03
9.726000000000000000e+03
7.444000000000000000e+03
8.719000000000000000e+03
1.239200000000000000e+04
9.193000000000000000e+03
7.816000000000000000e+03
9.213000000000000000e+03
8.699000000000000000e+03
1.111500000000000000e+04
9.852000000000000000e+03
7.447000000000000000e+03
9.233000000000000000e+03
7.300000000000000000e+03
8.198000000000000000e+03
1.084600000000000000e+04
6.545000000000000000e+03
8.576000000000000000e+03
9.841000000000000000e+03
8.440000000000000000e+03
7.033000000000000000e+03
8.838000000000000000e+03
7.943000000000000000e+03
7.920000000000000000e+03
7.300000000000000000e+03
7.426000000000000000e+03
7.933000000000000000e+03
7.672000000000000000e+03
8.430000000000000000e+03
8.958000000000000000e+03
8.063000000000000000e+03
9.083000000000000000e+03
9.069000000000000000e+03
8.428000000000000000e+03
7.425000000000000000e+03
7.950000000000000000e+03
7.160000000000000000e+03
8.570000000000000000e+03
5.891000000000000000e+03
7.563000000000000000e+03
9.064000000000000000e+03
7.811000000000000000e+03
7.166000000000000000e+03
9.209000000000000000e+03
7.291000000000000000e+03
7.418000000000000000e+03
7.170000000000000000e+03
7.300000000000000000e+03
7.428000000000000000e+03
7.943000000000000000e+03
7.285000000000000000e+03
8.819000000000000000e+03
7.808000000000000000e+03
6.290000000000000000e+03
7.163000000000000000e+03
7.290000000000000000e+03
6.010000000000000000e+03
8.046000000000000000e+03
6.029000000000000000e+03
5.904000000000000000e+03
8.429000000000000000e+03
6.029000000000000000e+03
7.272000000000000000e+03
4.875000000000000000e+03
8.433000000000000000e+03
8.577000000000000000e+03
6.270000000000000000e+03
8.552000000000000000e+03
7.665000000000000000e+03
5.520000000000000000e+03
5.384000000000000000e+03
6.142000000000000000e+03
6.657000000000000000e+03
7.313000000000000000e+03
7.800000000000000000e+03
6.155000000000000000e+03
7.432000000000000000e+03
7.543000000000000000e+03
7.036000000000000000e+03
6.147000000000000000e+03
5.770000000000000000e+03
7.160000000000000000e+03
5.893000000000000000e+03
7.776000000000000000e+03
7.923000000000000000e+03
4.613000000000000000e+03
