6.528000000000000000e+04
6.660800000000000000e+04
6.956000000000000000e+04
7.235200000000000000e+04
7.648000000000000000e+04
8.016800000000000000e+04
8.277600000000000000e+04
8.694400000000000000e+04
9.192800000000000000e+04
9.447200000000000000e+04
1.004880000000000000e+05
1.050960000000000000e+05
1.110080000000000000e+05
1.172720000000000000e+05
1.236880000000000000e+05
1.314720000000000000e+05
1.411760000000000000e+05
1.466880000000000000e+05
1.577840000000000000e+05
1.655360000000000000e+05
1.802080000000000000e+05
1.884560000000000000e+05
2.053120000000000000e+05
2.181040000000000000e+05
2.353120000000000000e+05
2.546400000000000000e+05
2.783360000000000000e+05
2.991840000000000000e+05
3.249200000000000000e+05
3.576960000000000000e+05
3.919520000000000000e+05
4.313200000000000000e+05
4.746800000000000000e+05
5.373600000000000000e+05
6.030240000000000000e+05
6.766400000000000000e+05
7.710960000000000000e+05
8.800320000000000000e+05
1.010616000000000000e+06
1.181560000000000000e+06
1.383640000000000000e+06
1.642352000000000000e+06
1.967672000000000000e+06
2.369296000000000000e+06
2.889840000000000000e+06
3.530800000000000000e+06
4.268104000000000000e+06
5.081584000000000000e+06
5.824872000000000000e+06
6.281912000000000000e+06
6.282936000000000000e+06
5.834048000000000000e+06
5.102384000000000000e+06
4.273960000000000000e+06
3.527696000000000000e+06
2.882392000000000000e+06
2.369536000000000000e+06
1.962800000000000000e+06
1.633600000000000000e+06
1.384672000000000000e+06
1.172168000000000000e+06
1.014992000000000000e+06
8.810560000000000000e+05
7.682880000000000000e+05
6.753440000000000000e+05
5.987040000000000000e+05
5.336640000000000000e+05
4.782320000000000000e+05
4.336880000000000000e+05
3.908160000000000000e+05
3.577360000000000000e+05
3.264880000000000000e+05
2.986320000000000000e+05
2.761600000000000000e+05
2.558400000000000000e+05
2.373360000000000000e+05
2.192000000000000000e+05
2.026720000000000000e+05
1.897440000000000000e+05
1.763040000000000000e+05
1.687440000000000000e+05
1.561360000000000000e+05
1.466720000000000000e+05
1.386720000000000000e+05
1.308720000000000000e+05
1.253600000000000000e+05
1.175840000000000000e+05
1.113920000000000000e+05
1.068160000000000000e+05
1.013920000000000000e+05
9.668800000000000000e+04
9.036800000000000000e+04
8.691200000000000000e+04
8.210400000000000000e+04
7.947200000000000000e+04
7.496800000000000000e+04
7.361600000000000000e+04
6.848000000000000000e+04
6.688000000000000000e+04
6.429600000000000000e+04
