6.297000000000000000e+03
6.224000000000000000e+03
6.344000000000000000e+03
6.347000000000000000e+03
6.431000000000000000e+03
6.416000000000000000e+03
6.474000000000000000e+03
6.558000000000000000e+03
6.554000000000000000e+03
6.810000000000000000e+03
6.610000000000000000e+03
6.670000000000000000e+03
6.661000000000000000e+03
6.710000000000000000e+03
6.528000000000000000e+03
6.841000000000000000e+03
6.853000000000000000e+03
6.754000000000000000e+03
6.661000000000000000e+03
6.840000000000000000e+03
6.713000000000000000e+03
6.916000000000000000e+03
6.856000000000000000e+03
6.892000000000000000e+03
7.007000000000000000e+03
7.026000000000000000e+03
6.993000000000000000e+03
7.021000000000000000e+03
7.043000000000000000e+03
7.021000000000000000e+03
7.085000000000000000e+03
7.369000000000000000e+03
7.239000000000000000e+03
7.176000000000000000e+03
7.267000000000000000e+03
7.193000000000000000e+03
7.324000000000000000e+03
7.332000000000000000e+03
7.398000000000000000e+03
7.237000000000000000e+03
7.570000000000000000e+03
7.457000000000000000e+03
7.625000000000000000e+03
7.532000000000000000e+03
7.609000000000000000e+03
7.615000000000000000e+03
7.727000000000000000e+03
7.743000000000000000e+03
7.806000000000000000e+03
7.674000000000000000e+03
7.794000000000000000e+03
7.777000000000000000e+03
7.805000000000000000e+03
7.916000000000000000e+03
7.970000000000000000e+03
7.855000000000000000e+03
8.000000000000000000e+03
7.963000000000000000e+03
8.042000000000000000e+03
8.024000000000000000e+03
7.997000000000000000e+03
8.075000000000000000e+03
8.230000000000000000e+03
8.167000000000000000e+03
8.328000000000000000e+03
8.208000000000000000e+03
8.351000000000000000e+03
8.376000000000000000e+03
8.312000000000000000e+03
8.468000000000000000e+03
8.704000000000000000e+03
8.584000000000000000e+03
8.720000000000000000e+03
8.758000000000000000e+03
8.868000000000000000e+03
8.821000000000000000e+03
8.739000000000000000e+03
8.812000000000000000e+03
8.917000000000000000e+03
8.808000000000000000e+03
8.928000000000000000e+03
8.964000000000000000e+03
8.872000000000000000e+03
8.911000000000000000e+03
8.962000000000000000e+03
9.011000000000000000e+03
9.292000000000000000e+03
9.219000000000000000e+03
9.174000000000000000e+03
9.262000000000000000e+03
9.435000000000000000e+03
9.487000000000000000e+03
9.517000000000000000e+03
9.392000000000000000e+03
9.458000000000000000e+03
9.573000000000000000e+03
9.696000000000000000e+03
9.622000000000000000e+03
9.836000000000000000e+03
9.738000000000000000e+03
9.883000000000000000e+03
9.855000000000000000e+03
9.907000000000000000e+03
9.967000000000000000e+03
1.008800000000000000e+04
1.006500000000000000e+04
1.004300000000000000e+04
1.018400000000000000e+04
1.017100000000000000e+04
1.014900000000000000e+04
1.040000000000000000e+04
1.036900000000000000e+04
1.055300000000000000e+04
1.036900000000000000e+04
1.061600000000000000e+04
1.062700000000000000e+04
1.041000000000000000e+04
1.072000000000000000e+04
1.088600000000000000e+04
1.074700000000000000e+04
1.091900000000000000e+04
1.091100000000000000e+04
1.102400000000000000e+04
1.097900000000000000e+04
1.097800000000000000e+04
1.121100000000000000e+04
1.127000000000000000e+04
1.130900000000000000e+04
1.124800000000000000e+04
1.117900000000000000e+04
1.145900000000000000e+04
1.162800000000000000e+04
1.154700000000000000e+04
1.171400000000000000e+04
1.171300000000000000e+04
1.164200000000000000e+04
1.173100000000000000e+04
1.193800000000000000e+04
1.182100000000000000e+04
1.210000000000000000e+04
1.203500000000000000e+04
1.211600000000000000e+04
1.228800000000000000e+04
1.246400000000000000e+04
1.213800000000000000e+04
1.249800000000000000e+04
1.250600000000000000e+04
1.270900000000000000e+04
1.278400000000000000e+04
1.291400000000000000e+04
1.259700000000000000e+04
1.298400000000000000e+04
1.300100000000000000e+04
1.291900000000000000e+04
1.299700000000000000e+04
1.303900000000000000e+04
1.327500000000000000e+04
1.313600000000000000e+04
1.342100000000000000e+04
1.352900000000000000e+04
1.343300000000000000e+04
1.365700000000000000e+04
1.366900000000000000e+04
1.376500000000000000e+04
1.376200000000000000e+04
1.411100000000000000e+04
1.414600000000000000e+04
1.404800000000000000e+04
1.426700000000000000e+04
1.449000000000000000e+04
1.419000000000000000e+04
1.432900000000000000e+04
1.449900000000000000e+04
1.439300000000000000e+04
1.475600000000000000e+04
1.492700000000000000e+04
1.480500000000000000e+04
1.499200000000000000e+04
1.502100000000000000e+04
1.526500000000000000e+04
1.532700000000000000e+04
1.534200000000000000e+04
1.548700000000000000e+04
1.558800000000000000e+04
1.550700000000000000e+04
1.543200000000000000e+04
1.591800000000000000e+04
1.581400000000000000e+04
1.623900000000000000e+04
1.612800000000000000e+04
1.639700000000000000e+04
1.607800000000000000e+04
1.654000000000000000e+04
1.644100000000000000e+04
1.647700000000000000e+04
1.682000000000000000e+04
1.681700000000000000e+04
1.699100000000000000e+04
1.711200000000000000e+04
1.698300000000000000e+04
1.726200000000000000e+04
1.734400000000000000e+04
1.751800000000000000e+04
1.788300000000000000e+04
1.772200000000000000e+04
1.795100000000000000e+04
1.806600000000000000e+04
1.802700000000000000e+04
1.834600000000000000e+04
1.845200000000000000e+04
1.850200000000000000e+04
1.843100000000000000e+04
1.856100000000000000e+04
1.855600000000000000e+04
1.893500000000000000e+04
1.926300000000000000e+04
1.918500000000000000e+04
1.932400000000000000e+04
1.926200000000000000e+04
1.958000000000000000e+04
1.942700000000000000e+04
1.992500000000000000e+04
2.002900000000000000e+04
2.008600000000000000e+04
2.032700000000000000e+04
2.055000000000000000e+04
2.088000000000000000e+04
2.066900000000000000e+04
2.085400000000000000e+04
2.086100000000000000e+04
2.120400000000000000e+04
2.098800000000000000e+04
2.154700000000000000e+04
2.189200000000000000e+04
2.166800000000000000e+04
2.171100000000000000e+04
2.190300000000000000e+04
2.235900000000000000e+04
2.237700000000000000e+04
2.247700000000000000e+04
2.299100000000000000e+04
2.276000000000000000e+04
2.328000000000000000e+04
2.313800000000000000e+04
2.360600000000000000e+04
2.373400000000000000e+04
2.376700000000000000e+04
2.367100000000000000e+04
2.410100000000000000e+04
2.452200000000000000e+04
2.469400000000000000e+04
2.488100000000000000e+04
2.491100000000000000e+04
2.520400000000000000e+04
2.534000000000000000e+04
2.555700000000000000e+04
2.568000000000000000e+04
2.615900000000000000e+04
2.611800000000000000e+04
2.623200000000000000e+04
2.661000000000000000e+04
2.684400000000000000e+04
2.679000000000000000e+04
2.717500000000000000e+04
2.733800000000000000e+04
2.770800000000000000e+04
2.811500000000000000e+04
2.822900000000000000e+04
2.845300000000000000e+04
2.869300000000000000e+04
2.871000000000000000e+04
2.937700000000000000e+04
2.923100000000000000e+04
2.939100000000000000e+04
3.011800000000000000e+04
3.016900000000000000e+04
3.050500000000000000e+04
3.054300000000000000e+04
3.072800000000000000e+04
3.150400000000000000e+04
3.173100000000000000e+04
3.176600000000000000e+04
3.194300000000000000e+04
3.222500000000000000e+04
3.253900000000000000e+04
3.281400000000000000e+04
3.307000000000000000e+04
3.337800000000000000e+04
3.347000000000000000e+04
3.377700000000000000e+04
3.438100000000000000e+04
3.465600000000000000e+04
3.489600000000000000e+04
3.508500000000000000e+04
3.550500000000000000e+04
3.603300000000000000e+04
3.577400000000000000e+04
3.661900000000000000e+04
3.689100000000000000e+04
3.720000000000000000e+04
3.748300000000000000e+04
3.824100000000000000e+04
3.839000000000000000e+04
3.861300000000000000e+04
3.893600000000000000e+04
3.923900000000000000e+04
4.003900000000000000e+04
4.040600000000000000e+04
4.026900000000000000e+04
4.116800000000000000e+04
4.151000000000000000e+04
4.190500000000000000e+04
4.221500000000000000e+04
4.284500000000000000e+04
4.289200000000000000e+04
4.335700000000000000e+04
4.341200000000000000e+04
4.469600000000000000e+04
4.485000000000000000e+04
4.583800000000000000e+04
4.601700000000000000e+04
4.663200000000000000e+04
4.686400000000000000e+04
4.733800000000000000e+04
4.755000000000000000e+04
4.849700000000000000e+04
4.887600000000000000e+04
4.914900000000000000e+04
4.954500000000000000e+04
5.028800000000000000e+04
5.130800000000000000e+04
5.175600000000000000e+04
5.157100000000000000e+04
5.246100000000000000e+04
5.311500000000000000e+04
5.378600000000000000e+04
5.463200000000000000e+04
5.457000000000000000e+04
5.550500000000000000e+04
5.652200000000000000e+04
5.752300000000000000e+04
5.743600000000000000e+04
5.832200000000000000e+04
5.891700000000000000e+04
5.963600000000000000e+04
5.993000000000000000e+04
6.166600000000000000e+04
6.227700000000000000e+04
6.229100000000000000e+04
6.318700000000000000e+04
6.449600000000000000e+04
6.455200000000000000e+04
6.566700000000000000e+04
6.638300000000000000e+04
6.747100000000000000e+04
6.780000000000000000e+04
6.899200000000000000e+04
6.973000000000000000e+04
7.158000000000000000e+04
7.179000000000000000e+04
7.247200000000000000e+04
7.340800000000000000e+04
7.463600000000000000e+04
7.505300000000000000e+04
7.657700000000000000e+04
7.704100000000000000e+04
7.850000000000000000e+04
7.937100000000000000e+04
8.043100000000000000e+04
8.106700000000000000e+04
8.294200000000000000e+04
8.377600000000000000e+04
8.486400000000000000e+04
8.587500000000000000e+04
8.772600000000000000e+04
8.853200000000000000e+04
8.957700000000000000e+04
9.100700000000000000e+04
9.178700000000000000e+04
9.352200000000000000e+04
9.462000000000000000e+04
9.548100000000000000e+04
9.748400000000000000e+04
9.862600000000000000e+04
1.005200000000000000e+05
1.023010000000000000e+05
1.037360000000000000e+05
1.054140000000000000e+05
1.066880000000000000e+05
1.086590000000000000e+05
1.093790000000000000e+05
1.111160000000000000e+05
1.133630000000000000e+05
1.154070000000000000e+05
1.171490000000000000e+05
1.191700000000000000e+05
1.205290000000000000e+05
1.216370000000000000e+05
1.241340000000000000e+05
1.266150000000000000e+05
1.289310000000000000e+05
1.305820000000000000e+05
1.328080000000000000e+05
1.353080000000000000e+05
1.371130000000000000e+05
1.395560000000000000e+05
1.415260000000000000e+05
1.437260000000000000e+05
1.457470000000000000e+05
1.487570000000000000e+05
1.515070000000000000e+05
1.539020000000000000e+05
1.565750000000000000e+05
1.594140000000000000e+05
1.616630000000000000e+05
1.655140000000000000e+05
1.679790000000000000e+05
1.706320000000000000e+05
1.741760000000000000e+05
1.771720000000000000e+05
1.798140000000000000e+05
1.846070000000000000e+05
1.869400000000000000e+05
1.908650000000000000e+05
1.943920000000000000e+05
1.976780000000000000e+05
2.010730000000000000e+05
2.054670000000000000e+05
2.090460000000000000e+05
2.139930000000000000e+05
2.171080000000000000e+05
2.210630000000000000e+05
2.258930000000000000e+05
2.299180000000000000e+05
2.340560000000000000e+05
2.394180000000000000e+05
2.443340000000000000e+05
2.486790000000000000e+05
2.535170000000000000e+05
2.585550000000000000e+05
2.628340000000000000e+05
2.688550000000000000e+05
2.740670000000000000e+05
2.797930000000000000e+05
2.852020000000000000e+05
2.909540000000000000e+05
2.960890000000000000e+05
3.024300000000000000e+05
3.088520000000000000e+05
3.146180000000000000e+05
3.215100000000000000e+05
3.276410000000000000e+05
3.346750000000000000e+05
3.411550000000000000e+05
3.497070000000000000e+05
3.562050000000000000e+05
3.629780000000000000e+05
3.687290000000000000e+05
3.772410000000000000e+05
3.841960000000000000e+05
3.916290000000000000e+05
4.009090000000000000e+05
4.072880000000000000e+05
4.152830000000000000e+05
4.235380000000000000e+05
4.315320000000000000e+05
4.390210000000000000e+05
4.465440000000000000e+05
4.560410000000000000e+05
4.640660000000000000e+05
4.722380000000000000e+05
4.819960000000000000e+05
4.883970000000000000e+05
4.954020000000000000e+05
5.047490000000000000e+05
5.132830000000000000e+05
5.218080000000000000e+05
5.299730000000000000e+05
5.376330000000000000e+05
5.448540000000000000e+05
5.523100000000000000e+05
5.600040000000000000e+05
5.685070000000000000e+05
5.748100000000000000e+05
5.802930000000000000e+05
5.876200000000000000e+05
5.931640000000000000e+05
5.988930000000000000e+05
6.055160000000000000e+05
6.095840000000000000e+05
6.144660000000000000e+05
6.191520000000000000e+05
6.221790000000000000e+05
6.270900000000000000e+05
6.279810000000000000e+05
6.311770000000000000e+05
6.328290000000000000e+05
6.336770000000000000e+05
6.358160000000000000e+05
6.359830000000000000e+05
6.355980000000000000e+05
6.368450000000000000e+05
6.340270000000000000e+05
6.325530000000000000e+05
6.322610000000000000e+05
6.289730000000000000e+05
6.272850000000000000e+05
6.232550000000000000e+05
6.170720000000000000e+05
6.156220000000000000e+05
6.099700000000000000e+05
6.048580000000000000e+05
5.996490000000000000e+05
5.925150000000000000e+05
5.865600000000000000e+05
5.792680000000000000e+05
5.743200000000000000e+05
5.672020000000000000e+05
5.588960000000000000e+05
5.520620000000000000e+05
5.458540000000000000e+05
5.366170000000000000e+05
5.288290000000000000e+05
5.217900000000000000e+05
5.130530000000000000e+05
5.049400000000000000e+05
4.965920000000000000e+05
4.882250000000000000e+05
4.805190000000000000e+05
4.734110000000000000e+05
4.627230000000000000e+05
4.559020000000000000e+05
4.473030000000000000e+05
4.392940000000000000e+05
4.323110000000000000e+05
4.236310000000000000e+05
4.148330000000000000e+05
4.083410000000000000e+05
3.998290000000000000e+05
3.925420000000000000e+05
3.847350000000000000e+05
3.772890000000000000e+05
3.699530000000000000e+05
3.614940000000000000e+05
3.550340000000000000e+05
3.477780000000000000e+05
3.410010000000000000e+05
3.340670000000000000e+05
3.279200000000000000e+05
3.209470000000000000e+05
3.150290000000000000e+05
3.089900000000000000e+05
3.035650000000000000e+05
2.967120000000000000e+05
2.919080000000000000e+05
2.853420000000000000e+05
2.795580000000000000e+05
2.737220000000000000e+05
2.688900000000000000e+05
2.641960000000000000e+05
2.596020000000000000e+05
2.529380000000000000e+05
2.484960000000000000e+05
2.431290000000000000e+05
2.391140000000000000e+05
2.348750000000000000e+05
2.302760000000000000e+05
2.253000000000000000e+05
2.211200000000000000e+05
2.167450000000000000e+05
2.140110000000000000e+05
2.091050000000000000e+05
2.053830000000000000e+05
2.016240000000000000e+05
1.972600000000000000e+05
1.941760000000000000e+05
1.906980000000000000e+05
1.864540000000000000e+05
1.834560000000000000e+05
1.804910000000000000e+05
1.773890000000000000e+05
1.737860000000000000e+05
1.715200000000000000e+05
1.684630000000000000e+05
1.651780000000000000e+05
1.620930000000000000e+05
1.590360000000000000e+05
1.563880000000000000e+05
1.540840000000000000e+05
1.514760000000000000e+05
1.489440000000000000e+05
1.458460000000000000e+05
1.444420000000000000e+05
1.416140000000000000e+05
1.394380000000000000e+05
1.364880000000000000e+05
1.346090000000000000e+05
1.326990000000000000e+05
1.305330000000000000e+05
1.282880000000000000e+05
1.263700000000000000e+05
1.246690000000000000e+05
1.228100000000000000e+05
1.207600000000000000e+05
1.186250000000000000e+05
1.164510000000000000e+05
1.145050000000000000e+05
1.131450000000000000e+05
1.115660000000000000e+05
1.102200000000000000e+05
1.079220000000000000e+05
1.062150000000000000e+05
1.047100000000000000e+05
1.031820000000000000e+05
1.018450000000000000e+05
1.008860000000000000e+05
9.908500000000000000e+04
9.757600000000000000e+04
9.631100000000000000e+04
9.490200000000000000e+04
9.284900000000000000e+04
9.240200000000000000e+04
9.059500000000000000e+04
8.997300000000000000e+04
8.860000000000000000e+04
8.764200000000000000e+04
8.570400000000000000e+04
8.425200000000000000e+04
8.369200000000000000e+04
8.257700000000000000e+04
8.144100000000000000e+04
8.056000000000000000e+04
7.934600000000000000e+04
7.790000000000000000e+04
7.781200000000000000e+04
7.634800000000000000e+04
7.502600000000000000e+04
7.440200000000000000e+04
7.341300000000000000e+04
7.244500000000000000e+04
7.164100000000000000e+04
7.067100000000000000e+04
6.993700000000000000e+04
6.888100000000000000e+04
6.833600000000000000e+04
6.710800000000000000e+04
6.658200000000000000e+04
6.588500000000000000e+04
6.468900000000000000e+04
6.372300000000000000e+04
6.295200000000000000e+04
6.248400000000000000e+04
6.191100000000000000e+04
6.081000000000000000e+04
6.009600000000000000e+04
5.997200000000000000e+04
5.910400000000000000e+04
5.892400000000000000e+04
5.759300000000000000e+04
5.716500000000000000e+04
5.637600000000000000e+04
5.555200000000000000e+04
5.545300000000000000e+04
5.444000000000000000e+04
5.414300000000000000e+04
5.292000000000000000e+04
5.246400000000000000e+04
5.205200000000000000e+04
5.157600000000000000e+04
5.065600000000000000e+04
5.029100000000000000e+04
4.982900000000000000e+04
4.935200000000000000e+04
4.881600000000000000e+04
4.845500000000000000e+04
4.776100000000000000e+04
4.739300000000000000e+04
4.637600000000000000e+04
4.611900000000000000e+04
4.562300000000000000e+04
4.543700000000000000e+04
4.475500000000000000e+04
4.464900000000000000e+04
4.410200000000000000e+04
4.376600000000000000e+04
4.325200000000000000e+04
4.284400000000000000e+04
4.224800000000000000e+04
4.148300000000000000e+04
4.147400000000000000e+04
4.054200000000000000e+04
4.040600000000000000e+04
4.027000000000000000e+04
4.004800000000000000e+04
3.934600000000000000e+04
3.862800000000000000e+04
3.858000000000000000e+04
3.859200000000000000e+04
3.771700000000000000e+04
3.778000000000000000e+04
3.759400000000000000e+04
3.723900000000000000e+04
3.664400000000000000e+04
3.599300000000000000e+04
3.592600000000000000e+04
3.565800000000000000e+04
3.517300000000000000e+04
3.538800000000000000e+04
3.470500000000000000e+04
3.432500000000000000e+04
3.396400000000000000e+04
3.367600000000000000e+04
3.340400000000000000e+04
3.287500000000000000e+04
3.305300000000000000e+04
3.274900000000000000e+04
3.220600000000000000e+04
3.202000000000000000e+04
3.131800000000000000e+04
3.165100000000000000e+04
3.103900000000000000e+04
3.103400000000000000e+04
3.080300000000000000e+04
3.035300000000000000e+04
3.008500000000000000e+04
2.987000000000000000e+04
2.942400000000000000e+04
2.942300000000000000e+04
2.903500000000000000e+04
2.891400000000000000e+04
2.877500000000000000e+04
2.821900000000000000e+04
2.821900000000000000e+04
2.770400000000000000e+04
2.774800000000000000e+04
2.748700000000000000e+04
2.721500000000000000e+04
2.741900000000000000e+04
2.657800000000000000e+04
2.649800000000000000e+04
2.639100000000000000e+04
2.625900000000000000e+04
2.619400000000000000e+04
2.576900000000000000e+04
2.561800000000000000e+04
2.519700000000000000e+04
2.498100000000000000e+04
2.497700000000000000e+04
2.460600000000000000e+04
2.412700000000000000e+04
2.437700000000000000e+04
2.432600000000000000e+04
2.387700000000000000e+04
2.366900000000000000e+04
2.376000000000000000e+04
2.339400000000000000e+04
2.336400000000000000e+04
2.306700000000000000e+04
2.306200000000000000e+04
2.286600000000000000e+04
2.232000000000000000e+04
2.244000000000000000e+04
2.235600000000000000e+04
2.222500000000000000e+04
2.200000000000000000e+04
2.178300000000000000e+04
2.166600000000000000e+04
2.147000000000000000e+04
2.130000000000000000e+04
2.143600000000000000e+04
2.090700000000000000e+04
2.086700000000000000e+04
2.082900000000000000e+04
2.063900000000000000e+04
2.049600000000000000e+04
2.043900000000000000e+04
2.007700000000000000e+04
1.999000000000000000e+04
1.971600000000000000e+04
1.953000000000000000e+04
1.956600000000000000e+04
1.940300000000000000e+04
1.935300000000000000e+04
1.931800000000000000e+04
1.907300000000000000e+04
1.872300000000000000e+04
1.886900000000000000e+04
1.862500000000000000e+04
1.848400000000000000e+04
1.842400000000000000e+04
1.836400000000000000e+04
1.818100000000000000e+04
1.808200000000000000e+04
1.796300000000000000e+04
1.804600000000000000e+04
1.780600000000000000e+04
1.778600000000000000e+04
1.752300000000000000e+04
1.745800000000000000e+04
1.753500000000000000e+04
1.711300000000000000e+04
1.695300000000000000e+04
1.712200000000000000e+04
1.691400000000000000e+04
1.652100000000000000e+04
1.669900000000000000e+04
1.640200000000000000e+04
1.616800000000000000e+04
1.616900000000000000e+04
1.616900000000000000e+04
1.604700000000000000e+04
1.592100000000000000e+04
1.568700000000000000e+04
1.569000000000000000e+04
1.575300000000000000e+04
1.555600000000000000e+04
1.551500000000000000e+04
1.545200000000000000e+04
1.554700000000000000e+04
1.520500000000000000e+04
1.513900000000000000e+04
1.497800000000000000e+04
1.479300000000000000e+04
1.492100000000000000e+04
1.479600000000000000e+04
1.471300000000000000e+04
1.449900000000000000e+04
1.444400000000000000e+04
1.439000000000000000e+04
1.448900000000000000e+04
1.420300000000000000e+04
1.434300000000000000e+04
1.396700000000000000e+04
1.392100000000000000e+04
1.384600000000000000e+04
1.377700000000000000e+04
1.370700000000000000e+04
1.383900000000000000e+04
1.361400000000000000e+04
1.368300000000000000e+04
1.339200000000000000e+04
1.352800000000000000e+04
1.331500000000000000e+04
1.324200000000000000e+04
1.322200000000000000e+04
1.313200000000000000e+04
1.285600000000000000e+04
1.297500000000000000e+04
1.289400000000000000e+04
1.291600000000000000e+04
1.274900000000000000e+04
1.291600000000000000e+04
1.258100000000000000e+04
1.247200000000000000e+04
1.212400000000000000e+04
1.218800000000000000e+04
1.225900000000000000e+04
1.226000000000000000e+04
1.223600000000000000e+04
1.200100000000000000e+04
1.202300000000000000e+04
1.180300000000000000e+04
1.190200000000000000e+04
1.191300000000000000e+04
1.180900000000000000e+04
1.158000000000000000e+04
1.154400000000000000e+04
1.152800000000000000e+04
1.164500000000000000e+04
1.127700000000000000e+04
1.126700000000000000e+04
1.130600000000000000e+04
1.115400000000000000e+04
1.135500000000000000e+04
1.132800000000000000e+04
1.124300000000000000e+04
1.090800000000000000e+04
1.096500000000000000e+04
1.083800000000000000e+04
1.080300000000000000e+04
1.096500000000000000e+04
1.072400000000000000e+04
1.066300000000000000e+04
1.074600000000000000e+04
1.075100000000000000e+04
1.046800000000000000e+04
1.045100000000000000e+04
1.058100000000000000e+04
1.036200000000000000e+04
1.025200000000000000e+04
1.031400000000000000e+04
1.009800000000000000e+04
1.011500000000000000e+04
1.022900000000000000e+04
1.013600000000000000e+04
1.027700000000000000e+04
9.956000000000000000e+03
1.007900000000000000e+04
9.899000000000000000e+03
9.861000000000000000e+03
9.575000000000000000e+03
9.830000000000000000e+03
9.488000000000000000e+03
9.554000000000000000e+03
9.538000000000000000e+03
9.630000000000000000e+03
9.539000000000000000e+03
9.516000000000000000e+03
9.467000000000000000e+03
9.222000000000000000e+03
9.340000000000000000e+03
9.071000000000000000e+03
9.032000000000000000e+03
9.346000000000000000e+03
9.136000000000000000e+03
9.097000000000000000e+03
9.134000000000000000e+03
8.900000000000000000e+03
9.054000000000000000e+03
8.850000000000000000e+03
8.759000000000000000e+03
8.767000000000000000e+03
8.713000000000000000e+03
8.774000000000000000e+03
8.692000000000000000e+03
8.743000000000000000e+03
8.654000000000000000e+03
8.581000000000000000e+03
8.528000000000000000e+03
8.507000000000000000e+03
8.506000000000000000e+03
8.424000000000000000e+03
8.345000000000000000e+03
8.237000000000000000e+03
8.258000000000000000e+03
8.207000000000000000e+03
8.334000000000000000e+03
8.221000000000000000e+03
8.226000000000000000e+03
8.096000000000000000e+03
8.187000000000000000e+03
8.153000000000000000e+03
8.134000000000000000e+03
8.016000000000000000e+03
8.105000000000000000e+03
7.733000000000000000e+03
7.869000000000000000e+03
7.925000000000000000e+03
7.944000000000000000e+03
7.946000000000000000e+03
7.648000000000000000e+03
7.684000000000000000e+03
7.736000000000000000e+03
7.685000000000000000e+03
7.670000000000000000e+03
7.487000000000000000e+03
7.524000000000000000e+03
7.572000000000000000e+03
7.565000000000000000e+03
7.552000000000000000e+03
7.387000000000000000e+03
7.263000000000000000e+03
7.214000000000000000e+03
7.303000000000000000e+03
7.239000000000000000e+03
7.339000000000000000e+03
7.241000000000000000e+03
7.114000000000000000e+03
7.188000000000000000e+03
7.112000000000000000e+03
7.049000000000000000e+03
7.185000000000000000e+03
7.077000000000000000e+03
7.179000000000000000e+03
6.910000000000000000e+03
6.874000000000000000e+03
6.853000000000000000e+03
6.853000000000000000e+03
6.768000000000000000e+03
6.924000000000000000e+03
6.841000000000000000e+03
6.927000000000000000e+03
6.725000000000000000e+03
6.716000000000000000e+03
6.616000000000000000e+03
6.581000000000000000e+03
6.682000000000000000e+03
6.669000000000000000e+03
6.695000000000000000e+03
6.574000000000000000e+03
6.574000000000000000e+03
6.540000000000000000e+03
6.320000000000000000e+03
6.469000000000000000e+03
6.412000000000000000e+03
6.479000000000000000e+03
6.448000000000000000e+03
6.306000000000000000e+03
6.363000000000000000e+03
6.215000000000000000e+03
