6.459400000000000000e+04
6.711200000000000000e+04
6.983200000000000000e+04
7.343400000000000000e+04
7.587600000000000000e+04
7.858400000000000000e+04
8.190200000000000000e+04
8.647200000000000000e+04
9.069200000000000000e+04
9.634200000000000000e+04
1.001480000000000000e+05
1.054260000000000000e+05
1.110340000000000000e+05
1.173180000000000000e+05
1.238320000000000000e+05
1.308140000000000000e+05
1.385400000000000000e+05
1.461320000000000000e+05
1.561440000000000000e+05
1.658280000000000000e+05
1.775600000000000000e+05
1.904220000000000000e+05
2.029240000000000000e+05
2.174180000000000000e+05
2.363540000000000000e+05
2.546860000000000000e+05
2.739900000000000000e+05
2.995660000000000000e+05
3.261640000000000000e+05
3.574800000000000000e+05
3.930040000000000000e+05
4.343860000000000000e+05
4.825640000000000000e+05
5.357740000000000000e+05
6.007460000000000000e+05
6.769060000000000000e+05
7.682040000000000000e+05
8.795700000000000000e+05
1.014508000000000000e+06
1.179420000000000000e+06
1.384008000000000000e+06
1.643912000000000000e+06
1.960434000000000000e+06
2.375480000000000000e+06
2.883764000000000000e+06
3.522610000000000000e+06
4.275102000000000000e+06
5.090088000000000000e+06
5.830396000000000000e+06
6.289192000000000000e+06
6.281426000000000000e+06
5.826640000000000000e+06
5.088534000000000000e+06
4.278798000000000000e+06
3.524642000000000000e+06
2.882780000000000000e+06
2.368162000000000000e+06
1.962576000000000000e+06
1.638002000000000000e+06
1.386318000000000000e+06
1.176716000000000000e+06
1.011590000000000000e+06
8.799300000000000000e+05
7.692000000000000000e+05
6.780060000000000000e+05
6.006480000000000000e+05
5.351320000000000000e+05
4.794000000000000000e+05
4.333380000000000000e+05
3.929040000000000000e+05
3.585680000000000000e+05
3.258360000000000000e+05
3.003880000000000000e+05
2.757220000000000000e+05
2.538240000000000000e+05
2.362960000000000000e+05
2.194820000000000000e+05
2.036240000000000000e+05
1.911500000000000000e+05
1.785540000000000000e+05
1.669220000000000000e+05
1.562620000000000000e+05
1.473260000000000000e+05
1.392220000000000000e+05
1.305480000000000000e+05
1.244620000000000000e+05
1.174080000000000000e+05
1.117700000000000000e+05
1.060840000000000000e+05
1.004840000000000000e+05
9.534800000000000000e+04
9.182800000000000000e+04
8.698600000000000000e+04
8.343200000000000000e+04
7.965200000000000000e+04
7.513000000000000000e+04
7.215600000000000000e+04
7.012200000000000000e+04
6.708600000000000000e+04
6.459600000000000000e+04
