6.420400000000000000e+04
6.712900000000000000e+04
6.932600000000000000e+04
7.264600000000000000e+04
7.612100000000000000e+04
7.940000000000000000e+04
8.317700000000000000e+04
8.726700000000000000e+04
9.042800000000000000e+04
9.515100000000000000e+04
1.001410000000000000e+05
1.060870000000000000e+05
1.117870000000000000e+05
1.166560000000000000e+05
1.234620000000000000e+05
1.307450000000000000e+05
1.387610000000000000e+05
1.473460000000000000e+05
1.562290000000000000e+05
1.666190000000000000e+05
1.780700000000000000e+05
1.899750000000000000e+05
2.039790000000000000e+05
2.182260000000000000e+05
2.355080000000000000e+05
2.536900000000000000e+05
2.756100000000000000e+05
2.995820000000000000e+05
3.269880000000000000e+05
3.578230000000000000e+05
3.932790000000000000e+05
4.329940000000000000e+05
4.804970000000000000e+05
5.354030000000000000e+05
6.019010000000000000e+05
6.762690000000000000e+05
7.681960000000000000e+05
8.802880000000000000e+05
1.012095000000000000e+06
1.177211000000000000e+06
1.385145000000000000e+06
1.639657000000000000e+06
1.962424000000000000e+06
2.368488000000000000e+06
2.884375000000000000e+06
3.518921000000000000e+06
4.270863000000000000e+06
5.087643000000000000e+06
5.825976000000000000e+06
6.286771000000000000e+06
6.288121000000000000e+06
5.832389000000000000e+06
5.092785000000000000e+06
4.276827000000000000e+06
3.524114000000000000e+06
2.885549000000000000e+06
2.372372000000000000e+06
1.963804000000000000e+06
1.638892000000000000e+06
1.384045000000000000e+06
1.178571000000000000e+06
1.012756000000000000e+06
8.798400000000000000e+05
7.679440000000000000e+05
6.768960000000000000e+05
5.996660000000000000e+05
5.355600000000000000e+05
4.803410000000000000e+05
4.326070000000000000e+05
3.934780000000000000e+05
3.579990000000000000e+05
3.270900000000000000e+05
3.000580000000000000e+05
2.758540000000000000e+05
2.549900000000000000e+05
2.361320000000000000e+05
2.190860000000000000e+05
2.032240000000000000e+05
1.903660000000000000e+05
1.777080000000000000e+05
1.668250000000000000e+05
1.563800000000000000e+05
1.473680000000000000e+05
1.387710000000000000e+05
1.310110000000000000e+05
1.240610000000000000e+05
1.174740000000000000e+05
1.114040000000000000e+05
1.056230000000000000e+05
1.003540000000000000e+05
9.535500000000000000e+04
9.084300000000000000e+04
8.686300000000000000e+04
8.286400000000000000e+04
7.962300000000000000e+04
7.585200000000000000e+04
7.308400000000000000e+04
6.989600000000000000e+04
6.665400000000000000e+04
6.440400000000000000e+04
