6.585600000000000000e+04
6.572800000000000000e+04
7.043200000000000000e+04
7.008000000000000000e+04
7.696000000000000000e+04
7.955200000000000000e+04
8.377600000000000000e+04
8.678400000000000000e+04
8.867200000000000000e+04
9.500800000000000000e+04
9.756800000000000000e+04
1.115200000000000000e+05
1.100800000000000000e+05
1.175680000000000000e+05
1.241600000000000000e+05
1.306880000000000000e+05
1.397440000000000000e+05
1.461120000000000000e+05
1.542720000000000000e+05
1.677760000000000000e+05
1.735680000000000000e+05
1.918080000000000000e+05
2.016640000000000000e+05
2.188800000000000000e+05
2.345280000000000000e+05
2.570560000000000000e+05
2.750080000000000000e+05
2.957440000000000000e+05
3.274880000000000000e+05
3.554560000000000000e+05
3.897280000000000000e+05
4.362240000000000000e+05
4.767360000000000000e+05
5.336960000000000000e+05
6.001280000000000000e+05
6.820160000000000000e+05
7.712000000000000000e+05
8.805440000000000000e+05
1.007712000000000000e+06
1.170944000000000000e+06
1.374432000000000000e+06
1.628512000000000000e+06
1.950432000000000000e+06
2.371168000000000000e+06
2.871456000000000000e+06
3.529344000000000000e+06
4.292064000000000000e+06
5.092672000000000000e+06
5.821152000000000000e+06
6.288320000000000000e+06
6.298080000000000000e+06
5.820896000000000000e+06
5.078784000000000000e+06
4.287072000000000000e+06
3.519296000000000000e+06
2.908640000000000000e+06
2.371936000000000000e+06
1.951232000000000000e+06
1.637760000000000000e+06
1.377344000000000000e+06
1.184928000000000000e+06
1.015456000000000000e+06
8.850880000000000000e+05
7.759040000000000000e+05
6.792640000000000000e+05
6.089280000000000000e+05
5.382080000000000000e+05
4.836160000000000000e+05
4.351680000000000000e+05
3.998400000000000000e+05
3.564480000000000000e+05
3.282880000000000000e+05
2.962880000000000000e+05
2.800640000000000000e+05
2.522240000000000000e+05
2.384320000000000000e+05
2.143360000000000000e+05
2.059840000000000000e+05
1.888640000000000000e+05
1.747200000000000000e+05
1.653440000000000000e+05
1.569920000000000000e+05
1.490240000000000000e+05
1.383680000000000000e+05
1.310400000000000000e+05
1.221440000000000000e+05
1.159360000000000000e+05
1.118720000000000000e+05
1.050240000000000000e+05
1.009280000000000000e+05
9.404800000000000000e+04
8.924800000000000000e+04
8.777600000000000000e+04
8.435200000000000000e+04
8.217600000000000000e+04
7.488000000000000000e+04
7.219200000000000000e+04
6.915200000000000000e+04
6.707200000000000000e+04
6.416000000000000000e+04
