6.912000000000000000e+04
6.438400000000000000e+04
7.097600000000000000e+04
7.283200000000000000e+04
7.564800000000000000e+04
8.121600000000000000e+04
8.019200000000000000e+04
8.422400000000000000e+04
8.864000000000000000e+04
9.324800000000000000e+04
9.523200000000000000e+04
1.045760000000000000e+05
1.146880000000000000e+05
1.160960000000000000e+05
1.220480000000000000e+05
1.305600000000000000e+05
1.366400000000000000e+05
1.437440000000000000e+05
1.561600000000000000e+05
1.681920000000000000e+05
1.745920000000000000e+05
1.968000000000000000e+05
2.030720000000000000e+05
2.161920000000000000e+05
2.394240000000000000e+05
2.520320000000000000e+05
2.736640000000000000e+05
3.029760000000000000e+05
3.301760000000000000e+05
3.536640000000000000e+05
3.923200000000000000e+05
4.377600000000000000e+05
4.821760000000000000e+05
5.515520000000000000e+05
6.028800000000000000e+05
6.813440000000000000e+05
7.611520000000000000e+05
8.791680000000000000e+05
9.969920000000000000e+05
1.173312000000000000e+06
1.388992000000000000e+06
1.639552000000000000e+06
1.953152000000000000e+06
2.358784000000000000e+06
2.887936000000000000e+06
3.507584000000000000e+06
4.273216000000000000e+06
5.078784000000000000e+06
5.794432000000000000e+06
6.305344000000000000e+06
6.265728000000000000e+06
5.829248000000000000e+06
5.088128000000000000e+06
4.283840000000000000e+06
3.533696000000000000e+06
2.919808000000000000e+06
2.361280000000000000e+06
1.956864000000000000e+06
1.646080000000000000e+06
1.368448000000000000e+06
1.166144000000000000e+06
1.004992000000000000e+06
8.794240000000000000e+05
7.633920000000000000e+05
6.887040000000000000e+05
6.032000000000000000e+05
5.324800000000000000e+05
4.946560000000000000e+05
4.417280000000000000e+05
3.903360000000000000e+05
3.576320000000000000e+05
3.273600000000000000e+05
3.010560000000000000e+05
2.804480000000000000e+05
2.637440000000000000e+05
2.378880000000000000e+05
2.220160000000000000e+05
2.078720000000000000e+05
1.905280000000000000e+05
1.746560000000000000e+05
1.690880000000000000e+05
1.546880000000000000e+05
1.491840000000000000e+05
1.408640000000000000e+05
1.297280000000000000e+05
1.232000000000000000e+05
1.191040000000000000e+05
1.131520000000000000e+05
1.059200000000000000e+05
9.721600000000000000e+04
9.836800000000000000e+04
9.446400000000000000e+04
9.024000000000000000e+04
8.774400000000000000e+04
8.070400000000000000e+04
7.680000000000000000e+04
7.116800000000000000e+04
7.020800000000000000e+04
6.752000000000000000e+04
6.438400000000000000e+04
