6.407400000000000000e+04
7.353700000000000000e+04
7.023900000000000000e+04
7.618400000000000000e+04
8.172900000000000000e+04
8.398500000000000000e+04
8.115600000000000000e+04
8.724000000000000000e+04
8.895300000000000000e+04
9.109600000000000000e+04
1.056640000000000000e+05
1.077200000000000000e+05
1.123930000000000000e+05
1.136850000000000000e+05
1.178250000000000000e+05
1.266370000000000000e+05
1.338130000000000000e+05
1.334580000000000000e+05
1.588810000000000000e+05
1.752260000000000000e+05
1.823030000000000000e+05
1.957320000000000000e+05
1.938440000000000000e+05
2.190580000000000000e+05
2.343960000000000000e+05
2.541210000000000000e+05
2.798860000000000000e+05
3.027190000000000000e+05
3.452110000000000000e+05
3.515260000000000000e+05
3.841380000000000000e+05
4.363850000000000000e+05
4.699710000000000000e+05
5.337520000000000000e+05
5.946780000000000000e+05
6.667310000000000000e+05
7.882990000000000000e+05
8.910860000000000000e+05
1.015782000000000000e+06
1.190903000000000000e+06
1.348621000000000000e+06
1.649409000000000000e+06
1.970851000000000000e+06
2.378136000000000000e+06
2.926278000000000000e+06
3.543088000000000000e+06
4.253769000000000000e+06
5.064552000000000000e+06
5.815902000000000000e+06
6.267928000000000000e+06
6.250398000000000000e+06
5.830179000000000000e+06
5.053593000000000000e+06
4.245815000000000000e+06
3.556825000000000000e+06
2.872274000000000000e+06
2.375532000000000000e+06
1.958568000000000000e+06
1.630195000000000000e+06
1.389973000000000000e+06
1.189003000000000000e+06
1.012394000000000000e+06
9.057770000000000000e+05
7.547820000000000000e+05
6.878720000000000000e+05
6.052500000000000000e+05
5.540190000000000000e+05
4.809110000000000000e+05
4.263960000000000000e+05
3.949030000000000000e+05
3.621060000000000000e+05
3.242520000000000000e+05
2.932970000000000000e+05
2.833100000000000000e+05
2.588560000000000000e+05
2.492410000000000000e+05
2.177860000000000000e+05
2.090170000000000000e+05
2.003400000000000000e+05
1.747440000000000000e+05
1.615580000000000000e+05
1.593710000000000000e+05
1.515130000000000000e+05
1.416380000000000000e+05
1.355860000000000000e+05
1.320410000000000000e+05
1.152090000000000000e+05
1.163120000000000000e+05
9.720500000000000000e+04
9.714500000000000000e+04
9.464200000000000000e+04
8.461000000000000000e+04
8.963900000000000000e+04
8.696700000000000000e+04
7.920400000000000000e+04
7.856600000000000000e+04
7.759500000000000000e+04
8.081400000000000000e+04
6.249900000000000000e+04
6.126200000000000000e+04
