6.420000000000000000e+03
6.309000000000000000e+03
6.495000000000000000e+03
6.310000000000000000e+03
6.328000000000000000e+03
6.341000000000000000e+03
6.452000000000000000e+03
6.321000000000000000e+03
6.404000000000000000e+03
6.571000000000000000e+03
6.527000000000000000e+03
6.518000000000000000e+03
6.709000000000000000e+03
6.588000000000000000e+03
6.642000000000000000e+03
6.661000000000000000e+03
6.726000000000000000e+03
6.702000000000000000e+03
6.643000000000000000e+03
6.928000000000000000e+03
6.735000000000000000e+03
6.841000000000000000e+03
6.871000000000000000e+03
6.953000000000000000e+03
6.958000000000000000e+03
6.827000000000000000e+03
7.079000000000000000e+03
7.113000000000000000e+03
6.987000000000000000e+03
7.304000000000000000e+03
7.142000000000000000e+03
7.190000000000000000e+03
7.193000000000000000e+03
7.213000000000000000e+03
7.202000000000000000e+03
7.314000000000000000e+03
7.368000000000000000e+03
7.332000000000000000e+03
7.399000000000000000e+03
7.287000000000000000e+03
7.629000000000000000e+03
7.516000000000000000e+03
7.577000000000000000e+03
7.409000000000000000e+03
7.697000000000000000e+03
7.512000000000000000e+03
7.643000000000000000e+03
7.705000000000000000e+03
7.709000000000000000e+03
7.753000000000000000e+03
7.629000000000000000e+03
7.739000000000000000e+03
7.824000000000000000e+03
7.912000000000000000e+03
7.827000000000000000e+03
7.880000000000000000e+03
7.921000000000000000e+03
7.945000000000000000e+03
8.077000000000000000e+03
7.934000000000000000e+03
8.187000000000000000e+03
8.010000000000000000e+03
8.187000000000000000e+03
8.272000000000000000e+03
8.297000000000000000e+03
8.383000000000000000e+03
8.268000000000000000e+03
8.422000000000000000e+03
8.403000000000000000e+03
8.475000000000000000e+03
8.356000000000000000e+03
8.675000000000000000e+03
8.477000000000000000e+03
8.577000000000000000e+03
8.681000000000000000e+03
8.651000000000000000e+03
8.590000000000000000e+03
8.747000000000000000e+03
8.726000000000000000e+03
9.030000000000000000e+03
8.938000000000000000e+03
8.924000000000000000e+03
9.101000000000000000e+03
9.016000000000000000e+03
9.035000000000000000e+03
9.091000000000000000e+03
9.047000000000000000e+03
9.151000000000000000e+03
9.127000000000000000e+03
9.284000000000000000e+03
9.339000000000000000e+03
9.406000000000000000e+03
9.370000000000000000e+03
9.425000000000000000e+03
9.521000000000000000e+03
9.304000000000000000e+03
9.662000000000000000e+03
9.734000000000000000e+03
9.554000000000000000e+03
9.758000000000000000e+03
9.845000000000000000e+03
9.812000000000000000e+03
9.992000000000000000e+03
1.009700000000000000e+04
1.002100000000000000e+04
1.015200000000000000e+04
1.019600000000000000e+04
1.019200000000000000e+04
1.035400000000000000e+04
1.050500000000000000e+04
1.015800000000000000e+04
1.057800000000000000e+04
1.038200000000000000e+04
1.043400000000000000e+04
1.076000000000000000e+04
1.062800000000000000e+04
1.061500000000000000e+04
1.067600000000000000e+04
1.062000000000000000e+04
1.077000000000000000e+04
1.107100000000000000e+04
1.095200000000000000e+04
1.122900000000000000e+04
1.090800000000000000e+04
1.110500000000000000e+04
1.124200000000000000e+04
1.137100000000000000e+04
1.138600000000000000e+04
1.120700000000000000e+04
1.148100000000000000e+04
1.136500000000000000e+04
1.170300000000000000e+04
1.162500000000000000e+04
1.169200000000000000e+04
1.169500000000000000e+04
1.179100000000000000e+04
1.178700000000000000e+04
1.171100000000000000e+04
1.186200000000000000e+04
1.207600000000000000e+04
1.193500000000000000e+04
1.219000000000000000e+04
1.194600000000000000e+04
1.228100000000000000e+04
1.236500000000000000e+04
1.258300000000000000e+04
1.261200000000000000e+04
1.259600000000000000e+04
1.260700000000000000e+04
1.284000000000000000e+04
1.286200000000000000e+04
1.292000000000000000e+04
1.276900000000000000e+04
1.280100000000000000e+04
1.317100000000000000e+04
1.313200000000000000e+04
1.339400000000000000e+04
1.318900000000000000e+04
1.319100000000000000e+04
1.352100000000000000e+04
1.358300000000000000e+04
1.364200000000000000e+04
1.373700000000000000e+04
1.374700000000000000e+04
1.371100000000000000e+04
1.391000000000000000e+04
1.402400000000000000e+04
1.408200000000000000e+04
1.390000000000000000e+04
1.433200000000000000e+04
1.419900000000000000e+04
1.433900000000000000e+04
1.458000000000000000e+04
1.450100000000000000e+04
1.437300000000000000e+04
1.496900000000000000e+04
1.466800000000000000e+04
1.495700000000000000e+04
1.531400000000000000e+04
1.537400000000000000e+04
1.529400000000000000e+04
1.548000000000000000e+04
1.563900000000000000e+04
1.567200000000000000e+04
1.564500000000000000e+04
1.565900000000000000e+04
1.574200000000000000e+04
1.592900000000000000e+04
1.591500000000000000e+04
1.641000000000000000e+04
1.607700000000000000e+04
1.603200000000000000e+04
1.650300000000000000e+04
1.643300000000000000e+04
1.654500000000000000e+04
1.679800000000000000e+04
1.679600000000000000e+04
1.687500000000000000e+04
1.695600000000000000e+04
1.718700000000000000e+04
1.721200000000000000e+04
1.746500000000000000e+04
1.752900000000000000e+04
1.763600000000000000e+04
1.792700000000000000e+04
1.780300000000000000e+04
1.807600000000000000e+04
1.820000000000000000e+04
1.818500000000000000e+04
1.849800000000000000e+04
1.825300000000000000e+04
1.855000000000000000e+04
1.862100000000000000e+04
1.848300000000000000e+04
1.890100000000000000e+04
1.920000000000000000e+04
1.887800000000000000e+04
1.908700000000000000e+04
1.936400000000000000e+04
1.937300000000000000e+04
1.968500000000000000e+04
1.967800000000000000e+04
2.011400000000000000e+04
2.020600000000000000e+04
2.006000000000000000e+04
2.036500000000000000e+04
2.066100000000000000e+04
2.076300000000000000e+04
2.094000000000000000e+04
2.103700000000000000e+04
2.125500000000000000e+04
2.138800000000000000e+04
2.152500000000000000e+04
2.171300000000000000e+04
2.169100000000000000e+04
2.175600000000000000e+04
2.191900000000000000e+04
2.225100000000000000e+04
2.235500000000000000e+04
2.286800000000000000e+04
2.293500000000000000e+04
2.284600000000000000e+04
2.319400000000000000e+04
2.326300000000000000e+04
2.338100000000000000e+04
2.355000000000000000e+04
2.383100000000000000e+04
2.420400000000000000e+04
2.417400000000000000e+04
2.410800000000000000e+04
2.450200000000000000e+04
2.481500000000000000e+04
2.501800000000000000e+04
2.529200000000000000e+04
2.555100000000000000e+04
2.537300000000000000e+04
2.573000000000000000e+04
2.600000000000000000e+04
2.625100000000000000e+04
2.635600000000000000e+04
2.680100000000000000e+04
2.700400000000000000e+04
2.686500000000000000e+04
2.730400000000000000e+04
2.734600000000000000e+04
2.756600000000000000e+04
2.802600000000000000e+04
2.813000000000000000e+04
2.847000000000000000e+04
2.888900000000000000e+04
2.878800000000000000e+04
2.912700000000000000e+04
2.930700000000000000e+04
2.945000000000000000e+04
2.965100000000000000e+04
3.019600000000000000e+04
3.020300000000000000e+04
3.058000000000000000e+04
3.061600000000000000e+04
3.127000000000000000e+04
3.176000000000000000e+04
3.162300000000000000e+04
3.177000000000000000e+04
3.227900000000000000e+04
3.283200000000000000e+04
3.317900000000000000e+04
3.318100000000000000e+04
3.323600000000000000e+04
3.372700000000000000e+04
3.402700000000000000e+04
3.412200000000000000e+04
3.484700000000000000e+04
3.484100000000000000e+04
3.487300000000000000e+04
3.556300000000000000e+04
3.597500000000000000e+04
3.631000000000000000e+04
3.626200000000000000e+04
3.699000000000000000e+04
3.749400000000000000e+04
3.757900000000000000e+04
3.834400000000000000e+04
3.883400000000000000e+04
3.861300000000000000e+04
3.895300000000000000e+04
3.911500000000000000e+04
4.006500000000000000e+04
4.064200000000000000e+04
4.079300000000000000e+04
4.101200000000000000e+04
4.151000000000000000e+04
4.151000000000000000e+04
4.208200000000000000e+04
4.297500000000000000e+04
4.318700000000000000e+04
4.352100000000000000e+04
4.404100000000000000e+04
4.448300000000000000e+04
4.502400000000000000e+04
4.531100000000000000e+04
4.535800000000000000e+04
4.626600000000000000e+04
4.665600000000000000e+04
4.740700000000000000e+04
4.797700000000000000e+04
4.850200000000000000e+04
4.885900000000000000e+04
4.926700000000000000e+04
4.945000000000000000e+04
5.012300000000000000e+04
5.105800000000000000e+04
5.152400000000000000e+04
5.208300000000000000e+04
5.299000000000000000e+04
5.315800000000000000e+04
5.343100000000000000e+04
5.469500000000000000e+04
5.490100000000000000e+04
5.561900000000000000e+04
5.632900000000000000e+04
5.710100000000000000e+04
5.794100000000000000e+04
5.814300000000000000e+04
5.919400000000000000e+04
5.945700000000000000e+04
6.080300000000000000e+04
6.126900000000000000e+04
6.197100000000000000e+04
6.242200000000000000e+04
6.340800000000000000e+04
6.446800000000000000e+04
6.502500000000000000e+04
6.579500000000000000e+04
6.684800000000000000e+04
6.783600000000000000e+04
6.789800000000000000e+04
6.878800000000000000e+04
6.952400000000000000e+04
7.068900000000000000e+04
7.177700000000000000e+04
7.291500000000000000e+04
7.383800000000000000e+04
7.439800000000000000e+04
7.539200000000000000e+04
7.636800000000000000e+04
7.761700000000000000e+04
7.824200000000000000e+04
7.925900000000000000e+04
8.042500000000000000e+04
8.133400000000000000e+04
8.274900000000000000e+04
8.380200000000000000e+04
8.523500000000000000e+04
8.563700000000000000e+04
8.724700000000000000e+04
8.861900000000000000e+04
8.933900000000000000e+04
9.101800000000000000e+04
9.201500000000000000e+04
9.366100000000000000e+04
9.449300000000000000e+04
9.596200000000000000e+04
9.804800000000000000e+04
9.881000000000000000e+04
1.010240000000000000e+05
1.018660000000000000e+05
1.034140000000000000e+05
1.046910000000000000e+05
1.068360000000000000e+05
1.085430000000000000e+05
1.099350000000000000e+05
1.110780000000000000e+05
1.132780000000000000e+05
1.147590000000000000e+05
1.167800000000000000e+05
1.182670000000000000e+05
1.206410000000000000e+05
1.227950000000000000e+05
1.240100000000000000e+05
1.267890000000000000e+05
1.284260000000000000e+05
1.304720000000000000e+05
1.328520000000000000e+05
1.336730000000000000e+05
1.367540000000000000e+05
1.398820000000000000e+05
1.417290000000000000e+05
1.435030000000000000e+05
1.459210000000000000e+05
1.478860000000000000e+05
1.511900000000000000e+05
1.546200000000000000e+05
1.563400000000000000e+05
1.598240000000000000e+05
1.624710000000000000e+05
1.651600000000000000e+05
1.684980000000000000e+05
1.710170000000000000e+05
1.734010000000000000e+05
1.766870000000000000e+05
1.806230000000000000e+05
1.836700000000000000e+05
1.865860000000000000e+05
1.908420000000000000e+05
1.943550000000000000e+05
1.975330000000000000e+05
2.010050000000000000e+05
2.050690000000000000e+05
2.088030000000000000e+05
2.132070000000000000e+05
2.167020000000000000e+05
2.211960000000000000e+05
2.262100000000000000e+05
2.299710000000000000e+05
2.346140000000000000e+05
2.383320000000000000e+05
2.440760000000000000e+05
2.480220000000000000e+05
2.536910000000000000e+05
2.592750000000000000e+05
2.639690000000000000e+05
2.685070000000000000e+05
2.750320000000000000e+05
2.800380000000000000e+05
2.855220000000000000e+05
2.903000000000000000e+05
2.967420000000000000e+05
3.036600000000000000e+05
3.086320000000000000e+05
3.146160000000000000e+05
3.210030000000000000e+05
3.289910000000000000e+05
3.363130000000000000e+05
3.416670000000000000e+05
3.479300000000000000e+05
3.552320000000000000e+05
3.626210000000000000e+05
3.695640000000000000e+05
3.775810000000000000e+05
3.848280000000000000e+05
3.919760000000000000e+05
4.006040000000000000e+05
4.085330000000000000e+05
4.149460000000000000e+05
4.235810000000000000e+05
4.322010000000000000e+05
4.385580000000000000e+05
4.485600000000000000e+05
4.558060000000000000e+05
4.653450000000000000e+05
4.725480000000000000e+05
4.802010000000000000e+05
4.887580000000000000e+05
4.958000000000000000e+05
5.060000000000000000e+05
5.138440000000000000e+05
5.203080000000000000e+05
5.292030000000000000e+05
5.369430000000000000e+05
5.456500000000000000e+05
5.527300000000000000e+05
5.583940000000000000e+05
5.649040000000000000e+05
5.742000000000000000e+05
5.808660000000000000e+05
5.868090000000000000e+05
5.928750000000000000e+05
6.000700000000000000e+05
6.052400000000000000e+05
6.087680000000000000e+05
6.141050000000000000e+05
6.194400000000000000e+05
6.220320000000000000e+05
6.256700000000000000e+05
6.288600000000000000e+05
6.325200000000000000e+05
6.332990000000000000e+05
6.346630000000000000e+05
6.346980000000000000e+05
6.359200000000000000e+05
6.375310000000000000e+05
6.359450000000000000e+05
6.352730000000000000e+05
6.334470000000000000e+05
6.306870000000000000e+05
6.291150000000000000e+05
6.270070000000000000e+05
6.220850000000000000e+05
6.177490000000000000e+05
6.138580000000000000e+05
6.104830000000000000e+05
6.035980000000000000e+05
5.979100000000000000e+05
5.936300000000000000e+05
5.876900000000000000e+05
5.801600000000000000e+05
5.742850000000000000e+05
5.678950000000000000e+05
5.587920000000000000e+05
5.517100000000000000e+05
5.446170000000000000e+05
5.371660000000000000e+05
5.297050000000000000e+05
5.217520000000000000e+05
5.133350000000000000e+05
5.044680000000000000e+05
4.976920000000000000e+05
4.896020000000000000e+05
4.796940000000000000e+05
4.737740000000000000e+05
4.642970000000000000e+05
4.555760000000000000e+05
4.471950000000000000e+05
4.397840000000000000e+05
4.319590000000000000e+05
4.218950000000000000e+05
4.150100000000000000e+05
4.064670000000000000e+05
4.013000000000000000e+05
3.907050000000000000e+05
3.841000000000000000e+05
3.761450000000000000e+05
3.693590000000000000e+05
3.618950000000000000e+05
3.557650000000000000e+05
3.493190000000000000e+05
3.426750000000000000e+05
3.341010000000000000e+05
3.287040000000000000e+05
3.209080000000000000e+05
3.153860000000000000e+05
3.080800000000000000e+05
3.031010000000000000e+05
2.969850000000000000e+05
2.913460000000000000e+05
2.845630000000000000e+05
2.792540000000000000e+05
2.739350000000000000e+05
2.688480000000000000e+05
2.635280000000000000e+05
2.594320000000000000e+05
2.533110000000000000e+05
2.481580000000000000e+05
2.434310000000000000e+05
2.391060000000000000e+05
2.348560000000000000e+05
2.305350000000000000e+05
2.259010000000000000e+05
2.214860000000000000e+05
2.165930000000000000e+05
2.125040000000000000e+05
2.092050000000000000e+05
2.047090000000000000e+05
2.010320000000000000e+05
1.974010000000000000e+05
1.936830000000000000e+05
1.903210000000000000e+05
1.885170000000000000e+05
1.831040000000000000e+05
1.807280000000000000e+05
1.776250000000000000e+05
1.745360000000000000e+05
1.709130000000000000e+05
1.682610000000000000e+05
1.648390000000000000e+05
1.617460000000000000e+05
1.596060000000000000e+05
1.571010000000000000e+05
1.544140000000000000e+05
1.511220000000000000e+05
1.491730000000000000e+05
1.458000000000000000e+05
1.428920000000000000e+05
1.415450000000000000e+05
1.391690000000000000e+05
1.370660000000000000e+05
1.347840000000000000e+05
1.324170000000000000e+05
1.302800000000000000e+05
1.280130000000000000e+05
1.259310000000000000e+05
1.237270000000000000e+05
1.216770000000000000e+05
1.208360000000000000e+05
1.186180000000000000e+05
1.167400000000000000e+05
1.154600000000000000e+05
1.131190000000000000e+05
1.113670000000000000e+05
1.104170000000000000e+05
1.078030000000000000e+05
1.068520000000000000e+05
1.053480000000000000e+05
1.044150000000000000e+05
1.018290000000000000e+05
1.006450000000000000e+05
9.864900000000000000e+04
9.754300000000000000e+04
9.667300000000000000e+04
9.507300000000000000e+04
9.397100000000000000e+04
9.206500000000000000e+04
9.104300000000000000e+04
8.932100000000000000e+04
8.829300000000000000e+04
8.750200000000000000e+04
8.598100000000000000e+04
8.506800000000000000e+04
8.412300000000000000e+04
8.275100000000000000e+04
8.137700000000000000e+04
8.020300000000000000e+04
7.918200000000000000e+04
7.871600000000000000e+04
7.708300000000000000e+04
7.581100000000000000e+04
7.506600000000000000e+04
7.413100000000000000e+04
7.372700000000000000e+04
7.233000000000000000e+04
7.171600000000000000e+04
7.046000000000000000e+04
6.996600000000000000e+04
6.848000000000000000e+04
6.762800000000000000e+04
6.692700000000000000e+04
6.640200000000000000e+04
6.603500000000000000e+04
6.500900000000000000e+04
6.424100000000000000e+04
6.295600000000000000e+04
6.254700000000000000e+04
6.193000000000000000e+04
6.120300000000000000e+04
6.023500000000000000e+04
5.883300000000000000e+04
5.895600000000000000e+04
5.825000000000000000e+04
5.768000000000000000e+04
5.664100000000000000e+04
5.642100000000000000e+04
5.545800000000000000e+04
5.515600000000000000e+04
5.442800000000000000e+04
5.405500000000000000e+04
5.333100000000000000e+04
5.255200000000000000e+04
5.217400000000000000e+04
5.143200000000000000e+04
5.113100000000000000e+04
5.035300000000000000e+04
4.990000000000000000e+04
4.927100000000000000e+04
4.862900000000000000e+04
4.856900000000000000e+04
4.781800000000000000e+04
4.737500000000000000e+04
4.668900000000000000e+04
4.644300000000000000e+04
4.580600000000000000e+04
4.538100000000000000e+04
4.499200000000000000e+04
4.444500000000000000e+04
4.414400000000000000e+04
4.359100000000000000e+04
4.318700000000000000e+04
4.259300000000000000e+04
4.223300000000000000e+04
4.188100000000000000e+04
4.133600000000000000e+04
4.075800000000000000e+04
4.063400000000000000e+04
4.019300000000000000e+04
3.991000000000000000e+04
3.945800000000000000e+04
3.923100000000000000e+04
3.885400000000000000e+04
3.840800000000000000e+04
3.794600000000000000e+04
3.768000000000000000e+04
3.729600000000000000e+04
3.705200000000000000e+04
3.685600000000000000e+04
3.621300000000000000e+04
3.599900000000000000e+04
3.534100000000000000e+04
3.528000000000000000e+04
3.495800000000000000e+04
3.472500000000000000e+04
3.407400000000000000e+04
3.387300000000000000e+04
3.370300000000000000e+04
3.321000000000000000e+04
3.285200000000000000e+04
3.290100000000000000e+04
3.248100000000000000e+04
3.226100000000000000e+04
3.181600000000000000e+04
3.138200000000000000e+04
3.184200000000000000e+04
3.119400000000000000e+04
3.118100000000000000e+04
3.036200000000000000e+04
3.049600000000000000e+04
3.024700000000000000e+04
2.963100000000000000e+04
2.971600000000000000e+04
2.961200000000000000e+04
2.949500000000000000e+04
2.871700000000000000e+04
2.865200000000000000e+04
2.849700000000000000e+04
2.821300000000000000e+04
2.809900000000000000e+04
2.768700000000000000e+04
2.766400000000000000e+04
2.735500000000000000e+04
2.698400000000000000e+04
2.689600000000000000e+04
2.660000000000000000e+04
2.601200000000000000e+04
2.613100000000000000e+04
2.598400000000000000e+04
2.582800000000000000e+04
2.539800000000000000e+04
2.568500000000000000e+04
2.514600000000000000e+04
2.499600000000000000e+04
2.446800000000000000e+04
2.476300000000000000e+04
2.449900000000000000e+04
2.413700000000000000e+04
2.394200000000000000e+04
2.368100000000000000e+04
2.378900000000000000e+04
2.338900000000000000e+04
2.326300000000000000e+04
2.329800000000000000e+04
2.291600000000000000e+04
2.288800000000000000e+04
2.260400000000000000e+04
2.233800000000000000e+04
2.174800000000000000e+04
2.235400000000000000e+04
2.207500000000000000e+04
2.169400000000000000e+04
2.170800000000000000e+04
2.136900000000000000e+04
2.158900000000000000e+04
2.133700000000000000e+04
2.126500000000000000e+04
2.076300000000000000e+04
2.069800000000000000e+04
2.028000000000000000e+04
2.054200000000000000e+04
2.043200000000000000e+04
2.033100000000000000e+04
2.018400000000000000e+04
1.985300000000000000e+04
2.009800000000000000e+04
1.962500000000000000e+04
1.952200000000000000e+04
1.954500000000000000e+04
1.900700000000000000e+04
1.920000000000000000e+04
1.894700000000000000e+04
1.881700000000000000e+04
1.877800000000000000e+04
1.874700000000000000e+04
1.843200000000000000e+04
1.826100000000000000e+04
1.800400000000000000e+04
1.799400000000000000e+04
1.787800000000000000e+04
1.770500000000000000e+04
1.762100000000000000e+04
1.749600000000000000e+04
1.730000000000000000e+04
1.750900000000000000e+04
1.717800000000000000e+04
1.702000000000000000e+04
1.684700000000000000e+04
1.680800000000000000e+04
1.686400000000000000e+04
1.672800000000000000e+04
1.657400000000000000e+04
1.660100000000000000e+04
1.639500000000000000e+04
1.642100000000000000e+04
1.651500000000000000e+04
1.612900000000000000e+04
1.583000000000000000e+04
1.618000000000000000e+04
1.582500000000000000e+04
1.561700000000000000e+04
1.562600000000000000e+04
1.560700000000000000e+04
1.529400000000000000e+04
1.541600000000000000e+04
1.520000000000000000e+04
1.530500000000000000e+04
1.508600000000000000e+04
1.511000000000000000e+04
1.469900000000000000e+04
1.495300000000000000e+04
1.481900000000000000e+04
1.451100000000000000e+04
1.444800000000000000e+04
1.439500000000000000e+04
1.426700000000000000e+04
1.419500000000000000e+04
1.430600000000000000e+04
1.402100000000000000e+04
1.402200000000000000e+04
1.394000000000000000e+04
1.393500000000000000e+04
1.373700000000000000e+04
1.354000000000000000e+04
1.349200000000000000e+04
1.333700000000000000e+04
1.359800000000000000e+04
1.350400000000000000e+04
1.333000000000000000e+04
1.330800000000000000e+04
1.298900000000000000e+04
1.311200000000000000e+04
1.303500000000000000e+04
1.284500000000000000e+04
1.289400000000000000e+04
1.289400000000000000e+04
1.274300000000000000e+04
1.250600000000000000e+04
1.258100000000000000e+04
1.269000000000000000e+04
1.246700000000000000e+04
1.220800000000000000e+04
1.229100000000000000e+04
1.195600000000000000e+04
1.216500000000000000e+04
1.188100000000000000e+04
1.211200000000000000e+04
1.203900000000000000e+04
1.179500000000000000e+04
1.181700000000000000e+04
1.173100000000000000e+04
1.163100000000000000e+04
1.155300000000000000e+04
1.159500000000000000e+04
1.155500000000000000e+04
1.128700000000000000e+04
1.123800000000000000e+04
1.129800000000000000e+04
1.133900000000000000e+04
1.109600000000000000e+04
1.120900000000000000e+04
1.122500000000000000e+04
1.106800000000000000e+04
1.081500000000000000e+04
1.070100000000000000e+04
1.082700000000000000e+04
1.072100000000000000e+04
1.087000000000000000e+04
1.079700000000000000e+04
1.083000000000000000e+04
1.060200000000000000e+04
1.053300000000000000e+04
1.044400000000000000e+04
1.031600000000000000e+04
1.039700000000000000e+04
1.019000000000000000e+04
1.018400000000000000e+04
1.034100000000000000e+04
1.004000000000000000e+04
1.008900000000000000e+04
1.013700000000000000e+04
1.005800000000000000e+04
9.842000000000000000e+03
9.898000000000000000e+03
9.717000000000000000e+03
9.840000000000000000e+03
9.610000000000000000e+03
9.700000000000000000e+03
9.532000000000000000e+03
9.716000000000000000e+03
9.701000000000000000e+03
9.503000000000000000e+03
9.462000000000000000e+03
9.504000000000000000e+03
9.355000000000000000e+03
9.468000000000000000e+03
9.425000000000000000e+03
9.384000000000000000e+03
9.223000000000000000e+03
9.280000000000000000e+03
8.999000000000000000e+03
9.065000000000000000e+03
9.032000000000000000e+03
9.004000000000000000e+03
8.760000000000000000e+03
8.871000000000000000e+03
8.766000000000000000e+03
8.635000000000000000e+03
8.772000000000000000e+03
8.891000000000000000e+03
8.904000000000000000e+03
8.747000000000000000e+03
8.620000000000000000e+03
8.663000000000000000e+03
8.490000000000000000e+03
8.547000000000000000e+03
8.322000000000000000e+03
8.443000000000000000e+03
8.439000000000000000e+03
8.475000000000000000e+03
8.301000000000000000e+03
8.221000000000000000e+03
8.253000000000000000e+03
8.127000000000000000e+03
8.040000000000000000e+03
8.171000000000000000e+03
7.916000000000000000e+03
8.074000000000000000e+03
8.066000000000000000e+03
8.062000000000000000e+03
7.816000000000000000e+03
7.851000000000000000e+03
7.808000000000000000e+03
7.784000000000000000e+03
7.941000000000000000e+03
7.756000000000000000e+03
7.874000000000000000e+03
7.690000000000000000e+03
7.822000000000000000e+03
7.622000000000000000e+03
7.480000000000000000e+03
7.657000000000000000e+03
7.535000000000000000e+03
7.419000000000000000e+03
7.337000000000000000e+03
7.353000000000000000e+03
7.483000000000000000e+03
7.365000000000000000e+03
7.356000000000000000e+03
7.466000000000000000e+03
7.276000000000000000e+03
7.312000000000000000e+03
7.366000000000000000e+03
7.174000000000000000e+03
7.235000000000000000e+03
6.966000000000000000e+03
6.851000000000000000e+03
7.261000000000000000e+03
6.976000000000000000e+03
6.901000000000000000e+03
7.051000000000000000e+03
6.850000000000000000e+03
6.920000000000000000e+03
6.855000000000000000e+03
6.808000000000000000e+03
6.888000000000000000e+03
6.836000000000000000e+03
6.765000000000000000e+03
6.791000000000000000e+03
6.605000000000000000e+03
6.641000000000000000e+03
6.790000000000000000e+03
6.804000000000000000e+03
6.654000000000000000e+03
6.694000000000000000e+03
6.495000000000000000e+03
6.604000000000000000e+03
6.547000000000000000e+03
6.382000000000000000e+03
6.311000000000000000e+03
6.391000000000000000e+03
6.430000000000000000e+03
6.390000000000000000e+03
6.390000000000000000e+03
6.507000000000000000e+03
6.336000000000000000e+03
