6.314000000000000000e+03
6.285000000000000000e+03
6.338000000000000000e+03
6.374000000000000000e+03
6.323000000000000000e+03
6.571000000000000000e+03
6.532000000000000000e+03
6.513000000000000000e+03
6.586000000000000000e+03
6.626000000000000000e+03
6.544000000000000000e+03
6.553000000000000000e+03
6.529000000000000000e+03
6.617000000000000000e+03
6.644000000000000000e+03
6.618000000000000000e+03
6.795000000000000000e+03
6.830000000000000000e+03
6.804000000000000000e+03
6.730000000000000000e+03
6.816000000000000000e+03
7.006000000000000000e+03
6.993000000000000000e+03
6.868000000000000000e+03
6.965000000000000000e+03
7.121000000000000000e+03
6.954000000000000000e+03
7.140000000000000000e+03
7.050000000000000000e+03
7.089000000000000000e+03
7.227000000000000000e+03
7.152000000000000000e+03
7.068000000000000000e+03
7.286000000000000000e+03
7.277000000000000000e+03
7.239000000000000000e+03
7.310000000000000000e+03
7.324000000000000000e+03
7.432000000000000000e+03
7.421000000000000000e+03
7.433000000000000000e+03
7.543000000000000000e+03
7.640000000000000000e+03
7.572000000000000000e+03
7.612000000000000000e+03
7.477000000000000000e+03
7.649000000000000000e+03
7.578000000000000000e+03
7.715000000000000000e+03
7.823000000000000000e+03
7.863000000000000000e+03
7.799000000000000000e+03
7.968000000000000000e+03
7.938000000000000000e+03
8.039000000000000000e+03
7.981000000000000000e+03
8.070000000000000000e+03
7.987000000000000000e+03
8.072000000000000000e+03
8.153000000000000000e+03
8.233000000000000000e+03
8.156000000000000000e+03
8.247000000000000000e+03
8.293000000000000000e+03
8.357000000000000000e+03
8.294000000000000000e+03
8.289000000000000000e+03
8.406000000000000000e+03
8.357000000000000000e+03
8.534000000000000000e+03
8.563000000000000000e+03
8.512000000000000000e+03
8.509000000000000000e+03
8.586000000000000000e+03
8.413000000000000000e+03
8.649000000000000000e+03
8.813000000000000000e+03
8.704000000000000000e+03
8.859000000000000000e+03
8.788000000000000000e+03
8.930000000000000000e+03
9.097000000000000000e+03
9.095000000000000000e+03
9.083000000000000000e+03
9.107000000000000000e+03
9.136000000000000000e+03
9.212000000000000000e+03
9.356000000000000000e+03
9.150000000000000000e+03
9.233000000000000000e+03
9.356000000000000000e+03
9.415000000000000000e+03
9.477000000000000000e+03
9.475000000000000000e+03
9.656000000000000000e+03
9.506000000000000000e+03
9.704000000000000000e+03
9.486000000000000000e+03
9.714000000000000000e+03
9.770000000000000000e+03
9.795000000000000000e+03
9.891000000000000000e+03
1.001000000000000000e+04
9.871000000000000000e+03
9.791000000000000000e+03
1.013700000000000000e+04
1.014700000000000000e+04
1.018400000000000000e+04
1.029900000000000000e+04
1.038000000000000000e+04
1.028600000000000000e+04
1.039800000000000000e+04
1.057800000000000000e+04
1.034300000000000000e+04
1.042200000000000000e+04
1.058000000000000000e+04
1.074800000000000000e+04
1.062200000000000000e+04
1.089700000000000000e+04
1.076700000000000000e+04
1.086800000000000000e+04
1.091300000000000000e+04
1.103400000000000000e+04
1.102200000000000000e+04
1.118300000000000000e+04
1.107700000000000000e+04
1.112900000000000000e+04
1.116200000000000000e+04
1.132200000000000000e+04
1.132700000000000000e+04
1.147900000000000000e+04
1.153100000000000000e+04
1.155600000000000000e+04
1.159200000000000000e+04
1.174200000000000000e+04
1.153600000000000000e+04
1.175100000000000000e+04
1.195800000000000000e+04
1.207700000000000000e+04
1.193100000000000000e+04
1.190100000000000000e+04
1.197800000000000000e+04
1.221300000000000000e+04
1.214300000000000000e+04
1.234700000000000000e+04
1.223200000000000000e+04
1.259200000000000000e+04
1.272100000000000000e+04
1.265500000000000000e+04
1.269900000000000000e+04
1.276900000000000000e+04
1.279200000000000000e+04
1.296800000000000000e+04
1.286300000000000000e+04
1.296300000000000000e+04
1.316700000000000000e+04
1.322000000000000000e+04
1.338200000000000000e+04
1.349800000000000000e+04
1.349600000000000000e+04
1.366800000000000000e+04
1.359700000000000000e+04
1.364700000000000000e+04
1.386200000000000000e+04
1.379500000000000000e+04
1.390500000000000000e+04
1.377300000000000000e+04
1.415200000000000000e+04
1.406300000000000000e+04
1.409600000000000000e+04
1.454200000000000000e+04
1.452700000000000000e+04
1.428500000000000000e+04
1.454600000000000000e+04
1.444200000000000000e+04
1.475900000000000000e+04
1.484700000000000000e+04
1.513000000000000000e+04
1.491300000000000000e+04
1.515400000000000000e+04
1.515900000000000000e+04
1.540200000000000000e+04
1.527500000000000000e+04
1.545300000000000000e+04
1.562300000000000000e+04
1.573100000000000000e+04
1.591500000000000000e+04
1.579900000000000000e+04
1.594000000000000000e+04
1.613700000000000000e+04
1.588900000000000000e+04
1.627000000000000000e+04
1.646800000000000000e+04
1.648200000000000000e+04
1.664200000000000000e+04
1.657000000000000000e+04
1.667300000000000000e+04
1.721500000000000000e+04
1.720600000000000000e+04
1.698300000000000000e+04
1.731600000000000000e+04
1.754900000000000000e+04
1.742700000000000000e+04
1.776400000000000000e+04
1.780900000000000000e+04
1.780600000000000000e+04
1.798000000000000000e+04
1.799800000000000000e+04
1.821800000000000000e+04
1.840500000000000000e+04
1.832900000000000000e+04
1.854900000000000000e+04
1.881700000000000000e+04
1.860800000000000000e+04
1.902800000000000000e+04
1.919800000000000000e+04
1.914900000000000000e+04
1.954200000000000000e+04
1.944900000000000000e+04
1.921100000000000000e+04
1.955000000000000000e+04
1.984600000000000000e+04
2.012700000000000000e+04
2.020700000000000000e+04
2.040900000000000000e+04
2.038600000000000000e+04
2.059900000000000000e+04
2.088000000000000000e+04
2.096900000000000000e+04
2.099500000000000000e+04
2.143300000000000000e+04
2.130300000000000000e+04
2.150800000000000000e+04
2.183800000000000000e+04
2.160200000000000000e+04
2.195600000000000000e+04
2.196400000000000000e+04
2.239000000000000000e+04
2.239700000000000000e+04
2.256400000000000000e+04
2.294600000000000000e+04
2.274900000000000000e+04
2.305300000000000000e+04
2.323200000000000000e+04
2.324200000000000000e+04
2.369900000000000000e+04
2.387700000000000000e+04
2.381300000000000000e+04
2.431300000000000000e+04
2.442800000000000000e+04
2.479100000000000000e+04
2.431700000000000000e+04
2.518100000000000000e+04
2.513300000000000000e+04
2.541000000000000000e+04
2.568800000000000000e+04
2.570600000000000000e+04
2.595900000000000000e+04
2.613100000000000000e+04
2.612000000000000000e+04
2.632000000000000000e+04
2.678500000000000000e+04
2.752700000000000000e+04
2.709000000000000000e+04
2.759400000000000000e+04
2.755500000000000000e+04
2.789900000000000000e+04
2.797600000000000000e+04
2.872100000000000000e+04
2.864600000000000000e+04
2.886300000000000000e+04
2.899300000000000000e+04
2.974200000000000000e+04
2.949700000000000000e+04
2.969800000000000000e+04
3.017900000000000000e+04
3.059300000000000000e+04
3.043300000000000000e+04
3.089200000000000000e+04
3.129300000000000000e+04
3.159700000000000000e+04
3.157800000000000000e+04
3.213200000000000000e+04
3.217900000000000000e+04
3.229900000000000000e+04
3.253300000000000000e+04
3.336400000000000000e+04
3.320800000000000000e+04
3.393000000000000000e+04
3.447200000000000000e+04
3.449000000000000000e+04
3.443900000000000000e+04
3.472200000000000000e+04
3.555700000000000000e+04
3.574300000000000000e+04
3.577900000000000000e+04
3.601100000000000000e+04
3.656500000000000000e+04
3.675600000000000000e+04
3.728900000000000000e+04
3.753200000000000000e+04
3.796800000000000000e+04
3.867600000000000000e+04
3.857800000000000000e+04
3.885000000000000000e+04
3.952400000000000000e+04
3.995800000000000000e+04
3.997500000000000000e+04
4.039300000000000000e+04
4.103500000000000000e+04
4.163400000000000000e+04
4.185800000000000000e+04
4.204700000000000000e+04
4.245900000000000000e+04
4.325300000000000000e+04
4.353600000000000000e+04
4.408300000000000000e+04
4.420200000000000000e+04
4.478900000000000000e+04
4.532200000000000000e+04
4.554900000000000000e+04
4.650600000000000000e+04
4.667000000000000000e+04
4.718800000000000000e+04
4.783200000000000000e+04
4.836700000000000000e+04
4.856200000000000000e+04
4.967700000000000000e+04
4.957600000000000000e+04
5.004000000000000000e+04
5.103400000000000000e+04
5.154700000000000000e+04
5.188500000000000000e+04
5.253100000000000000e+04
5.286200000000000000e+04
5.377700000000000000e+04
5.427300000000000000e+04
5.471800000000000000e+04
5.600900000000000000e+04
5.605200000000000000e+04
5.736200000000000000e+04
5.717000000000000000e+04
5.829900000000000000e+04
5.904000000000000000e+04
5.972000000000000000e+04
6.011800000000000000e+04
6.133500000000000000e+04
6.181200000000000000e+04
6.252700000000000000e+04
6.329900000000000000e+04
6.376900000000000000e+04
6.495200000000000000e+04
6.535800000000000000e+04
6.650400000000000000e+04
6.704300000000000000e+04
6.794500000000000000e+04
6.900300000000000000e+04
6.992700000000000000e+04
7.072700000000000000e+04
7.158200000000000000e+04
7.294400000000000000e+04
7.346800000000000000e+04
7.467900000000000000e+04
7.489800000000000000e+04
7.643400000000000000e+04
7.675100000000000000e+04
7.824600000000000000e+04
7.915000000000000000e+04
8.034900000000000000e+04
8.193900000000000000e+04
8.190300000000000000e+04
8.392300000000000000e+04
8.475000000000000000e+04
8.557700000000000000e+04
8.684000000000000000e+04
8.860800000000000000e+04
8.976900000000000000e+04
9.084300000000000000e+04
9.187900000000000000e+04
9.336500000000000000e+04
9.535600000000000000e+04
9.602100000000000000e+04
9.730300000000000000e+04
9.943100000000000000e+04
9.979900000000000000e+04
1.016420000000000000e+05
1.035590000000000000e+05
1.052240000000000000e+05
1.062890000000000000e+05
1.083250000000000000e+05
1.094830000000000000e+05
1.114860000000000000e+05
1.132280000000000000e+05
1.149750000000000000e+05
1.163100000000000000e+05
1.185210000000000000e+05
1.209810000000000000e+05
1.226540000000000000e+05
1.246400000000000000e+05
1.262470000000000000e+05
1.283120000000000000e+05
1.302730000000000000e+05
1.328290000000000000e+05
1.344610000000000000e+05
1.365050000000000000e+05
1.391060000000000000e+05
1.415500000000000000e+05
1.440960000000000000e+05
1.462040000000000000e+05
1.493400000000000000e+05
1.518920000000000000e+05
1.542040000000000000e+05
1.572680000000000000e+05
1.595920000000000000e+05
1.618190000000000000e+05
1.648050000000000000e+05
1.680630000000000000e+05
1.711680000000000000e+05
1.737270000000000000e+05
1.773520000000000000e+05
1.812160000000000000e+05
1.841630000000000000e+05
1.874060000000000000e+05
1.905770000000000000e+05
1.944570000000000000e+05
1.978790000000000000e+05
2.021530000000000000e+05
2.042800000000000000e+05
2.097290000000000000e+05
2.130030000000000000e+05
2.174680000000000000e+05
2.216210000000000000e+05
2.257630000000000000e+05
2.301740000000000000e+05
2.342210000000000000e+05
2.387680000000000000e+05
2.435370000000000000e+05
2.488940000000000000e+05
2.531980000000000000e+05
2.583340000000000000e+05
2.635200000000000000e+05
2.689970000000000000e+05
2.740710000000000000e+05
2.801500000000000000e+05
2.852520000000000000e+05
2.905270000000000000e+05
2.960710000000000000e+05
3.037700000000000000e+05
3.082360000000000000e+05
3.144970000000000000e+05
3.225590000000000000e+05
3.287360000000000000e+05
3.340800000000000000e+05
3.418540000000000000e+05
3.482840000000000000e+05
3.545600000000000000e+05
3.618270000000000000e+05
3.682930000000000000e+05
3.764960000000000000e+05
3.850420000000000000e+05
3.920350000000000000e+05
3.986050000000000000e+05
4.080910000000000000e+05
4.155130000000000000e+05
4.232250000000000000e+05
4.307410000000000000e+05
4.394440000000000000e+05
4.480180000000000000e+05
4.562250000000000000e+05
4.631560000000000000e+05
4.732420000000000000e+05
4.805800000000000000e+05
4.889480000000000000e+05
4.962330000000000000e+05
5.056310000000000000e+05
5.124850000000000000e+05
5.217240000000000000e+05
5.287990000000000000e+05
5.367770000000000000e+05
5.432330000000000000e+05
5.523670000000000000e+05
5.590740000000000000e+05
5.666670000000000000e+05
5.747880000000000000e+05
5.808580000000000000e+05
5.869250000000000000e+05
5.918150000000000000e+05
5.992630000000000000e+05
6.053890000000000000e+05
6.089580000000000000e+05
6.141770000000000000e+05
6.190590000000000000e+05
6.217500000000000000e+05
6.253100000000000000e+05
6.305020000000000000e+05
6.312530000000000000e+05
6.342430000000000000e+05
6.349770000000000000e+05
6.358170000000000000e+05
6.375670000000000000e+05
6.377570000000000000e+05
6.356020000000000000e+05
6.350340000000000000e+05
6.340330000000000000e+05
6.322590000000000000e+05
6.289180000000000000e+05
6.261300000000000000e+05
6.241200000000000000e+05
6.185130000000000000e+05
6.152820000000000000e+05
6.111270000000000000e+05
6.053100000000000000e+05
6.003830000000000000e+05
5.925500000000000000e+05
5.872920000000000000e+05
5.815660000000000000e+05
5.741050000000000000e+05
5.667660000000000000e+05
5.591570000000000000e+05
5.533100000000000000e+05
5.454990000000000000e+05
5.371430000000000000e+05
5.294230000000000000e+05
5.205160000000000000e+05
5.134470000000000000e+05
5.053100000000000000e+05
4.974980000000000000e+05
4.888810000000000000e+05
4.805040000000000000e+05
4.729910000000000000e+05
4.640530000000000000e+05
4.554350000000000000e+05
4.472820000000000000e+05
4.396900000000000000e+05
4.321830000000000000e+05
4.235590000000000000e+05
4.161010000000000000e+05
4.081740000000000000e+05
4.008210000000000000e+05
3.914110000000000000e+05
3.846010000000000000e+05
3.770970000000000000e+05
3.697400000000000000e+05
3.613220000000000000e+05
3.545300000000000000e+05
3.481400000000000000e+05
3.415930000000000000e+05
3.339190000000000000e+05
3.279550000000000000e+05
3.221060000000000000e+05
3.151220000000000000e+05
3.089570000000000000e+05
3.024350000000000000e+05
2.971110000000000000e+05
2.899070000000000000e+05
2.849280000000000000e+05
2.809330000000000000e+05
2.735770000000000000e+05
2.687890000000000000e+05
2.637450000000000000e+05
2.583660000000000000e+05
2.531610000000000000e+05
2.480310000000000000e+05
2.441300000000000000e+05
2.380150000000000000e+05
2.336860000000000000e+05
2.302380000000000000e+05
2.258470000000000000e+05
2.217460000000000000e+05
2.176680000000000000e+05
2.131050000000000000e+05
2.087310000000000000e+05
2.053080000000000000e+05
2.013400000000000000e+05
1.982500000000000000e+05
1.930890000000000000e+05
1.907730000000000000e+05
1.873850000000000000e+05
1.836850000000000000e+05
1.797060000000000000e+05
1.766710000000000000e+05
1.735320000000000000e+05
1.712210000000000000e+05
1.675890000000000000e+05
1.651750000000000000e+05
1.618890000000000000e+05
1.592260000000000000e+05
1.571260000000000000e+05
1.545040000000000000e+05
1.516400000000000000e+05
1.490920000000000000e+05
1.470510000000000000e+05
1.442980000000000000e+05
1.409540000000000000e+05
1.391020000000000000e+05
1.370210000000000000e+05
1.344990000000000000e+05
1.320850000000000000e+05
1.304890000000000000e+05
1.283110000000000000e+05
1.261770000000000000e+05
1.240580000000000000e+05
1.223750000000000000e+05
1.198720000000000000e+05
1.185840000000000000e+05
1.170850000000000000e+05
1.157850000000000000e+05
1.131390000000000000e+05
1.118360000000000000e+05
1.098920000000000000e+05
1.086460000000000000e+05
1.064330000000000000e+05
1.049780000000000000e+05
1.028290000000000000e+05
1.018450000000000000e+05
1.003800000000000000e+05
9.861700000000000000e+04
9.735300000000000000e+04
9.666900000000000000e+04
9.487700000000000000e+04
9.346900000000000000e+04
9.264500000000000000e+04
9.113100000000000000e+04
8.976200000000000000e+04
8.877500000000000000e+04
8.722200000000000000e+04
8.582300000000000000e+04
8.449000000000000000e+04
8.351600000000000000e+04
8.244600000000000000e+04
8.166800000000000000e+04
8.003500000000000000e+04
7.957300000000000000e+04
7.816000000000000000e+04
7.744600000000000000e+04
7.628600000000000000e+04
7.534500000000000000e+04
7.443000000000000000e+04
7.364500000000000000e+04
7.295700000000000000e+04
7.147700000000000000e+04
7.073900000000000000e+04
7.015200000000000000e+04
6.849500000000000000e+04
6.800000000000000000e+04
6.755200000000000000e+04
6.678700000000000000e+04
6.560400000000000000e+04
6.521900000000000000e+04
6.405900000000000000e+04
6.319100000000000000e+04
6.233500000000000000e+04
6.191700000000000000e+04
6.128700000000000000e+04
6.043600000000000000e+04
5.983200000000000000e+04
5.889200000000000000e+04
5.795600000000000000e+04
5.765200000000000000e+04
5.690400000000000000e+04
5.624400000000000000e+04
5.560600000000000000e+04
5.500500000000000000e+04
5.434400000000000000e+04
5.378300000000000000e+04
5.317100000000000000e+04
5.266700000000000000e+04
5.230200000000000000e+04
5.151600000000000000e+04
5.067400000000000000e+04
5.012200000000000000e+04
4.979900000000000000e+04
4.918900000000000000e+04
4.878600000000000000e+04
4.817100000000000000e+04
4.765100000000000000e+04
4.669200000000000000e+04
4.711000000000000000e+04
4.628800000000000000e+04
4.578200000000000000e+04
4.538100000000000000e+04
4.460800000000000000e+04
4.420000000000000000e+04
4.391500000000000000e+04
4.331600000000000000e+04
4.346200000000000000e+04
4.280300000000000000e+04
4.206900000000000000e+04
4.165900000000000000e+04
4.165700000000000000e+04
4.110900000000000000e+04
4.025100000000000000e+04
3.985200000000000000e+04
3.997900000000000000e+04
3.936900000000000000e+04
3.912400000000000000e+04
3.849500000000000000e+04
3.838300000000000000e+04
3.799300000000000000e+04
3.775200000000000000e+04
3.708400000000000000e+04
3.710600000000000000e+04
3.692400000000000000e+04
3.631500000000000000e+04
3.584200000000000000e+04
3.561500000000000000e+04
3.519300000000000000e+04
3.470400000000000000e+04
3.463500000000000000e+04
3.438800000000000000e+04
3.385300000000000000e+04
3.391300000000000000e+04
3.331400000000000000e+04
3.304300000000000000e+04
3.275700000000000000e+04
3.250900000000000000e+04
3.215400000000000000e+04
3.180800000000000000e+04
3.199400000000000000e+04
3.136900000000000000e+04
3.102100000000000000e+04
3.073400000000000000e+04
3.082600000000000000e+04
3.025400000000000000e+04
3.025100000000000000e+04
2.963000000000000000e+04
2.993800000000000000e+04
2.896900000000000000e+04
2.879700000000000000e+04
2.870900000000000000e+04
2.855000000000000000e+04
2.837700000000000000e+04
2.847200000000000000e+04
2.795700000000000000e+04
2.760800000000000000e+04
2.738300000000000000e+04
2.716300000000000000e+04
2.683700000000000000e+04
2.678200000000000000e+04
2.636600000000000000e+04
2.635500000000000000e+04
2.636000000000000000e+04
2.603200000000000000e+04
2.571800000000000000e+04
2.573800000000000000e+04
2.543800000000000000e+04
2.537100000000000000e+04
2.511800000000000000e+04
2.487500000000000000e+04
2.449000000000000000e+04
2.444300000000000000e+04
2.451200000000000000e+04
2.398200000000000000e+04
2.378400000000000000e+04
2.359800000000000000e+04
2.350500000000000000e+04
2.327500000000000000e+04
2.301300000000000000e+04
2.321100000000000000e+04
2.261400000000000000e+04
2.260600000000000000e+04
2.254100000000000000e+04
2.225000000000000000e+04
2.188600000000000000e+04
2.193800000000000000e+04
2.176200000000000000e+04
2.166900000000000000e+04
2.166700000000000000e+04
2.146600000000000000e+04
2.107300000000000000e+04
2.097100000000000000e+04
2.108200000000000000e+04
2.076400000000000000e+04
2.111700000000000000e+04
2.056500000000000000e+04
2.039200000000000000e+04
2.040400000000000000e+04
2.010100000000000000e+04
1.929800000000000000e+04
1.993000000000000000e+04
1.961500000000000000e+04
1.945400000000000000e+04
1.961600000000000000e+04
1.933100000000000000e+04
1.924100000000000000e+04
1.910200000000000000e+04
1.880300000000000000e+04
1.837700000000000000e+04
1.874900000000000000e+04
1.843000000000000000e+04
1.793000000000000000e+04
1.828800000000000000e+04
1.788600000000000000e+04
1.799200000000000000e+04
1.800000000000000000e+04
1.767500000000000000e+04
1.755600000000000000e+04
1.751900000000000000e+04
1.727600000000000000e+04
1.715200000000000000e+04
1.706900000000000000e+04
1.707600000000000000e+04
1.693500000000000000e+04
1.672600000000000000e+04
1.641800000000000000e+04
1.658200000000000000e+04
1.644100000000000000e+04
1.659100000000000000e+04
1.615000000000000000e+04
1.597700000000000000e+04
1.634400000000000000e+04
1.608400000000000000e+04
1.575800000000000000e+04
1.583500000000000000e+04
1.572700000000000000e+04
1.545400000000000000e+04
1.535100000000000000e+04
1.517700000000000000e+04
1.529700000000000000e+04
1.517500000000000000e+04
1.500100000000000000e+04
1.485200000000000000e+04
1.509300000000000000e+04
1.480500000000000000e+04
1.486400000000000000e+04
1.488300000000000000e+04
1.450300000000000000e+04
1.443200000000000000e+04
1.450700000000000000e+04
1.454600000000000000e+04
1.433700000000000000e+04
1.393900000000000000e+04
1.395000000000000000e+04
1.405500000000000000e+04
1.389600000000000000e+04
1.376300000000000000e+04
1.379000000000000000e+04
1.367900000000000000e+04
1.371300000000000000e+04
1.347500000000000000e+04
1.362900000000000000e+04
1.349400000000000000e+04
1.335300000000000000e+04
1.328800000000000000e+04
1.305400000000000000e+04
1.306300000000000000e+04
1.319800000000000000e+04
1.293500000000000000e+04
1.302800000000000000e+04
1.279600000000000000e+04
1.255500000000000000e+04
1.250400000000000000e+04
1.251800000000000000e+04
1.236400000000000000e+04
1.273300000000000000e+04
1.224300000000000000e+04
1.225200000000000000e+04
1.221100000000000000e+04
1.218400000000000000e+04
1.205800000000000000e+04
1.206400000000000000e+04
1.188400000000000000e+04
1.193000000000000000e+04
1.190200000000000000e+04
1.165400000000000000e+04
1.163800000000000000e+04
1.154400000000000000e+04
1.153600000000000000e+04
1.158700000000000000e+04
1.142800000000000000e+04
1.125800000000000000e+04
1.110500000000000000e+04
1.114500000000000000e+04
1.111100000000000000e+04
1.116000000000000000e+04
1.113800000000000000e+04
1.111700000000000000e+04
1.074500000000000000e+04
1.102500000000000000e+04
1.081900000000000000e+04
1.065700000000000000e+04
1.066300000000000000e+04
1.056800000000000000e+04
1.057000000000000000e+04
1.068700000000000000e+04
1.057700000000000000e+04
1.039900000000000000e+04
1.037700000000000000e+04
1.043600000000000000e+04
1.028900000000000000e+04
1.044800000000000000e+04
1.026400000000000000e+04
1.031100000000000000e+04
1.036200000000000000e+04
1.003500000000000000e+04
1.019400000000000000e+04
9.812000000000000000e+03
9.928000000000000000e+03
9.849000000000000000e+03
9.795000000000000000e+03
9.826000000000000000e+03
9.702000000000000000e+03
9.596000000000000000e+03
9.608000000000000000e+03
9.622000000000000000e+03
9.486000000000000000e+03
9.593000000000000000e+03
9.411000000000000000e+03
9.360000000000000000e+03
9.395000000000000000e+03
9.276000000000000000e+03
9.425000000000000000e+03
9.156000000000000000e+03
9.169000000000000000e+03
9.228000000000000000e+03
9.139000000000000000e+03
8.918000000000000000e+03
9.068000000000000000e+03
9.082000000000000000e+03
8.966000000000000000e+03
8.892000000000000000e+03
8.919000000000000000e+03
8.868000000000000000e+03
8.658000000000000000e+03
8.712000000000000000e+03
8.740000000000000000e+03
8.631000000000000000e+03
8.665000000000000000e+03
8.637000000000000000e+03
8.762000000000000000e+03
8.344000000000000000e+03
8.478000000000000000e+03
8.531000000000000000e+03
8.436000000000000000e+03
8.278000000000000000e+03
8.180000000000000000e+03
8.233000000000000000e+03
8.209000000000000000e+03
8.275000000000000000e+03
8.309000000000000000e+03
8.016000000000000000e+03
8.040000000000000000e+03
8.029000000000000000e+03
8.027000000000000000e+03
7.979000000000000000e+03
8.002000000000000000e+03
8.051000000000000000e+03
7.858000000000000000e+03
7.896000000000000000e+03
7.793000000000000000e+03
7.648000000000000000e+03
7.599000000000000000e+03
7.753000000000000000e+03
7.484000000000000000e+03
7.592000000000000000e+03
7.580000000000000000e+03
7.404000000000000000e+03
7.578000000000000000e+03
7.469000000000000000e+03
7.414000000000000000e+03
7.405000000000000000e+03
7.493000000000000000e+03
7.173000000000000000e+03
7.406000000000000000e+03
7.298000000000000000e+03
7.324000000000000000e+03
7.168000000000000000e+03
7.087000000000000000e+03
7.164000000000000000e+03
7.223000000000000000e+03
7.132000000000000000e+03
7.096000000000000000e+03
7.067000000000000000e+03
6.954000000000000000e+03
6.990000000000000000e+03
6.998000000000000000e+03
6.885000000000000000e+03
6.825000000000000000e+03
6.866000000000000000e+03
6.796000000000000000e+03
6.852000000000000000e+03
6.758000000000000000e+03
6.809000000000000000e+03
6.841000000000000000e+03
6.665000000000000000e+03
6.766000000000000000e+03
6.418000000000000000e+03
6.619000000000000000e+03
6.550000000000000000e+03
6.573000000000000000e+03
6.578000000000000000e+03
6.616000000000000000e+03
6.445000000000000000e+03
6.485000000000000000e+03
6.443000000000000000e+03
6.325000000000000000e+03
6.481000000000000000e+03
6.336000000000000000e+03
6.415000000000000000e+03
6.339000000000000000e+03
