6.416800000000000000e+04
6.690100000000000000e+04
6.955000000000000000e+04
7.305800000000000000e+04
7.575300000000000000e+04
7.934600000000000000e+04
8.324300000000000000e+04
8.644700000000000000e+04
9.107500000000000000e+04
9.528400000000000000e+04
1.004020000000000000e+05
1.055110000000000000e+05
1.110790000000000000e+05
1.170640000000000000e+05
1.238830000000000000e+05
1.313960000000000000e+05
1.393840000000000000e+05
1.475080000000000000e+05
1.562610000000000000e+05
1.656790000000000000e+05
1.781500000000000000e+05
1.900480000000000000e+05
2.039820000000000000e+05
2.189900000000000000e+05
2.352600000000000000e+05
2.545910000000000000e+05
2.760010000000000000e+05
2.990600000000000000e+05
3.267640000000000000e+05
3.585030000000000000e+05
3.929310000000000000e+05
4.330040000000000000e+05
4.808510000000000000e+05
5.353940000000000000e+05
6.012510000000000000e+05
6.764320000000000000e+05
7.671120000000000000e+05
8.803790000000000000e+05
1.013271000000000000e+06
1.177801000000000000e+06
1.384436000000000000e+06
1.637040000000000000e+06
1.962416000000000000e+06
2.368851000000000000e+06
2.886761000000000000e+06
3.523910000000000000e+06
4.274216000000000000e+06
5.085214000000000000e+06
5.830375000000000000e+06
6.284517000000000000e+06
6.282092000000000000e+06
5.827443000000000000e+06
5.091933000000000000e+06
4.274926000000000000e+06
3.524937000000000000e+06
2.886930000000000000e+06
2.371029000000000000e+06
1.960216000000000000e+06
1.639153000000000000e+06
1.383707000000000000e+06
1.179417000000000000e+06
1.012102000000000000e+06
8.795170000000000000e+05
7.708650000000000000e+05
6.755280000000000000e+05
5.996640000000000000e+05
5.347490000000000000e+05
4.812240000000000000e+05
4.337090000000000000e+05
3.931410000000000000e+05
3.582170000000000000e+05
3.277420000000000000e+05
3.005160000000000000e+05
2.762180000000000000e+05
2.547950000000000000e+05
2.367590000000000000e+05
2.181650000000000000e+05
2.044010000000000000e+05
1.898040000000000000e+05
1.782860000000000000e+05
1.664920000000000000e+05
1.562600000000000000e+05
1.473720000000000000e+05
1.380470000000000000e+05
1.309210000000000000e+05
1.246980000000000000e+05
1.170550000000000000e+05
1.114400000000000000e+05
1.059740000000000000e+05
1.005050000000000000e+05
9.546800000000000000e+04
9.050400000000000000e+04
8.700200000000000000e+04
8.284700000000000000e+04
7.951600000000000000e+04
7.571500000000000000e+04
7.273400000000000000e+04
6.958000000000000000e+04
6.732100000000000000e+04
6.390800000000000000e+04
