6.384300000000000000e+04
6.620900000000000000e+04
6.980100000000000000e+04
7.243400000000000000e+04
7.604000000000000000e+04
7.966000000000000000e+04
8.321000000000000000e+04
8.705900000000000000e+04
9.110200000000000000e+04
9.659900000000000000e+04
1.003290000000000000e+05
1.057420000000000000e+05
1.113850000000000000e+05
1.174370000000000000e+05
1.233300000000000000e+05
1.308980000000000000e+05
1.387560000000000000e+05
1.471630000000000000e+05
1.554450000000000000e+05
1.660370000000000000e+05
1.781670000000000000e+05
1.898150000000000000e+05
2.041540000000000000e+05
2.187790000000000000e+05
2.358110000000000000e+05
2.545190000000000000e+05
2.759750000000000000e+05
3.006100000000000000e+05
3.266900000000000000e+05
3.585130000000000000e+05
3.936920000000000000e+05
4.328440000000000000e+05
4.807920000000000000e+05
5.365410000000000000e+05
6.002930000000000000e+05
6.763090000000000000e+05
7.690660000000000000e+05
8.780510000000000000e+05
1.013792000000000000e+06
1.179117000000000000e+06
1.383246000000000000e+06
1.637735000000000000e+06
1.962352000000000000e+06
2.371664000000000000e+06
2.884654000000000000e+06
3.522308000000000000e+06
4.278902000000000000e+06
5.094010000000000000e+06
5.829945000000000000e+06
6.282852000000000000e+06
6.279763000000000000e+06
5.830035000000000000e+06
5.095852000000000000e+06
4.274898000000000000e+06
3.521270000000000000e+06
2.883053000000000000e+06
2.368443000000000000e+06
1.960081000000000000e+06
1.638450000000000000e+06
1.383575000000000000e+06
1.179680000000000000e+06
1.014509000000000000e+06
8.783180000000000000e+05
7.695490000000000000e+05
6.776370000000000000e+05
6.013020000000000000e+05
5.349930000000000000e+05
4.806770000000000000e+05
4.336620000000000000e+05
3.928280000000000000e+05
3.571610000000000000e+05
3.263340000000000000e+05
2.996820000000000000e+05
2.754730000000000000e+05
2.544640000000000000e+05
2.353180000000000000e+05
2.196850000000000000e+05
2.040640000000000000e+05
1.899770000000000000e+05
1.776120000000000000e+05
1.667690000000000000e+05
1.565570000000000000e+05
1.469060000000000000e+05
1.387550000000000000e+05
1.306210000000000000e+05
1.237240000000000000e+05
1.169950000000000000e+05
1.115070000000000000e+05
1.054260000000000000e+05
9.991400000000000000e+04
9.559300000000000000e+04
9.086700000000000000e+04
8.703700000000000000e+04
8.309800000000000000e+04
7.934800000000000000e+04
7.593900000000000000e+04
7.283000000000000000e+04
6.998400000000000000e+04
6.706100000000000000e+04
6.453000000000000000e+04
