6.087000000000000000e+03
6.351000000000000000e+03
6.468000000000000000e+03
6.435000000000000000e+03
6.520000000000000000e+03
6.566000000000000000e+03
6.467000000000000000e+03
6.580000000000000000e+03
6.584000000000000000e+03
6.474000000000000000e+03
6.453000000000000000e+03
6.551000000000000000e+03
6.635000000000000000e+03
6.633000000000000000e+03
6.732000000000000000e+03
6.725000000000000000e+03
6.709000000000000000e+03
6.699000000000000000e+03
6.761000000000000000e+03
6.756000000000000000e+03
6.805000000000000000e+03
6.822000000000000000e+03
6.706000000000000000e+03
7.009000000000000000e+03
6.902000000000000000e+03
7.123000000000000000e+03
7.022000000000000000e+03
6.862000000000000000e+03
7.096000000000000000e+03
7.048000000000000000e+03
7.133000000000000000e+03
7.170000000000000000e+03
7.272000000000000000e+03
7.135000000000000000e+03
7.297000000000000000e+03
7.237000000000000000e+03
7.331000000000000000e+03
7.345000000000000000e+03
7.313000000000000000e+03
7.317000000000000000e+03
7.378000000000000000e+03
7.423000000000000000e+03
7.457000000000000000e+03
7.592000000000000000e+03
7.639000000000000000e+03
7.564000000000000000e+03
7.827000000000000000e+03
7.673000000000000000e+03
7.715000000000000000e+03
7.823000000000000000e+03
7.684000000000000000e+03
8.007000000000000000e+03
7.844000000000000000e+03
7.836000000000000000e+03
7.966000000000000000e+03
8.029000000000000000e+03
7.912000000000000000e+03
7.870000000000000000e+03
8.133000000000000000e+03
8.175000000000000000e+03
8.225000000000000000e+03
8.096000000000000000e+03
8.167000000000000000e+03
8.236000000000000000e+03
8.279000000000000000e+03
8.312000000000000000e+03
8.390000000000000000e+03
8.572000000000000000e+03
8.485000000000000000e+03
8.578000000000000000e+03
8.430000000000000000e+03
8.700000000000000000e+03
8.734000000000000000e+03
8.557000000000000000e+03
8.597000000000000000e+03
8.676000000000000000e+03
8.753000000000000000e+03
8.675000000000000000e+03
8.768000000000000000e+03
8.810000000000000000e+03
8.883000000000000000e+03
8.865000000000000000e+03
8.913000000000000000e+03
8.918000000000000000e+03
9.182000000000000000e+03
9.091000000000000000e+03
9.227000000000000000e+03
9.218000000000000000e+03
9.326000000000000000e+03
9.322000000000000000e+03
9.448000000000000000e+03
9.392000000000000000e+03
9.458000000000000000e+03
9.599000000000000000e+03
9.579000000000000000e+03
9.630000000000000000e+03
9.640000000000000000e+03
9.671000000000000000e+03
9.778000000000000000e+03
9.802000000000000000e+03
9.685000000000000000e+03
9.788000000000000000e+03
1.011800000000000000e+04
1.005400000000000000e+04
9.976000000000000000e+03
9.937000000000000000e+03
1.002900000000000000e+04
1.010300000000000000e+04
1.015300000000000000e+04
1.030200000000000000e+04
1.030800000000000000e+04
1.026500000000000000e+04
1.059200000000000000e+04
1.042800000000000000e+04
1.061900000000000000e+04
1.062600000000000000e+04
1.065300000000000000e+04
1.079700000000000000e+04
1.074100000000000000e+04
1.085400000000000000e+04
1.069800000000000000e+04
1.094900000000000000e+04
1.100700000000000000e+04
1.113200000000000000e+04
1.118900000000000000e+04
1.109500000000000000e+04
1.120400000000000000e+04
1.142300000000000000e+04
1.120500000000000000e+04
1.141900000000000000e+04
1.156700000000000000e+04
1.156300000000000000e+04
1.155200000000000000e+04
1.174800000000000000e+04
1.150600000000000000e+04
1.183900000000000000e+04
1.195800000000000000e+04
1.182800000000000000e+04
1.206400000000000000e+04
1.208800000000000000e+04
1.189100000000000000e+04
1.235500000000000000e+04
1.255300000000000000e+04
1.231200000000000000e+04
1.243900000000000000e+04
1.237200000000000000e+04
1.258500000000000000e+04
1.252200000000000000e+04
1.249500000000000000e+04
1.283000000000000000e+04
1.272000000000000000e+04
1.276300000000000000e+04
1.288800000000000000e+04
1.303100000000000000e+04
1.323900000000000000e+04
1.289900000000000000e+04
1.309800000000000000e+04
1.336300000000000000e+04
1.338600000000000000e+04
1.344100000000000000e+04
1.342400000000000000e+04
1.366900000000000000e+04
1.374200000000000000e+04
1.350100000000000000e+04
1.396300000000000000e+04
1.374000000000000000e+04
1.384900000000000000e+04
1.421900000000000000e+04
1.421200000000000000e+04
1.444100000000000000e+04
1.426200000000000000e+04
1.437500000000000000e+04
1.457500000000000000e+04
1.451700000000000000e+04
1.477900000000000000e+04
1.495600000000000000e+04
1.489800000000000000e+04
1.502300000000000000e+04
1.511500000000000000e+04
1.512800000000000000e+04
1.519100000000000000e+04
1.542700000000000000e+04
1.554200000000000000e+04
1.504400000000000000e+04
1.566900000000000000e+04
1.557000000000000000e+04
1.567400000000000000e+04
1.563800000000000000e+04
1.602400000000000000e+04
1.603400000000000000e+04
1.612900000000000000e+04
1.608300000000000000e+04
1.641700000000000000e+04
1.637200000000000000e+04
1.657200000000000000e+04
1.663200000000000000e+04
1.681800000000000000e+04
1.707500000000000000e+04
1.730900000000000000e+04
1.713400000000000000e+04
1.704400000000000000e+04
1.735500000000000000e+04
1.741000000000000000e+04
1.755700000000000000e+04
1.782500000000000000e+04
1.764600000000000000e+04
1.802400000000000000e+04
1.801200000000000000e+04
1.814800000000000000e+04
1.872100000000000000e+04
1.843500000000000000e+04
1.870200000000000000e+04
1.848600000000000000e+04
1.870900000000000000e+04
1.878700000000000000e+04
1.889800000000000000e+04
1.927000000000000000e+04
1.948200000000000000e+04
1.946500000000000000e+04
1.957600000000000000e+04
1.968500000000000000e+04
1.976800000000000000e+04
1.994100000000000000e+04
2.022300000000000000e+04
2.054000000000000000e+04
2.046400000000000000e+04
2.060700000000000000e+04
2.080100000000000000e+04
2.076400000000000000e+04
2.111500000000000000e+04
2.102300000000000000e+04
2.132900000000000000e+04
2.130800000000000000e+04
2.161300000000000000e+04
2.202200000000000000e+04
2.185000000000000000e+04
2.225400000000000000e+04
2.245600000000000000e+04
2.247700000000000000e+04
2.246300000000000000e+04
2.276300000000000000e+04
2.316400000000000000e+04
2.298800000000000000e+04
2.319900000000000000e+04
2.350500000000000000e+04
2.359700000000000000e+04
2.377700000000000000e+04
2.397800000000000000e+04
2.423300000000000000e+04
2.437600000000000000e+04
2.426400000000000000e+04
2.467600000000000000e+04
2.505500000000000000e+04
2.537100000000000000e+04
2.537100000000000000e+04
2.558000000000000000e+04
2.569300000000000000e+04
2.625700000000000000e+04
2.613900000000000000e+04
2.637700000000000000e+04
2.625400000000000000e+04
2.660500000000000000e+04
2.718700000000000000e+04
2.733100000000000000e+04
2.759700000000000000e+04
2.775400000000000000e+04
2.814600000000000000e+04
2.809600000000000000e+04
2.840300000000000000e+04
2.853900000000000000e+04
2.885700000000000000e+04
2.913700000000000000e+04
2.932600000000000000e+04
2.961300000000000000e+04
2.961200000000000000e+04
3.012100000000000000e+04
3.041100000000000000e+04
3.079200000000000000e+04
3.060800000000000000e+04
3.123700000000000000e+04
3.130100000000000000e+04
3.151200000000000000e+04
3.200600000000000000e+04
3.203200000000000000e+04
3.255400000000000000e+04
3.274700000000000000e+04
3.289800000000000000e+04
3.344100000000000000e+04
3.375600000000000000e+04
3.381800000000000000e+04
3.406600000000000000e+04
3.464100000000000000e+04
3.514300000000000000e+04
3.519500000000000000e+04
3.547900000000000000e+04
3.564200000000000000e+04
3.673100000000000000e+04
3.679500000000000000e+04
3.689500000000000000e+04
3.741800000000000000e+04
3.791700000000000000e+04
3.783700000000000000e+04
3.819600000000000000e+04
3.881300000000000000e+04
3.920400000000000000e+04
3.987300000000000000e+04
3.977700000000000000e+04
4.022200000000000000e+04
4.029800000000000000e+04
4.112300000000000000e+04
4.164500000000000000e+04
4.192000000000000000e+04
4.198400000000000000e+04
4.268200000000000000e+04
4.344800000000000000e+04
4.356300000000000000e+04
4.395800000000000000e+04
4.441500000000000000e+04
4.509000000000000000e+04
4.550200000000000000e+04
4.591100000000000000e+04
4.633800000000000000e+04
4.690900000000000000e+04
4.735400000000000000e+04
4.765600000000000000e+04
4.838000000000000000e+04
4.856700000000000000e+04
4.944600000000000000e+04
4.976100000000000000e+04
5.030100000000000000e+04
5.100400000000000000e+04
5.151600000000000000e+04
5.235000000000000000e+04
5.262000000000000000e+04
5.312300000000000000e+04
5.398500000000000000e+04
5.433400000000000000e+04
5.476000000000000000e+04
5.592900000000000000e+04
5.631200000000000000e+04
5.685500000000000000e+04
5.730100000000000000e+04
5.838500000000000000e+04
5.896300000000000000e+04
5.964100000000000000e+04
6.044900000000000000e+04
6.112700000000000000e+04
6.130300000000000000e+04
6.242500000000000000e+04
6.334800000000000000e+04
6.407600000000000000e+04
6.506700000000000000e+04
6.547700000000000000e+04
6.634300000000000000e+04
6.746300000000000000e+04
6.788800000000000000e+04
6.926200000000000000e+04
7.014400000000000000e+04
7.056600000000000000e+04
7.174200000000000000e+04
7.220500000000000000e+04
7.337500000000000000e+04
7.472900000000000000e+04
7.491100000000000000e+04
7.671100000000000000e+04
7.739900000000000000e+04
7.850100000000000000e+04
7.947600000000000000e+04
8.054100000000000000e+04
8.197900000000000000e+04
8.226400000000000000e+04
8.365700000000000000e+04
8.460100000000000000e+04
8.665300000000000000e+04
8.723000000000000000e+04
8.802100000000000000e+04
8.956300000000000000e+04
9.074100000000000000e+04
9.256300000000000000e+04
9.333900000000000000e+04
9.409000000000000000e+04
9.626300000000000000e+04
9.749800000000000000e+04
9.972700000000000000e+04
1.009080000000000000e+05
1.020450000000000000e+05
1.032230000000000000e+05
1.051420000000000000e+05
1.064490000000000000e+05
1.078430000000000000e+05
1.099440000000000000e+05
1.117610000000000000e+05
1.133600000000000000e+05
1.157520000000000000e+05
1.168650000000000000e+05
1.185000000000000000e+05
1.210470000000000000e+05
1.222830000000000000e+05
1.247960000000000000e+05
1.267260000000000000e+05
1.278440000000000000e+05
1.305790000000000000e+05
1.321670000000000000e+05
1.344090000000000000e+05
1.371490000000000000e+05
1.386480000000000000e+05
1.420520000000000000e+05
1.433470000000000000e+05
1.460330000000000000e+05
1.487700000000000000e+05
1.513820000000000000e+05
1.542380000000000000e+05
1.560790000000000000e+05
1.590260000000000000e+05
1.625990000000000000e+05
1.645550000000000000e+05
1.679520000000000000e+05
1.710840000000000000e+05
1.740170000000000000e+05
1.769390000000000000e+05
1.797210000000000000e+05
1.837070000000000000e+05
1.864790000000000000e+05
1.906110000000000000e+05
1.941470000000000000e+05
1.978700000000000000e+05
2.013410000000000000e+05
2.050860000000000000e+05
2.093980000000000000e+05
2.129250000000000000e+05
2.173060000000000000e+05
2.211170000000000000e+05
2.249290000000000000e+05
2.302630000000000000e+05
2.345780000000000000e+05
2.388850000000000000e+05
2.428860000000000000e+05
2.486450000000000000e+05
2.539300000000000000e+05
2.577770000000000000e+05
2.644640000000000000e+05
2.672470000000000000e+05
2.740610000000000000e+05
2.797470000000000000e+05
2.847380000000000000e+05
2.901460000000000000e+05
2.978430000000000000e+05
3.028240000000000000e+05
3.087800000000000000e+05
3.152550000000000000e+05
3.212160000000000000e+05
3.276820000000000000e+05
3.351010000000000000e+05
3.419030000000000000e+05
3.488400000000000000e+05
3.554420000000000000e+05
3.626380000000000000e+05
3.696230000000000000e+05
3.777670000000000000e+05
3.847130000000000000e+05
3.918110000000000000e+05
3.997890000000000000e+05
4.081260000000000000e+05
4.147210000000000000e+05
4.245550000000000000e+05
4.305910000000000000e+05
4.382990000000000000e+05
4.473620000000000000e+05
4.545160000000000000e+05
4.642520000000000000e+05
4.729330000000000000e+05
4.796250000000000000e+05
4.888770000000000000e+05
4.980530000000000000e+05
5.044730000000000000e+05
5.133950000000000000e+05
5.210290000000000000e+05
5.303300000000000000e+05
5.373260000000000000e+05
5.444390000000000000e+05
5.531830000000000000e+05
5.604750000000000000e+05
5.681380000000000000e+05
5.712420000000000000e+05
5.817600000000000000e+05
5.866000000000000000e+05
5.934090000000000000e+05
5.968550000000000000e+05
6.045990000000000000e+05
6.087810000000000000e+05
6.135780000000000000e+05
6.185550000000000000e+05
6.217720000000000000e+05
6.274120000000000000e+05
6.296220000000000000e+05
6.317340000000000000e+05
6.334210000000000000e+05
6.357970000000000000e+05
6.352800000000000000e+05
6.359010000000000000e+05
6.362390000000000000e+05
6.364450000000000000e+05
6.336820000000000000e+05
6.341420000000000000e+05
6.320870000000000000e+05
6.294550000000000000e+05
6.264080000000000000e+05
6.235880000000000000e+05
6.182890000000000000e+05
6.142240000000000000e+05
6.101860000000000000e+05
6.064280000000000000e+05
5.998490000000000000e+05
5.943490000000000000e+05
5.865990000000000000e+05
5.799640000000000000e+05
5.755570000000000000e+05
5.656930000000000000e+05
5.601560000000000000e+05
5.513680000000000000e+05
5.463350000000000000e+05
5.371210000000000000e+05
5.295640000000000000e+05
5.219640000000000000e+05
5.135820000000000000e+05
5.051540000000000000e+05
4.971020000000000000e+05
4.887510000000000000e+05
4.806180000000000000e+05
4.719240000000000000e+05
4.632490000000000000e+05
4.563560000000000000e+05
4.479870000000000000e+05
4.401810000000000000e+05
4.319580000000000000e+05
4.231930000000000000e+05
4.149090000000000000e+05
4.069020000000000000e+05
3.992480000000000000e+05
3.921170000000000000e+05
3.827370000000000000e+05
3.767340000000000000e+05
3.699650000000000000e+05
3.628080000000000000e+05
3.567750000000000000e+05
3.482560000000000000e+05
3.415000000000000000e+05
3.348750000000000000e+05
3.278600000000000000e+05
3.217880000000000000e+05
3.151380000000000000e+05
3.087400000000000000e+05
3.026750000000000000e+05
2.977230000000000000e+05
2.908940000000000000e+05
2.854600000000000000e+05
2.794550000000000000e+05
2.742950000000000000e+05
2.691870000000000000e+05
2.636260000000000000e+05
2.586160000000000000e+05
2.527800000000000000e+05
2.487070000000000000e+05
2.435190000000000000e+05
2.386570000000000000e+05
2.334720000000000000e+05
2.307440000000000000e+05
2.252180000000000000e+05
2.211670000000000000e+05
2.168510000000000000e+05
2.125760000000000000e+05
2.089870000000000000e+05
2.052710000000000000e+05
2.023440000000000000e+05
1.980730000000000000e+05
1.944190000000000000e+05
1.904280000000000000e+05
1.870860000000000000e+05
1.834590000000000000e+05
1.805150000000000000e+05
1.773620000000000000e+05
1.743850000000000000e+05
1.711890000000000000e+05
1.679850000000000000e+05
1.654970000000000000e+05
1.619890000000000000e+05
1.598860000000000000e+05
1.566020000000000000e+05
1.536480000000000000e+05
1.512720000000000000e+05
1.486080000000000000e+05
1.464720000000000000e+05
1.440250000000000000e+05
1.413800000000000000e+05
1.391390000000000000e+05
1.365060000000000000e+05
1.352100000000000000e+05
1.320220000000000000e+05
1.300930000000000000e+05
1.279770000000000000e+05
1.262310000000000000e+05
1.242150000000000000e+05
1.225130000000000000e+05
1.209510000000000000e+05
1.187000000000000000e+05
1.161160000000000000e+05
1.152880000000000000e+05
1.133170000000000000e+05
1.117740000000000000e+05
1.100420000000000000e+05
1.085190000000000000e+05
1.067640000000000000e+05
1.048430000000000000e+05
1.036540000000000000e+05
1.018370000000000000e+05
1.008120000000000000e+05
9.899300000000000000e+04
9.820400000000000000e+04
9.592300000000000000e+04
9.453100000000000000e+04
9.354400000000000000e+04
9.218000000000000000e+04
9.097700000000000000e+04
8.952300000000000000e+04
8.848100000000000000e+04
8.727100000000000000e+04
8.650700000000000000e+04
8.467000000000000000e+04
8.369300000000000000e+04
8.250000000000000000e+04
8.097000000000000000e+04
8.086900000000000000e+04
7.957700000000000000e+04
7.821700000000000000e+04
7.734900000000000000e+04
7.638700000000000000e+04
7.536500000000000000e+04
7.468400000000000000e+04
7.317400000000000000e+04
7.173600000000000000e+04
7.139500000000000000e+04
7.050800000000000000e+04
6.980600000000000000e+04
6.878200000000000000e+04
6.784200000000000000e+04
6.680700000000000000e+04
6.630700000000000000e+04
6.577900000000000000e+04
6.441900000000000000e+04
6.439700000000000000e+04
6.338900000000000000e+04
6.253600000000000000e+04
6.209700000000000000e+04
6.081900000000000000e+04
6.046100000000000000e+04
5.965200000000000000e+04
5.893600000000000000e+04
5.827700000000000000e+04
5.790400000000000000e+04
5.685500000000000000e+04
5.670200000000000000e+04
5.566800000000000000e+04
5.544200000000000000e+04
5.472600000000000000e+04
5.396100000000000000e+04
5.281000000000000000e+04
5.243200000000000000e+04
5.206900000000000000e+04
5.147100000000000000e+04
5.107300000000000000e+04
5.051300000000000000e+04
4.997300000000000000e+04
4.907000000000000000e+04
4.891700000000000000e+04
4.855900000000000000e+04
4.773700000000000000e+04
4.754200000000000000e+04
4.669700000000000000e+04
4.616300000000000000e+04
4.565000000000000000e+04
4.544800000000000000e+04
4.454000000000000000e+04
4.443500000000000000e+04
4.443700000000000000e+04
4.404400000000000000e+04
4.316700000000000000e+04
4.247600000000000000e+04
4.248500000000000000e+04
4.212300000000000000e+04
4.132000000000000000e+04
4.145900000000000000e+04
4.024600000000000000e+04
4.032300000000000000e+04
3.941900000000000000e+04
3.941300000000000000e+04
3.911900000000000000e+04
3.894500000000000000e+04
3.827700000000000000e+04
3.770100000000000000e+04
3.727600000000000000e+04
3.735700000000000000e+04
3.694200000000000000e+04
3.674900000000000000e+04
3.671000000000000000e+04
3.594200000000000000e+04
3.551100000000000000e+04
3.541700000000000000e+04
3.487400000000000000e+04
3.466800000000000000e+04
3.414600000000000000e+04
3.413800000000000000e+04
3.374700000000000000e+04
3.348300000000000000e+04
3.315200000000000000e+04
3.284000000000000000e+04
3.291500000000000000e+04
3.225700000000000000e+04
3.221700000000000000e+04
3.184800000000000000e+04
3.116100000000000000e+04
3.132700000000000000e+04
3.077900000000000000e+04
3.076200000000000000e+04
3.017700000000000000e+04
3.006600000000000000e+04
2.996500000000000000e+04
2.956200000000000000e+04
2.968500000000000000e+04
2.888600000000000000e+04
2.888900000000000000e+04
2.878600000000000000e+04
2.809500000000000000e+04
2.843400000000000000e+04
2.770100000000000000e+04
2.752200000000000000e+04
2.762300000000000000e+04
2.713000000000000000e+04
2.687700000000000000e+04
2.704300000000000000e+04
2.621900000000000000e+04
2.647400000000000000e+04
2.625400000000000000e+04
2.587900000000000000e+04
2.586500000000000000e+04
2.532900000000000000e+04
2.534200000000000000e+04
2.526000000000000000e+04
2.478900000000000000e+04
2.472500000000000000e+04
2.443200000000000000e+04
2.423300000000000000e+04
2.454200000000000000e+04
2.422500000000000000e+04
2.402200000000000000e+04
2.373100000000000000e+04
2.347500000000000000e+04
2.310800000000000000e+04
2.310900000000000000e+04
2.288200000000000000e+04
2.286800000000000000e+04
2.262600000000000000e+04
2.274400000000000000e+04
2.226700000000000000e+04
2.202200000000000000e+04
2.197700000000000000e+04
2.179800000000000000e+04
2.166600000000000000e+04
2.124200000000000000e+04
2.124700000000000000e+04
2.089200000000000000e+04
2.104400000000000000e+04
2.065100000000000000e+04
2.062800000000000000e+04
2.062700000000000000e+04
2.027200000000000000e+04
2.023100000000000000e+04
2.024600000000000000e+04
1.975100000000000000e+04
1.984700000000000000e+04
1.985400000000000000e+04
1.940800000000000000e+04
1.935400000000000000e+04
1.933600000000000000e+04
1.919900000000000000e+04
1.905200000000000000e+04
1.894400000000000000e+04
1.897000000000000000e+04
1.885600000000000000e+04
1.839700000000000000e+04
1.856900000000000000e+04
1.822600000000000000e+04
1.833800000000000000e+04
1.824300000000000000e+04
1.793000000000000000e+04
1.811600000000000000e+04
1.772500000000000000e+04
1.755300000000000000e+04
1.752500000000000000e+04
1.729100000000000000e+04
1.736200000000000000e+04
1.695300000000000000e+04
1.676800000000000000e+04
1.703400000000000000e+04
1.697300000000000000e+04
1.652400000000000000e+04
1.661200000000000000e+04
1.645600000000000000e+04
1.647100000000000000e+04
1.673200000000000000e+04
1.654000000000000000e+04
1.599200000000000000e+04
1.603400000000000000e+04
1.586500000000000000e+04
1.579400000000000000e+04
1.582100000000000000e+04
1.547300000000000000e+04
1.556000000000000000e+04
1.529700000000000000e+04
1.528400000000000000e+04
1.547600000000000000e+04
1.518300000000000000e+04
1.500200000000000000e+04
1.502600000000000000e+04
1.498800000000000000e+04
1.487400000000000000e+04
1.490000000000000000e+04
1.453300000000000000e+04
1.437800000000000000e+04
1.450900000000000000e+04
1.438400000000000000e+04
1.436000000000000000e+04
1.418000000000000000e+04
1.418700000000000000e+04
1.397900000000000000e+04
1.390300000000000000e+04
1.377100000000000000e+04
1.393000000000000000e+04
1.354700000000000000e+04
1.369000000000000000e+04
1.351100000000000000e+04
1.334800000000000000e+04
1.339300000000000000e+04
1.322400000000000000e+04
1.315400000000000000e+04
1.300700000000000000e+04
1.313700000000000000e+04
1.281300000000000000e+04
1.303100000000000000e+04
1.283500000000000000e+04
1.268700000000000000e+04
1.272800000000000000e+04
1.253600000000000000e+04
1.252500000000000000e+04
1.246400000000000000e+04
1.216100000000000000e+04
1.211300000000000000e+04
1.233500000000000000e+04
1.226600000000000000e+04
1.217000000000000000e+04
1.225800000000000000e+04
1.221500000000000000e+04
1.186200000000000000e+04
1.185900000000000000e+04
1.189900000000000000e+04
1.169100000000000000e+04
1.189800000000000000e+04
1.158200000000000000e+04
1.141000000000000000e+04
1.153300000000000000e+04
1.141100000000000000e+04
1.145400000000000000e+04
1.135000000000000000e+04
1.122200000000000000e+04
1.124800000000000000e+04
1.112800000000000000e+04
1.094200000000000000e+04
1.095700000000000000e+04
1.078900000000000000e+04
1.077600000000000000e+04
1.075400000000000000e+04
1.073200000000000000e+04
1.080500000000000000e+04
1.065500000000000000e+04
1.040400000000000000e+04
1.055600000000000000e+04
1.069900000000000000e+04
1.047200000000000000e+04
1.030100000000000000e+04
1.058600000000000000e+04
1.021500000000000000e+04
1.028900000000000000e+04
1.013400000000000000e+04
1.022100000000000000e+04
9.833000000000000000e+03
1.016600000000000000e+04
9.999000000000000000e+03
9.857000000000000000e+03
9.962000000000000000e+03
9.941000000000000000e+03
9.960000000000000000e+03
9.768000000000000000e+03
9.652000000000000000e+03
9.673000000000000000e+03
9.591000000000000000e+03
9.574000000000000000e+03
9.527000000000000000e+03
9.574000000000000000e+03
9.464000000000000000e+03
9.442000000000000000e+03
9.329000000000000000e+03
9.316000000000000000e+03
9.410000000000000000e+03
9.192000000000000000e+03
9.158000000000000000e+03
8.963000000000000000e+03
9.203000000000000000e+03
8.879000000000000000e+03
9.041000000000000000e+03
9.041000000000000000e+03
8.960000000000000000e+03
8.986000000000000000e+03
8.717000000000000000e+03
8.614000000000000000e+03
8.880000000000000000e+03
8.832000000000000000e+03
8.636000000000000000e+03
8.588000000000000000e+03
8.697000000000000000e+03
8.560000000000000000e+03
8.460000000000000000e+03
8.657000000000000000e+03
8.379000000000000000e+03
8.354000000000000000e+03
8.294000000000000000e+03
8.425000000000000000e+03
8.242000000000000000e+03
8.222000000000000000e+03
8.211000000000000000e+03
8.129000000000000000e+03
8.307000000000000000e+03
8.138000000000000000e+03
8.040000000000000000e+03
8.056000000000000000e+03
7.920000000000000000e+03
8.020000000000000000e+03
7.839000000000000000e+03
7.825000000000000000e+03
7.876000000000000000e+03
7.748000000000000000e+03
7.802000000000000000e+03
7.754000000000000000e+03
7.644000000000000000e+03
7.532000000000000000e+03
7.711000000000000000e+03
7.493000000000000000e+03
7.587000000000000000e+03
7.599000000000000000e+03
7.561000000000000000e+03
7.650000000000000000e+03
7.636000000000000000e+03
7.547000000000000000e+03
7.338000000000000000e+03
7.384000000000000000e+03
7.334000000000000000e+03
7.216000000000000000e+03
7.198000000000000000e+03
7.274000000000000000e+03
7.162000000000000000e+03
7.053000000000000000e+03
7.052000000000000000e+03
7.109000000000000000e+03
7.010000000000000000e+03
6.956000000000000000e+03
7.070000000000000000e+03
7.099000000000000000e+03
7.015000000000000000e+03
6.834000000000000000e+03
6.908000000000000000e+03
6.866000000000000000e+03
6.885000000000000000e+03
6.753000000000000000e+03
6.754000000000000000e+03
6.741000000000000000e+03
6.703000000000000000e+03
6.642000000000000000e+03
6.643000000000000000e+03
6.486000000000000000e+03
6.696000000000000000e+03
6.622000000000000000e+03
6.619000000000000000e+03
6.442000000000000000e+03
6.668000000000000000e+03
6.542000000000000000e+03
6.503000000000000000e+03
6.348000000000000000e+03
6.518000000000000000e+03
6.421000000000000000e+03
6.378000000000000000e+03
6.375000000000000000e+03
6.273000000000000000e+03
