6.365800000000000000e+04
6.653800000000000000e+04
6.980400000000000000e+04
7.253500000000000000e+04
7.597800000000000000e+04
7.942000000000000000e+04
8.305700000000000000e+04
8.725400000000000000e+04
9.100700000000000000e+04
9.572200000000000000e+04
1.003720000000000000e+05
1.054230000000000000e+05
1.106500000000000000e+05
1.174190000000000000e+05
1.238670000000000000e+05
1.313570000000000000e+05
1.393290000000000000e+05
1.472580000000000000e+05
1.571690000000000000e+05
1.666460000000000000e+05
1.780790000000000000e+05
1.898550000000000000e+05
2.040450000000000000e+05
2.179970000000000000e+05
2.356680000000000000e+05
2.547490000000000000e+05
2.754620000000000000e+05
3.002300000000000000e+05
3.263470000000000000e+05
3.572610000000000000e+05
3.937870000000000000e+05
4.340950000000000000e+05
4.803480000000000000e+05
5.350970000000000000e+05
6.007200000000000000e+05
6.775560000000000000e+05
7.680170000000000000e+05
8.782160000000000000e+05
1.014261000000000000e+06
1.179022000000000000e+06
1.381692000000000000e+06
1.638088000000000000e+06
1.963018000000000000e+06
2.373557000000000000e+06
2.889126000000000000e+06
3.520297000000000000e+06
4.276302000000000000e+06
5.088413000000000000e+06
5.829979000000000000e+06
6.284657000000000000e+06
6.284021000000000000e+06
5.835394000000000000e+06
5.087971000000000000e+06
4.275958000000000000e+06
3.521210000000000000e+06
2.885054000000000000e+06
2.370478000000000000e+06
1.961849000000000000e+06
1.639188000000000000e+06
1.382581000000000000e+06
1.177455000000000000e+06
1.013785000000000000e+06
8.779180000000000000e+05
7.685930000000000000e+05
6.767000000000000000e+05
6.007200000000000000e+05
5.346210000000000000e+05
4.800300000000000000e+05
4.334150000000000000e+05
3.930850000000000000e+05
3.574590000000000000e+05
3.263680000000000000e+05
3.000730000000000000e+05
2.752730000000000000e+05
2.547880000000000000e+05
2.350020000000000000e+05
2.185900000000000000e+05
2.034630000000000000e+05
1.893260000000000000e+05
1.774200000000000000e+05
1.663370000000000000e+05
1.567050000000000000e+05
1.476870000000000000e+05
1.386990000000000000e+05
1.309720000000000000e+05
1.229510000000000000e+05
1.177240000000000000e+05
1.116910000000000000e+05
1.058930000000000000e+05
1.002060000000000000e+05
9.561300000000000000e+04
9.083600000000000000e+04
8.696900000000000000e+04
8.250800000000000000e+04
7.926700000000000000e+04
7.627100000000000000e+04
7.244700000000000000e+04
6.972700000000000000e+04
6.654000000000000000e+04
6.419700000000000000e+04
