6.317000000000000000e+03
6.394000000000000000e+03
6.328000000000000000e+03
6.412000000000000000e+03
6.349000000000000000e+03
6.429000000000000000e+03
6.403000000000000000e+03
6.417000000000000000e+03
6.409000000000000000e+03
6.546000000000000000e+03
6.529000000000000000e+03
6.432000000000000000e+03
6.654000000000000000e+03
6.606000000000000000e+03
6.766000000000000000e+03
6.706000000000000000e+03
6.756000000000000000e+03
6.707000000000000000e+03
6.865000000000000000e+03
6.827000000000000000e+03
6.919000000000000000e+03
6.859000000000000000e+03
6.937000000000000000e+03
6.938000000000000000e+03
6.923000000000000000e+03
6.976000000000000000e+03
6.998000000000000000e+03
7.173000000000000000e+03
7.096000000000000000e+03
7.132000000000000000e+03
7.198000000000000000e+03
7.078000000000000000e+03
7.140000000000000000e+03
7.167000000000000000e+03
7.135000000000000000e+03
7.324000000000000000e+03
7.395000000000000000e+03
7.200000000000000000e+03
7.543000000000000000e+03
7.395000000000000000e+03
7.452000000000000000e+03
7.579000000000000000e+03
7.544000000000000000e+03
7.590000000000000000e+03
7.536000000000000000e+03
7.579000000000000000e+03
7.644000000000000000e+03
7.500000000000000000e+03
7.701000000000000000e+03
7.744000000000000000e+03
7.744000000000000000e+03
7.780000000000000000e+03
7.857000000000000000e+03
7.884000000000000000e+03
8.102000000000000000e+03
8.008000000000000000e+03
7.957000000000000000e+03
8.139000000000000000e+03
7.888000000000000000e+03
8.122000000000000000e+03
8.062000000000000000e+03
8.052000000000000000e+03
8.101000000000000000e+03
8.192000000000000000e+03
8.342000000000000000e+03
8.308000000000000000e+03
8.275000000000000000e+03
8.425000000000000000e+03
8.413000000000000000e+03
8.430000000000000000e+03
8.368000000000000000e+03
8.555000000000000000e+03
8.475000000000000000e+03
8.707000000000000000e+03
8.887000000000000000e+03
8.775000000000000000e+03
8.951000000000000000e+03
8.750000000000000000e+03
8.889000000000000000e+03
9.044000000000000000e+03
9.103000000000000000e+03
8.891000000000000000e+03
9.038000000000000000e+03
9.045000000000000000e+03
9.130000000000000000e+03
9.075000000000000000e+03
9.189000000000000000e+03
9.299000000000000000e+03
9.448000000000000000e+03
9.198000000000000000e+03
9.258000000000000000e+03
9.483000000000000000e+03
9.302000000000000000e+03
9.382000000000000000e+03
9.357000000000000000e+03
9.646000000000000000e+03
9.714000000000000000e+03
9.883000000000000000e+03
9.508000000000000000e+03
9.718000000000000000e+03
9.933000000000000000e+03
9.827000000000000000e+03
9.685000000000000000e+03
1.001500000000000000e+04
1.017600000000000000e+04
1.012900000000000000e+04
1.018400000000000000e+04
1.022100000000000000e+04
1.044600000000000000e+04
1.006400000000000000e+04
1.030100000000000000e+04
1.040600000000000000e+04
1.031900000000000000e+04
1.062000000000000000e+04
1.051600000000000000e+04
1.056900000000000000e+04
1.032100000000000000e+04
1.062300000000000000e+04
1.063800000000000000e+04
1.069600000000000000e+04
1.073700000000000000e+04
1.079500000000000000e+04
1.095100000000000000e+04
1.100300000000000000e+04
1.127800000000000000e+04
1.107400000000000000e+04
1.132100000000000000e+04
1.132200000000000000e+04
1.130800000000000000e+04
1.132400000000000000e+04
1.133300000000000000e+04
1.143200000000000000e+04
1.152900000000000000e+04
1.168700000000000000e+04
1.177300000000000000e+04
1.151300000000000000e+04
1.170300000000000000e+04
1.191300000000000000e+04
1.207500000000000000e+04
1.207000000000000000e+04
1.223700000000000000e+04
1.213800000000000000e+04
1.220800000000000000e+04
1.214700000000000000e+04
1.239400000000000000e+04
1.237700000000000000e+04
1.250900000000000000e+04
1.265900000000000000e+04
1.255400000000000000e+04
1.268500000000000000e+04
1.284800000000000000e+04
1.285900000000000000e+04
1.300100000000000000e+04
1.267100000000000000e+04
1.284800000000000000e+04
1.330400000000000000e+04
1.336500000000000000e+04
1.337600000000000000e+04
1.335300000000000000e+04
1.359500000000000000e+04
1.340300000000000000e+04
1.347800000000000000e+04
1.374200000000000000e+04
1.387000000000000000e+04
1.396400000000000000e+04
1.379800000000000000e+04
1.396700000000000000e+04
1.410700000000000000e+04
1.404300000000000000e+04
1.407500000000000000e+04
1.437800000000000000e+04
1.439600000000000000e+04
1.446500000000000000e+04
1.464100000000000000e+04
1.457500000000000000e+04
1.476400000000000000e+04
1.476400000000000000e+04
1.475800000000000000e+04
1.493400000000000000e+04
1.519900000000000000e+04
1.510400000000000000e+04
1.543100000000000000e+04
1.545800000000000000e+04
1.564400000000000000e+04
1.571600000000000000e+04
1.565600000000000000e+04
1.587500000000000000e+04
1.599100000000000000e+04
1.590800000000000000e+04
1.587300000000000000e+04
1.616600000000000000e+04
1.620200000000000000e+04
1.645000000000000000e+04
1.668800000000000000e+04
1.642400000000000000e+04
1.657200000000000000e+04
1.671900000000000000e+04
1.692700000000000000e+04
1.728100000000000000e+04
1.729500000000000000e+04
1.727200000000000000e+04
1.725700000000000000e+04
1.756000000000000000e+04
1.788700000000000000e+04
1.783500000000000000e+04
1.777800000000000000e+04
1.793500000000000000e+04
1.805300000000000000e+04
1.836900000000000000e+04
1.817100000000000000e+04
1.833700000000000000e+04
1.849900000000000000e+04
1.863700000000000000e+04
1.866900000000000000e+04
1.892300000000000000e+04
1.910400000000000000e+04
1.903100000000000000e+04
1.943700000000000000e+04
1.936600000000000000e+04
1.955700000000000000e+04
1.981700000000000000e+04
1.989300000000000000e+04
2.007900000000000000e+04
2.029000000000000000e+04
2.041700000000000000e+04
2.047900000000000000e+04
2.048600000000000000e+04
2.072100000000000000e+04
2.081900000000000000e+04
2.096700000000000000e+04
2.119600000000000000e+04
2.135100000000000000e+04
2.144700000000000000e+04
2.176100000000000000e+04
2.212800000000000000e+04
2.198000000000000000e+04
2.193200000000000000e+04
2.229600000000000000e+04
2.242800000000000000e+04
2.261600000000000000e+04
2.300600000000000000e+04
2.302200000000000000e+04
2.299300000000000000e+04
2.341500000000000000e+04
2.333500000000000000e+04
2.360400000000000000e+04
2.405100000000000000e+04
2.397700000000000000e+04
2.419500000000000000e+04
2.431500000000000000e+04
2.456500000000000000e+04
2.465400000000000000e+04
2.502200000000000000e+04
2.525100000000000000e+04
2.582600000000000000e+04
2.544700000000000000e+04
2.597600000000000000e+04
2.571200000000000000e+04
2.612400000000000000e+04
2.629500000000000000e+04
2.674500000000000000e+04
2.696700000000000000e+04
2.703400000000000000e+04
2.766400000000000000e+04
2.726800000000000000e+04
2.801400000000000000e+04
2.809400000000000000e+04
2.793700000000000000e+04
2.833400000000000000e+04
2.860100000000000000e+04
2.889500000000000000e+04
2.923800000000000000e+04
2.899900000000000000e+04
2.941200000000000000e+04
2.980500000000000000e+04
3.053200000000000000e+04
3.023100000000000000e+04
3.104500000000000000e+04
3.102500000000000000e+04
3.115600000000000000e+04
3.157400000000000000e+04
3.177000000000000000e+04
3.206900000000000000e+04
3.253300000000000000e+04
3.263800000000000000e+04
3.263400000000000000e+04
3.311700000000000000e+04
3.335100000000000000e+04
3.355900000000000000e+04
3.408200000000000000e+04
3.425600000000000000e+04
3.475500000000000000e+04
3.456000000000000000e+04
3.515300000000000000e+04
3.536300000000000000e+04
3.587900000000000000e+04
3.600000000000000000e+04
3.671100000000000000e+04
3.708200000000000000e+04
3.724000000000000000e+04
3.744000000000000000e+04
3.818800000000000000e+04
3.833700000000000000e+04
3.842600000000000000e+04
3.894500000000000000e+04
3.948500000000000000e+04
3.982700000000000000e+04
4.044300000000000000e+04
4.048200000000000000e+04
4.105900000000000000e+04
4.124700000000000000e+04
4.161100000000000000e+04
4.228900000000000000e+04
4.277000000000000000e+04
4.329900000000000000e+04
4.323300000000000000e+04
4.407000000000000000e+04
4.466300000000000000e+04
4.518600000000000000e+04
4.477600000000000000e+04
4.579000000000000000e+04
4.640400000000000000e+04
4.648300000000000000e+04
4.746300000000000000e+04
4.823100000000000000e+04
4.812200000000000000e+04
4.867500000000000000e+04
4.961700000000000000e+04
5.007900000000000000e+04
5.031200000000000000e+04
5.119500000000000000e+04
5.136500000000000000e+04
5.196100000000000000e+04
5.250200000000000000e+04
5.308700000000000000e+04
5.363000000000000000e+04
5.460600000000000000e+04
5.464600000000000000e+04
5.572300000000000000e+04
5.654800000000000000e+04
5.692500000000000000e+04
5.758900000000000000e+04
5.797500000000000000e+04
5.891500000000000000e+04
5.973000000000000000e+04
6.030800000000000000e+04
6.151300000000000000e+04
6.216600000000000000e+04
6.257300000000000000e+04
6.296900000000000000e+04
6.449300000000000000e+04
6.487200000000000000e+04
6.536900000000000000e+04
6.596400000000000000e+04
6.729300000000000000e+04
6.803100000000000000e+04
6.900100000000000000e+04
6.979300000000000000e+04
7.103100000000000000e+04
7.155000000000000000e+04
7.220000000000000000e+04
7.358100000000000000e+04
7.420000000000000000e+04
7.501600000000000000e+04
7.652400000000000000e+04
7.692200000000000000e+04
7.811100000000000000e+04
7.932900000000000000e+04
8.069700000000000000e+04
8.165700000000000000e+04
8.293200000000000000e+04
8.354400000000000000e+04
8.472300000000000000e+04
8.626700000000000000e+04
8.745800000000000000e+04
8.845400000000000000e+04
8.974800000000000000e+04
9.045400000000000000e+04
9.159000000000000000e+04
9.344000000000000000e+04
9.467900000000000000e+04
9.645600000000000000e+04
9.763100000000000000e+04
9.899600000000000000e+04
1.004540000000000000e+05
1.014100000000000000e+05
1.037850000000000000e+05
1.051200000000000000e+05
1.063870000000000000e+05
1.085470000000000000e+05
1.101570000000000000e+05
1.115880000000000000e+05
1.134280000000000000e+05
1.152860000000000000e+05
1.165240000000000000e+05
1.179130000000000000e+05
1.200760000000000000e+05
1.212180000000000000e+05
1.240350000000000000e+05
1.261950000000000000e+05
1.281890000000000000e+05
1.308590000000000000e+05
1.326250000000000000e+05
1.344920000000000000e+05
1.367350000000000000e+05
1.390000000000000000e+05
1.415650000000000000e+05
1.440150000000000000e+05
1.462050000000000000e+05
1.493890000000000000e+05
1.513790000000000000e+05
1.544440000000000000e+05
1.569860000000000000e+05
1.590450000000000000e+05
1.629880000000000000e+05
1.653600000000000000e+05
1.679330000000000000e+05
1.712210000000000000e+05
1.744830000000000000e+05
1.770840000000000000e+05
1.807890000000000000e+05
1.833670000000000000e+05
1.869940000000000000e+05
1.908380000000000000e+05
1.939150000000000000e+05
1.969990000000000000e+05
2.012880000000000000e+05
2.044160000000000000e+05
2.093650000000000000e+05
2.141620000000000000e+05
2.175540000000000000e+05
2.212360000000000000e+05
2.257850000000000000e+05
2.298730000000000000e+05
2.333480000000000000e+05
2.386210000000000000e+05
2.437980000000000000e+05
2.486550000000000000e+05
2.528560000000000000e+05
2.579820000000000000e+05
2.633790000000000000e+05
2.686760000000000000e+05
2.751850000000000000e+05
2.793410000000000000e+05
2.854900000000000000e+05
2.903090000000000000e+05
2.964230000000000000e+05
3.028990000000000000e+05
3.087190000000000000e+05
3.160960000000000000e+05
3.213920000000000000e+05
3.272130000000000000e+05
3.353580000000000000e+05
3.411260000000000000e+05
3.484340000000000000e+05
3.553300000000000000e+05
3.610780000000000000e+05
3.695550000000000000e+05
3.772710000000000000e+05
3.834030000000000000e+05
3.917510000000000000e+05
3.991490000000000000e+05
4.072920000000000000e+05
4.142990000000000000e+05
4.235750000000000000e+05
4.308280000000000000e+05
4.393040000000000000e+05
4.483940000000000000e+05
4.560240000000000000e+05
4.634440000000000000e+05
4.732490000000000000e+05
4.789330000000000000e+05
4.888660000000000000e+05
4.989580000000000000e+05
5.057080000000000000e+05
5.138510000000000000e+05
5.197420000000000000e+05
5.299110000000000000e+05
5.379860000000000000e+05
5.447100000000000000e+05
5.520330000000000000e+05
5.601240000000000000e+05
5.677980000000000000e+05
5.736980000000000000e+05
5.805700000000000000e+05
5.873990000000000000e+05
5.941480000000000000e+05
5.992780000000000000e+05
6.051070000000000000e+05
6.104050000000000000e+05
6.149650000000000000e+05
6.190910000000000000e+05
6.245610000000000000e+05
6.262420000000000000e+05
6.278210000000000000e+05
6.321070000000000000e+05
6.335060000000000000e+05
6.343270000000000000e+05
6.350470000000000000e+05
6.364880000000000000e+05
6.349430000000000000e+05
6.376090000000000000e+05
6.351050000000000000e+05
6.326570000000000000e+05
6.313770000000000000e+05
6.286170000000000000e+05
6.256170000000000000e+05
6.215090000000000000e+05
6.190830000000000000e+05
6.138330000000000000e+05
6.098780000000000000e+05
6.044170000000000000e+05
6.000630000000000000e+05
5.935650000000000000e+05
5.873710000000000000e+05
5.808030000000000000e+05
5.745520000000000000e+05
5.676950000000000000e+05
5.596690000000000000e+05
5.527330000000000000e+05
5.451160000000000000e+05
5.382210000000000000e+05
5.298490000000000000e+05
5.203510000000000000e+05
5.134860000000000000e+05
5.052060000000000000e+05
4.971980000000000000e+05
4.885490000000000000e+05
4.802360000000000000e+05
4.719350000000000000e+05
4.648830000000000000e+05
4.555110000000000000e+05
4.478360000000000000e+05
4.395620000000000000e+05
4.323800000000000000e+05
4.221170000000000000e+05
4.153790000000000000e+05
4.069030000000000000e+05
4.017040000000000000e+05
3.920720000000000000e+05
3.858400000000000000e+05
3.761370000000000000e+05
3.695320000000000000e+05
3.622410000000000000e+05
3.544390000000000000e+05
3.485500000000000000e+05
3.407660000000000000e+05
3.347910000000000000e+05
3.277690000000000000e+05
3.214020000000000000e+05
3.161740000000000000e+05
3.081990000000000000e+05
3.020410000000000000e+05
2.966980000000000000e+05
2.900210000000000000e+05
2.855270000000000000e+05
2.793980000000000000e+05
2.734610000000000000e+05
2.689400000000000000e+05
2.636130000000000000e+05
2.585140000000000000e+05
2.535060000000000000e+05
2.491030000000000000e+05
2.448460000000000000e+05
2.389580000000000000e+05
2.357330000000000000e+05
2.300600000000000000e+05
2.249210000000000000e+05
2.210360000000000000e+05
2.175780000000000000e+05
2.128160000000000000e+05
2.090020000000000000e+05
2.046970000000000000e+05
2.007200000000000000e+05
1.973270000000000000e+05
1.945220000000000000e+05
1.899020000000000000e+05
1.870980000000000000e+05
1.838590000000000000e+05
1.807350000000000000e+05
1.777140000000000000e+05
1.739020000000000000e+05
1.704090000000000000e+05
1.680160000000000000e+05
1.651060000000000000e+05
1.623250000000000000e+05
1.591830000000000000e+05
1.569370000000000000e+05
1.537070000000000000e+05
1.518450000000000000e+05
1.484350000000000000e+05
1.464540000000000000e+05
1.446100000000000000e+05
1.413530000000000000e+05
1.393560000000000000e+05
1.368930000000000000e+05
1.346890000000000000e+05
1.325470000000000000e+05
1.306590000000000000e+05
1.283000000000000000e+05
1.262210000000000000e+05
1.243170000000000000e+05
1.221420000000000000e+05
1.203130000000000000e+05
1.188630000000000000e+05
1.166960000000000000e+05
1.150150000000000000e+05
1.137280000000000000e+05
1.117260000000000000e+05
1.097770000000000000e+05
1.078640000000000000e+05
1.068780000000000000e+05
1.052720000000000000e+05
1.033890000000000000e+05
1.019810000000000000e+05
1.009660000000000000e+05
9.859900000000000000e+04
9.767400000000000000e+04
9.680200000000000000e+04
9.438300000000000000e+04
9.317300000000000000e+04
9.213400000000000000e+04
9.081600000000000000e+04
8.972100000000000000e+04
8.867700000000000000e+04
8.711200000000000000e+04
8.615800000000000000e+04
8.493200000000000000e+04
8.396200000000000000e+04
8.255200000000000000e+04
8.162800000000000000e+04
8.066400000000000000e+04
7.910300000000000000e+04
7.891200000000000000e+04
7.721300000000000000e+04
7.594100000000000000e+04
7.485700000000000000e+04
7.435100000000000000e+04
7.344000000000000000e+04
7.275800000000000000e+04
7.151700000000000000e+04
6.986700000000000000e+04
7.008900000000000000e+04
6.854800000000000000e+04
6.792800000000000000e+04
6.713800000000000000e+04
6.608000000000000000e+04
6.540900000000000000e+04
6.475300000000000000e+04
6.365600000000000000e+04
6.301900000000000000e+04
6.271100000000000000e+04
6.221500000000000000e+04
6.126600000000000000e+04
6.027600000000000000e+04
6.001700000000000000e+04
5.871000000000000000e+04
5.872500000000000000e+04
5.754800000000000000e+04
5.713100000000000000e+04
5.645800000000000000e+04
5.564000000000000000e+04
5.512200000000000000e+04
5.473900000000000000e+04
5.350800000000000000e+04
5.349200000000000000e+04
5.284600000000000000e+04
5.209300000000000000e+04
5.181500000000000000e+04
5.069500000000000000e+04
5.058400000000000000e+04
4.986600000000000000e+04
4.922800000000000000e+04
4.938700000000000000e+04
4.877500000000000000e+04
4.752500000000000000e+04
4.732600000000000000e+04
4.683200000000000000e+04
4.646300000000000000e+04
4.583100000000000000e+04
4.495800000000000000e+04
4.505000000000000000e+04
4.443900000000000000e+04
4.392200000000000000e+04
4.352000000000000000e+04
4.336400000000000000e+04
4.259900000000000000e+04
4.259500000000000000e+04
4.153800000000000000e+04
4.135100000000000000e+04
4.050500000000000000e+04
4.047000000000000000e+04
4.026300000000000000e+04
3.990200000000000000e+04
3.960600000000000000e+04
3.879200000000000000e+04
3.875700000000000000e+04
3.835400000000000000e+04
3.821200000000000000e+04
3.757300000000000000e+04
3.732500000000000000e+04
3.714700000000000000e+04
3.672600000000000000e+04
3.602500000000000000e+04
3.566500000000000000e+04
3.547200000000000000e+04
3.542600000000000000e+04
3.466800000000000000e+04
3.430300000000000000e+04
3.392800000000000000e+04
3.377200000000000000e+04
3.371800000000000000e+04
3.357400000000000000e+04
3.343300000000000000e+04
3.287700000000000000e+04
3.245300000000000000e+04
3.235900000000000000e+04
3.213900000000000000e+04
3.167500000000000000e+04
3.179500000000000000e+04
3.094200000000000000e+04
3.051000000000000000e+04
3.057600000000000000e+04
3.062900000000000000e+04
2.996500000000000000e+04
2.981900000000000000e+04
2.961800000000000000e+04
2.936100000000000000e+04
2.909500000000000000e+04
2.872700000000000000e+04
2.885000000000000000e+04
2.826300000000000000e+04
2.815500000000000000e+04
2.798200000000000000e+04
2.760700000000000000e+04
2.763600000000000000e+04
2.740200000000000000e+04
2.739400000000000000e+04
2.684300000000000000e+04
2.646300000000000000e+04
2.631300000000000000e+04
2.624600000000000000e+04
2.575900000000000000e+04
2.563700000000000000e+04
2.547700000000000000e+04
2.538000000000000000e+04
2.507400000000000000e+04
2.489500000000000000e+04
2.471300000000000000e+04
2.467500000000000000e+04
2.435900000000000000e+04
2.390100000000000000e+04
2.404500000000000000e+04
2.364300000000000000e+04
2.364700000000000000e+04
2.346200000000000000e+04
2.319700000000000000e+04
2.294800000000000000e+04
2.313000000000000000e+04
2.258900000000000000e+04
2.255400000000000000e+04
2.241300000000000000e+04
2.210800000000000000e+04
2.217600000000000000e+04
2.201600000000000000e+04
2.173300000000000000e+04
2.176500000000000000e+04
2.126900000000000000e+04
2.127000000000000000e+04
2.116300000000000000e+04
2.090500000000000000e+04
2.100100000000000000e+04
2.056400000000000000e+04
2.023500000000000000e+04
2.053800000000000000e+04
2.026800000000000000e+04
2.022800000000000000e+04
2.023300000000000000e+04
2.001200000000000000e+04
1.954000000000000000e+04
1.964600000000000000e+04
1.949100000000000000e+04
1.944400000000000000e+04
1.948900000000000000e+04
1.907000000000000000e+04
1.901400000000000000e+04
1.894800000000000000e+04
1.854300000000000000e+04
1.872200000000000000e+04
1.828200000000000000e+04
1.811700000000000000e+04
1.825300000000000000e+04
1.809400000000000000e+04
1.789900000000000000e+04
1.796100000000000000e+04
1.794800000000000000e+04
1.769400000000000000e+04
1.743800000000000000e+04
1.758600000000000000e+04
1.729200000000000000e+04
1.728600000000000000e+04
1.704300000000000000e+04
1.707200000000000000e+04
1.645900000000000000e+04
1.676300000000000000e+04
1.675000000000000000e+04
1.640200000000000000e+04
1.645600000000000000e+04
1.644400000000000000e+04
1.612500000000000000e+04
1.615100000000000000e+04
1.602900000000000000e+04
1.594200000000000000e+04
1.579600000000000000e+04
1.561600000000000000e+04
1.545900000000000000e+04
1.554900000000000000e+04
1.553200000000000000e+04
1.536600000000000000e+04
1.511900000000000000e+04
1.496100000000000000e+04
1.500600000000000000e+04
1.507000000000000000e+04
1.475000000000000000e+04
1.467100000000000000e+04
1.477200000000000000e+04
1.451600000000000000e+04
1.440800000000000000e+04
1.425400000000000000e+04
1.424200000000000000e+04
1.429900000000000000e+04
1.412200000000000000e+04
1.418500000000000000e+04
1.405500000000000000e+04
1.405700000000000000e+04
1.384900000000000000e+04
1.371400000000000000e+04
1.373100000000000000e+04
1.379100000000000000e+04
1.358600000000000000e+04
1.346400000000000000e+04
1.343900000000000000e+04
1.332200000000000000e+04
1.307300000000000000e+04
1.310800000000000000e+04
1.324700000000000000e+04
1.312500000000000000e+04
1.296600000000000000e+04
1.299200000000000000e+04
1.277400000000000000e+04
1.270900000000000000e+04
1.264100000000000000e+04
1.235600000000000000e+04
1.230000000000000000e+04
1.232300000000000000e+04
1.241300000000000000e+04
1.238700000000000000e+04
1.202700000000000000e+04
1.212800000000000000e+04
1.216100000000000000e+04
1.192800000000000000e+04
1.186700000000000000e+04
1.196500000000000000e+04
1.203700000000000000e+04
1.165300000000000000e+04
1.165100000000000000e+04
1.174300000000000000e+04
1.173500000000000000e+04
1.153000000000000000e+04
1.139500000000000000e+04
1.150300000000000000e+04
1.153900000000000000e+04
1.133700000000000000e+04
1.117800000000000000e+04
1.087700000000000000e+04
1.124800000000000000e+04
1.102400000000000000e+04
1.097600000000000000e+04
1.089900000000000000e+04
1.093500000000000000e+04
1.073500000000000000e+04
1.068300000000000000e+04
1.080900000000000000e+04
1.057000000000000000e+04
1.052600000000000000e+04
1.066600000000000000e+04
1.043100000000000000e+04
1.054400000000000000e+04
1.026900000000000000e+04
1.044500000000000000e+04
1.030200000000000000e+04
1.014300000000000000e+04
1.012500000000000000e+04
1.013400000000000000e+04
1.012400000000000000e+04
9.927000000000000000e+03
1.011500000000000000e+04
9.829000000000000000e+03
1.004200000000000000e+04
9.846000000000000000e+03
9.835000000000000000e+03
9.656000000000000000e+03
9.582000000000000000e+03
9.716000000000000000e+03
9.658000000000000000e+03
9.610000000000000000e+03
9.519000000000000000e+03
9.484000000000000000e+03
9.475000000000000000e+03
9.103000000000000000e+03
9.377000000000000000e+03
9.172000000000000000e+03
9.274000000000000000e+03
9.146000000000000000e+03
9.246000000000000000e+03
8.924000000000000000e+03
9.047000000000000000e+03
8.902000000000000000e+03
8.814000000000000000e+03
8.853000000000000000e+03
8.840000000000000000e+03
8.996000000000000000e+03
8.846000000000000000e+03
8.754000000000000000e+03
8.788000000000000000e+03
8.529000000000000000e+03
8.751000000000000000e+03
8.598000000000000000e+03
8.512000000000000000e+03
8.459000000000000000e+03
8.538000000000000000e+03
8.424000000000000000e+03
8.472000000000000000e+03
8.298000000000000000e+03
8.383000000000000000e+03
8.273000000000000000e+03
8.304000000000000000e+03
8.333000000000000000e+03
8.040000000000000000e+03
8.095000000000000000e+03
8.154000000000000000e+03
7.972000000000000000e+03
8.042000000000000000e+03
7.801000000000000000e+03
7.798000000000000000e+03
7.961000000000000000e+03
7.924000000000000000e+03
7.793000000000000000e+03
7.872000000000000000e+03
7.870000000000000000e+03
7.776000000000000000e+03
7.734000000000000000e+03
7.681000000000000000e+03
7.714000000000000000e+03
7.612000000000000000e+03
7.536000000000000000e+03
7.533000000000000000e+03
7.484000000000000000e+03
7.476000000000000000e+03
7.468000000000000000e+03
7.366000000000000000e+03
7.424000000000000000e+03
7.346000000000000000e+03
7.214000000000000000e+03
7.304000000000000000e+03
7.217000000000000000e+03
7.407000000000000000e+03
7.235000000000000000e+03
7.044000000000000000e+03
7.233000000000000000e+03
7.084000000000000000e+03
7.179000000000000000e+03
7.026000000000000000e+03
7.027000000000000000e+03
6.957000000000000000e+03
6.894000000000000000e+03
6.941000000000000000e+03
6.918000000000000000e+03
6.857000000000000000e+03
6.824000000000000000e+03
6.763000000000000000e+03
6.774000000000000000e+03
6.810000000000000000e+03
6.776000000000000000e+03
6.638000000000000000e+03
6.786000000000000000e+03
6.590000000000000000e+03
6.648000000000000000e+03
6.629000000000000000e+03
6.590000000000000000e+03
6.451000000000000000e+03
6.445000000000000000e+03
6.445000000000000000e+03
6.384000000000000000e+03
6.529000000000000000e+03
6.425000000000000000e+03
6.353000000000000000e+03
6.241000000000000000e+03
6.434000000000000000e+03
6.262000000000000000e+03
