6.446700000000000000e+04
6.695200000000000000e+04
6.997400000000000000e+04
7.288400000000000000e+04
7.589900000000000000e+04
7.885200000000000000e+04
8.340400000000000000e+04
8.719000000000000000e+04
9.039500000000000000e+04
9.594400000000000000e+04
1.000750000000000000e+05
1.050130000000000000e+05
1.109640000000000000e+05
1.179210000000000000e+05
1.235250000000000000e+05
1.307470000000000000e+05
1.383760000000000000e+05
1.474770000000000000e+05
1.561510000000000000e+05
1.671420000000000000e+05
1.776600000000000000e+05
1.899590000000000000e+05
2.036950000000000000e+05
2.191390000000000000e+05
2.359670000000000000e+05
2.553800000000000000e+05
2.762470000000000000e+05
3.004850000000000000e+05
3.270010000000000000e+05
3.575880000000000000e+05
3.927140000000000000e+05
4.332080000000000000e+05
4.804690000000000000e+05
5.353310000000000000e+05
6.005110000000000000e+05
6.769800000000000000e+05
7.679560000000000000e+05
8.798000000000000000e+05
1.012304000000000000e+06
1.176681000000000000e+06
1.386141000000000000e+06
1.638722000000000000e+06
1.961378000000000000e+06
2.371639000000000000e+06
2.886465000000000000e+06
3.523480000000000000e+06
4.273522000000000000e+06
5.088471000000000000e+06
5.829708000000000000e+06
6.281747000000000000e+06
6.279571000000000000e+06
5.830442000000000000e+06
5.087677000000000000e+06
4.276830000000000000e+06
3.521491000000000000e+06
2.887576000000000000e+06
2.372736000000000000e+06
1.963165000000000000e+06
1.638722000000000000e+06
1.383134000000000000e+06
1.179239000000000000e+06
1.013493000000000000e+06
8.793740000000000000e+05
7.698850000000000000e+05
6.771790000000000000e+05
6.034860000000000000e+05
5.358250000000000000e+05
4.811630000000000000e+05
4.327570000000000000e+05
3.929690000000000000e+05
3.580610000000000000e+05
3.274830000000000000e+05
2.994890000000000000e+05
2.749730000000000000e+05
2.546060000000000000e+05
2.358070000000000000e+05
2.194050000000000000e+05
2.038620000000000000e+05
1.899430000000000000e+05
1.775480000000000000e+05
1.666290000000000000e+05
1.563880000000000000e+05
1.474370000000000000e+05
1.384650000000000000e+05
1.313740000000000000e+05
1.234480000000000000e+05
1.176190000000000000e+05
1.109960000000000000e+05
1.053280000000000000e+05
1.000500000000000000e+05
9.566000000000000000e+04
9.092500000000000000e+04
8.690100000000000000e+04
8.284200000000000000e+04
7.926800000000000000e+04
7.578400000000000000e+04
7.249100000000000000e+04
7.019500000000000000e+04
6.693600000000000000e+04
6.455100000000000000e+04
