6.324000000000000000e+03
6.393000000000000000e+03
6.381000000000000000e+03
6.253000000000000000e+03
6.511000000000000000e+03
6.501000000000000000e+03
6.504000000000000000e+03
6.525000000000000000e+03
6.476000000000000000e+03
6.459000000000000000e+03
6.590000000000000000e+03
6.613000000000000000e+03
6.607000000000000000e+03
6.673000000000000000e+03
6.663000000000000000e+03
6.903000000000000000e+03
6.716000000000000000e+03
6.592000000000000000e+03
6.830000000000000000e+03
6.735000000000000000e+03
6.690000000000000000e+03
6.864000000000000000e+03
6.923000000000000000e+03
6.978000000000000000e+03
6.997000000000000000e+03
7.098000000000000000e+03
6.887000000000000000e+03
7.064000000000000000e+03
7.076000000000000000e+03
7.116000000000000000e+03
7.061000000000000000e+03
7.242000000000000000e+03
7.190000000000000000e+03
7.248000000000000000e+03
7.223000000000000000e+03
7.244000000000000000e+03
7.254000000000000000e+03
7.465000000000000000e+03
7.328000000000000000e+03
7.462000000000000000e+03
7.434000000000000000e+03
7.463000000000000000e+03
7.362000000000000000e+03
7.452000000000000000e+03
7.439000000000000000e+03
7.521000000000000000e+03
7.547000000000000000e+03
7.799000000000000000e+03
7.790000000000000000e+03
7.703000000000000000e+03
7.795000000000000000e+03
7.871000000000000000e+03
7.916000000000000000e+03
7.804000000000000000e+03
7.985000000000000000e+03
8.076000000000000000e+03
8.130000000000000000e+03
7.832000000000000000e+03
8.079000000000000000e+03
8.161000000000000000e+03
8.081000000000000000e+03
8.087000000000000000e+03
8.184000000000000000e+03
8.313000000000000000e+03
8.275000000000000000e+03
8.311000000000000000e+03
8.387000000000000000e+03
8.492000000000000000e+03
8.559000000000000000e+03
8.471000000000000000e+03
8.551000000000000000e+03
8.418000000000000000e+03
8.525000000000000000e+03
8.810000000000000000e+03
8.717000000000000000e+03
8.688000000000000000e+03
8.746000000000000000e+03
8.977000000000000000e+03
8.790000000000000000e+03
8.810000000000000000e+03
8.849000000000000000e+03
8.956000000000000000e+03
8.777000000000000000e+03
8.998000000000000000e+03
9.101000000000000000e+03
9.064000000000000000e+03
9.055000000000000000e+03
9.129000000000000000e+03
9.382000000000000000e+03
9.219000000000000000e+03
9.608000000000000000e+03
9.379000000000000000e+03
9.337000000000000000e+03
9.506000000000000000e+03
9.664000000000000000e+03
9.391000000000000000e+03
9.822000000000000000e+03
9.474000000000000000e+03
9.622000000000000000e+03
9.846000000000000000e+03
9.735000000000000000e+03
9.781000000000000000e+03
9.925000000000000000e+03
1.006000000000000000e+04
9.974000000000000000e+03
9.934000000000000000e+03
1.015900000000000000e+04
1.014300000000000000e+04
1.002700000000000000e+04
1.023500000000000000e+04
1.026700000000000000e+04
1.026500000000000000e+04
1.023300000000000000e+04
1.057500000000000000e+04
1.057300000000000000e+04
1.059700000000000000e+04
1.082700000000000000e+04
1.067500000000000000e+04
1.072500000000000000e+04
1.084800000000000000e+04
1.097700000000000000e+04
1.101500000000000000e+04
1.105100000000000000e+04
1.111200000000000000e+04
1.109200000000000000e+04
1.108000000000000000e+04
1.114600000000000000e+04
1.110200000000000000e+04
1.131000000000000000e+04
1.153200000000000000e+04
1.124200000000000000e+04
1.162500000000000000e+04
1.166800000000000000e+04
1.170400000000000000e+04
1.159100000000000000e+04
1.168700000000000000e+04
1.213700000000000000e+04
1.208000000000000000e+04
1.212100000000000000e+04
1.203500000000000000e+04
1.233300000000000000e+04
1.205400000000000000e+04
1.211200000000000000e+04
1.238600000000000000e+04
1.219700000000000000e+04
1.243000000000000000e+04
1.243200000000000000e+04
1.258400000000000000e+04
1.260600000000000000e+04
1.282600000000000000e+04
1.289300000000000000e+04
1.283100000000000000e+04
1.299500000000000000e+04
1.304500000000000000e+04
1.294500000000000000e+04
1.314800000000000000e+04
1.330800000000000000e+04
1.346600000000000000e+04
1.329200000000000000e+04
1.355600000000000000e+04
1.349400000000000000e+04
1.366700000000000000e+04
1.375500000000000000e+04
1.371500000000000000e+04
1.405400000000000000e+04
1.394400000000000000e+04
1.367200000000000000e+04
1.403600000000000000e+04
1.411200000000000000e+04
1.441000000000000000e+04
1.444600000000000000e+04
1.447700000000000000e+04
1.448400000000000000e+04
1.453000000000000000e+04
1.483100000000000000e+04
1.491000000000000000e+04
1.472500000000000000e+04
1.491000000000000000e+04
1.494500000000000000e+04
1.508800000000000000e+04
1.506600000000000000e+04
1.524700000000000000e+04
1.543700000000000000e+04
1.545700000000000000e+04
1.560100000000000000e+04
1.571000000000000000e+04
1.585400000000000000e+04
1.595600000000000000e+04
1.601300000000000000e+04
1.624100000000000000e+04
1.641000000000000000e+04
1.630900000000000000e+04
1.643700000000000000e+04
1.653400000000000000e+04
1.687500000000000000e+04
1.694000000000000000e+04
1.679200000000000000e+04
1.694400000000000000e+04
1.706600000000000000e+04
1.704300000000000000e+04
1.731400000000000000e+04
1.742100000000000000e+04
1.758100000000000000e+04
1.751500000000000000e+04
1.761100000000000000e+04
1.770900000000000000e+04
1.797300000000000000e+04
1.786800000000000000e+04
1.850700000000000000e+04
1.850300000000000000e+04
1.852900000000000000e+04
1.871600000000000000e+04
1.873300000000000000e+04
1.879900000000000000e+04
1.898000000000000000e+04
1.893400000000000000e+04
1.931100000000000000e+04
1.929500000000000000e+04
1.955200000000000000e+04
1.957900000000000000e+04
1.961400000000000000e+04
1.970100000000000000e+04
2.010300000000000000e+04
2.008200000000000000e+04
2.028300000000000000e+04
2.022200000000000000e+04
2.067800000000000000e+04
2.082300000000000000e+04
2.083800000000000000e+04
2.120400000000000000e+04
2.101600000000000000e+04
2.125500000000000000e+04
2.138900000000000000e+04
2.179500000000000000e+04
2.199700000000000000e+04
2.182900000000000000e+04
2.193800000000000000e+04
2.239700000000000000e+04
2.231600000000000000e+04
2.284300000000000000e+04
2.283300000000000000e+04
2.281700000000000000e+04
2.331400000000000000e+04
2.352000000000000000e+04
2.360800000000000000e+04
2.371200000000000000e+04
2.389400000000000000e+04
2.414600000000000000e+04
2.405100000000000000e+04
2.414400000000000000e+04
2.446500000000000000e+04
2.478700000000000000e+04
2.498700000000000000e+04
2.537900000000000000e+04
2.559900000000000000e+04
2.560500000000000000e+04
2.569600000000000000e+04
2.565200000000000000e+04
2.628200000000000000e+04
2.656500000000000000e+04
2.672000000000000000e+04
2.679400000000000000e+04
2.676900000000000000e+04
2.712700000000000000e+04
2.760700000000000000e+04
2.773800000000000000e+04
2.813700000000000000e+04
2.811300000000000000e+04
2.855600000000000000e+04
2.892300000000000000e+04
2.887100000000000000e+04
2.923400000000000000e+04
2.942200000000000000e+04
2.939700000000000000e+04
2.993600000000000000e+04
3.005700000000000000e+04
3.025700000000000000e+04
3.084700000000000000e+04
3.086000000000000000e+04
3.121300000000000000e+04
3.146400000000000000e+04
3.144500000000000000e+04
3.199400000000000000e+04
3.229800000000000000e+04
3.250700000000000000e+04
3.269100000000000000e+04
3.316300000000000000e+04
3.339300000000000000e+04
3.405900000000000000e+04
3.401000000000000000e+04
3.417100000000000000e+04
3.446900000000000000e+04
3.501400000000000000e+04
3.527600000000000000e+04
3.541200000000000000e+04
3.603900000000000000e+04
3.605900000000000000e+04
3.688200000000000000e+04
3.669200000000000000e+04
3.728400000000000000e+04
3.748900000000000000e+04
3.764900000000000000e+04
3.829000000000000000e+04
3.862700000000000000e+04
3.911000000000000000e+04
3.948000000000000000e+04
3.992500000000000000e+04
4.030800000000000000e+04
4.049400000000000000e+04
4.102600000000000000e+04
4.146000000000000000e+04
4.224500000000000000e+04
4.228200000000000000e+04
4.260400000000000000e+04
4.321200000000000000e+04
4.354100000000000000e+04
4.371900000000000000e+04
4.413100000000000000e+04
4.481500000000000000e+04
4.525000000000000000e+04
4.593700000000000000e+04
4.651300000000000000e+04
4.639800000000000000e+04
4.730700000000000000e+04
4.815700000000000000e+04
4.803200000000000000e+04
4.869300000000000000e+04
4.910700000000000000e+04
4.965200000000000000e+04
5.037400000000000000e+04
5.053100000000000000e+04
5.155500000000000000e+04
5.217700000000000000e+04
5.241300000000000000e+04
5.336000000000000000e+04
5.359500000000000000e+04
5.428200000000000000e+04
5.479800000000000000e+04
5.555500000000000000e+04
5.636500000000000000e+04
5.697700000000000000e+04
5.764400000000000000e+04
5.823300000000000000e+04
5.909600000000000000e+04
5.958500000000000000e+04
6.029900000000000000e+04
6.102400000000000000e+04
6.199800000000000000e+04
6.248600000000000000e+04
6.362500000000000000e+04
6.400300000000000000e+04
6.511900000000000000e+04
6.513100000000000000e+04
6.654800000000000000e+04
6.748900000000000000e+04
6.819700000000000000e+04
6.869700000000000000e+04
6.985600000000000000e+04
7.086900000000000000e+04
7.163800000000000000e+04
7.230200000000000000e+04
7.311900000000000000e+04
7.412600000000000000e+04
7.532100000000000000e+04
7.621300000000000000e+04
7.732300000000000000e+04
7.840600000000000000e+04
7.921700000000000000e+04
8.029300000000000000e+04
8.155900000000000000e+04
8.269400000000000000e+04
8.351500000000000000e+04
8.467900000000000000e+04
8.647200000000000000e+04
8.778700000000000000e+04
8.821200000000000000e+04
8.934900000000000000e+04
9.130100000000000000e+04
9.204000000000000000e+04
9.378100000000000000e+04
9.421600000000000000e+04
9.585000000000000000e+04
9.698300000000000000e+04
9.919500000000000000e+04
1.006950000000000000e+05
1.017680000000000000e+05
1.034110000000000000e+05
1.045420000000000000e+05
1.061720000000000000e+05
1.079440000000000000e+05
1.101100000000000000e+05
1.112270000000000000e+05
1.132040000000000000e+05
1.146960000000000000e+05
1.168900000000000000e+05
1.184900000000000000e+05
1.201790000000000000e+05
1.223390000000000000e+05
1.245700000000000000e+05
1.262750000000000000e+05
1.277430000000000000e+05
1.303260000000000000e+05
1.322760000000000000e+05
1.347060000000000000e+05
1.374340000000000000e+05
1.396860000000000000e+05
1.409340000000000000e+05
1.438310000000000000e+05
1.467930000000000000e+05
1.491190000000000000e+05
1.514090000000000000e+05
1.537250000000000000e+05
1.568300000000000000e+05
1.590260000000000000e+05
1.620920000000000000e+05
1.653370000000000000e+05
1.683480000000000000e+05
1.710700000000000000e+05
1.741310000000000000e+05
1.774510000000000000e+05
1.809680000000000000e+05
1.831090000000000000e+05
1.871690000000000000e+05
1.908010000000000000e+05
1.937530000000000000e+05
1.981620000000000000e+05
2.014700000000000000e+05
2.057290000000000000e+05
2.085140000000000000e+05
2.130660000000000000e+05
2.174160000000000000e+05
2.211660000000000000e+05
2.253280000000000000e+05
2.302720000000000000e+05
2.340910000000000000e+05
2.396020000000000000e+05
2.433540000000000000e+05
2.484320000000000000e+05
2.533630000000000000e+05
2.586640000000000000e+05
2.633530000000000000e+05
2.687280000000000000e+05
2.747220000000000000e+05
2.796700000000000000e+05
2.857780000000000000e+05
2.902830000000000000e+05
2.971400000000000000e+05
3.026030000000000000e+05
3.086820000000000000e+05
3.151850000000000000e+05
3.204700000000000000e+05
3.281120000000000000e+05
3.335610000000000000e+05
3.411180000000000000e+05
3.481830000000000000e+05
3.547310000000000000e+05
3.621000000000000000e+05
3.693800000000000000e+05
3.760930000000000000e+05
3.847120000000000000e+05
3.917710000000000000e+05
4.010810000000000000e+05
4.069200000000000000e+05
4.158190000000000000e+05
4.240020000000000000e+05
4.320030000000000000e+05
4.394950000000000000e+05
4.484770000000000000e+05
4.557260000000000000e+05
4.636340000000000000e+05
4.728040000000000000e+05
4.800860000000000000e+05
4.881110000000000000e+05
4.965750000000000000e+05
5.052110000000000000e+05
5.129500000000000000e+05
5.234750000000000000e+05
5.296190000000000000e+05
5.391480000000000000e+05
5.450440000000000000e+05
5.532370000000000000e+05
5.593530000000000000e+05
5.660230000000000000e+05
5.748700000000000000e+05
5.815050000000000000e+05
5.861540000000000000e+05
5.923210000000000000e+05
6.007360000000000000e+05
6.042560000000000000e+05
6.092920000000000000e+05
6.143980000000000000e+05
6.172450000000000000e+05
6.225880000000000000e+05
6.274030000000000000e+05
6.286230000000000000e+05
6.311140000000000000e+05
6.331540000000000000e+05
6.353280000000000000e+05
6.359220000000000000e+05
6.380060000000000000e+05
6.369680000000000000e+05
6.361710000000000000e+05
6.338360000000000000e+05
6.325230000000000000e+05
6.311370000000000000e+05
6.301180000000000000e+05
6.248820000000000000e+05
6.218650000000000000e+05
6.186730000000000000e+05
6.134380000000000000e+05
6.091300000000000000e+05
6.047480000000000000e+05
6.000560000000000000e+05
5.923020000000000000e+05
5.879510000000000000e+05
5.803950000000000000e+05
5.730490000000000000e+05
5.675530000000000000e+05
5.593830000000000000e+05
5.538320000000000000e+05
5.457120000000000000e+05
5.376180000000000000e+05
5.293720000000000000e+05
5.220810000000000000e+05
5.126590000000000000e+05
5.056880000000000000e+05
4.979780000000000000e+05
4.883940000000000000e+05
4.798580000000000000e+05
4.720860000000000000e+05
4.634670000000000000e+05
4.551470000000000000e+05
4.484140000000000000e+05
4.396870000000000000e+05
4.314790000000000000e+05
4.235300000000000000e+05
4.159000000000000000e+05
4.076200000000000000e+05
3.999220000000000000e+05
3.924880000000000000e+05
3.839500000000000000e+05
3.781510000000000000e+05
3.684840000000000000e+05
3.612840000000000000e+05
3.543970000000000000e+05
3.476880000000000000e+05
3.417790000000000000e+05
3.342680000000000000e+05
3.287300000000000000e+05
3.212810000000000000e+05
3.152060000000000000e+05
3.091070000000000000e+05
3.021160000000000000e+05
2.978440000000000000e+05
2.913480000000000000e+05
2.851170000000000000e+05
2.788520000000000000e+05
2.749200000000000000e+05
2.689510000000000000e+05
2.626470000000000000e+05
2.576030000000000000e+05
2.534100000000000000e+05
2.479560000000000000e+05
2.431890000000000000e+05
2.395100000000000000e+05
2.348470000000000000e+05
2.306370000000000000e+05
2.262570000000000000e+05
2.211230000000000000e+05
2.171580000000000000e+05
2.131220000000000000e+05
2.093260000000000000e+05
2.050810000000000000e+05
2.009120000000000000e+05
1.978100000000000000e+05
1.928610000000000000e+05
1.911900000000000000e+05
1.877710000000000000e+05
1.840010000000000000e+05
1.799990000000000000e+05
1.772170000000000000e+05
1.742480000000000000e+05
1.713760000000000000e+05
1.678290000000000000e+05
1.655060000000000000e+05
1.625940000000000000e+05
1.599180000000000000e+05
1.564430000000000000e+05
1.533210000000000000e+05
1.513910000000000000e+05
1.490650000000000000e+05
1.459240000000000000e+05
1.439760000000000000e+05
1.422810000000000000e+05
1.395710000000000000e+05
1.370850000000000000e+05
1.339040000000000000e+05
1.324310000000000000e+05
1.304060000000000000e+05
1.281920000000000000e+05
1.264820000000000000e+05
1.244310000000000000e+05
1.220500000000000000e+05
1.200130000000000000e+05
1.188570000000000000e+05
1.164180000000000000e+05
1.146040000000000000e+05
1.132920000000000000e+05
1.117140000000000000e+05
1.098990000000000000e+05
1.077690000000000000e+05
1.071700000000000000e+05
1.051620000000000000e+05
1.032590000000000000e+05
1.019000000000000000e+05
1.003350000000000000e+05
9.851800000000000000e+04
9.749000000000000000e+04
9.626800000000000000e+04
9.444100000000000000e+04
9.330100000000000000e+04
9.237200000000000000e+04
9.063400000000000000e+04
8.936300000000000000e+04
8.894400000000000000e+04
8.673500000000000000e+04
8.584800000000000000e+04
8.541200000000000000e+04
8.371200000000000000e+04
8.222900000000000000e+04
8.169400000000000000e+04
8.028400000000000000e+04
7.925400000000000000e+04
7.853700000000000000e+04
7.733500000000000000e+04
7.612500000000000000e+04
7.495200000000000000e+04
7.485400000000000000e+04
7.347000000000000000e+04
7.284600000000000000e+04
7.173900000000000000e+04
7.123800000000000000e+04
6.970800000000000000e+04
6.921900000000000000e+04
6.877800000000000000e+04
6.678500000000000000e+04
6.659100000000000000e+04
6.585900000000000000e+04
6.499700000000000000e+04
6.393400000000000000e+04
6.304500000000000000e+04
6.244100000000000000e+04
6.160000000000000000e+04
6.138500000000000000e+04
6.055700000000000000e+04
5.957800000000000000e+04
5.888200000000000000e+04
5.806800000000000000e+04
5.753300000000000000e+04
5.752500000000000000e+04
5.656700000000000000e+04
5.579900000000000000e+04
5.510900000000000000e+04
5.470200000000000000e+04
5.352800000000000000e+04
5.318700000000000000e+04
5.248400000000000000e+04
5.233400000000000000e+04
5.126200000000000000e+04
5.073600000000000000e+04
5.058900000000000000e+04
4.966400000000000000e+04
4.933800000000000000e+04
4.875500000000000000e+04
4.805500000000000000e+04
4.788800000000000000e+04
4.728600000000000000e+04
4.712100000000000000e+04
4.623800000000000000e+04
4.550100000000000000e+04
4.523200000000000000e+04
4.512300000000000000e+04
4.431000000000000000e+04
4.400900000000000000e+04
4.363400000000000000e+04
4.320800000000000000e+04
4.272300000000000000e+04
4.217300000000000000e+04
4.201100000000000000e+04
4.114300000000000000e+04
4.115500000000000000e+04
4.049000000000000000e+04
4.033400000000000000e+04
4.000600000000000000e+04
3.966100000000000000e+04
3.920000000000000000e+04
3.910700000000000000e+04
3.849100000000000000e+04
3.790000000000000000e+04
3.758600000000000000e+04
3.737700000000000000e+04
3.677300000000000000e+04
3.643800000000000000e+04
3.593000000000000000e+04
3.600000000000000000e+04
3.581700000000000000e+04
3.505100000000000000e+04
3.477600000000000000e+04
3.467800000000000000e+04
3.423900000000000000e+04
3.395100000000000000e+04
3.373200000000000000e+04
3.334900000000000000e+04
3.306700000000000000e+04
3.294300000000000000e+04
3.258900000000000000e+04
3.214200000000000000e+04
3.188700000000000000e+04
3.171300000000000000e+04
3.132100000000000000e+04
3.072700000000000000e+04
3.044200000000000000e+04
3.030000000000000000e+04
3.032200000000000000e+04
3.013000000000000000e+04
2.996600000000000000e+04
2.956100000000000000e+04
2.940100000000000000e+04
2.916500000000000000e+04
2.893300000000000000e+04
2.835900000000000000e+04
2.846600000000000000e+04
2.800200000000000000e+04
2.766400000000000000e+04
2.799300000000000000e+04
2.733100000000000000e+04
2.738000000000000000e+04
2.721500000000000000e+04
2.670000000000000000e+04
2.667700000000000000e+04
2.620200000000000000e+04
2.613600000000000000e+04
2.589500000000000000e+04
2.569400000000000000e+04
2.548300000000000000e+04
2.542900000000000000e+04
2.529800000000000000e+04
2.485200000000000000e+04
2.463900000000000000e+04
2.454500000000000000e+04
2.428000000000000000e+04
2.432500000000000000e+04
2.407200000000000000e+04
2.381000000000000000e+04
2.374200000000000000e+04
2.327000000000000000e+04
2.337000000000000000e+04
2.318700000000000000e+04
2.292200000000000000e+04
2.292900000000000000e+04
2.274200000000000000e+04
2.257500000000000000e+04
2.234100000000000000e+04
2.231100000000000000e+04
2.205300000000000000e+04
2.168700000000000000e+04
2.161200000000000000e+04
2.162100000000000000e+04
2.138700000000000000e+04
2.114000000000000000e+04
2.097700000000000000e+04
2.091300000000000000e+04
2.068700000000000000e+04
2.051600000000000000e+04
2.065200000000000000e+04
2.046800000000000000e+04
2.003900000000000000e+04
1.993200000000000000e+04
2.001700000000000000e+04
1.953900000000000000e+04
1.938900000000000000e+04
1.959100000000000000e+04
1.922100000000000000e+04
1.929400000000000000e+04
1.904900000000000000e+04
1.886200000000000000e+04
1.875100000000000000e+04
1.869500000000000000e+04
1.847900000000000000e+04
1.839600000000000000e+04
1.810800000000000000e+04
1.793500000000000000e+04
1.802700000000000000e+04
1.782000000000000000e+04
1.769400000000000000e+04
1.776500000000000000e+04
1.783400000000000000e+04
1.736900000000000000e+04
1.756500000000000000e+04
1.711400000000000000e+04
1.718800000000000000e+04
1.693200000000000000e+04
1.724900000000000000e+04
1.679000000000000000e+04
1.665500000000000000e+04
1.658300000000000000e+04
1.645100000000000000e+04
1.617000000000000000e+04
1.612000000000000000e+04
1.633600000000000000e+04
1.612900000000000000e+04
1.593100000000000000e+04
1.585100000000000000e+04
1.586900000000000000e+04
1.574300000000000000e+04
1.535200000000000000e+04
1.568700000000000000e+04
1.532100000000000000e+04
1.523800000000000000e+04
1.516400000000000000e+04
1.517600000000000000e+04
1.497700000000000000e+04
1.502400000000000000e+04
1.471400000000000000e+04
1.471400000000000000e+04
1.465800000000000000e+04
1.458000000000000000e+04
1.448200000000000000e+04
1.419000000000000000e+04
1.439500000000000000e+04
1.415200000000000000e+04
1.427400000000000000e+04
1.392000000000000000e+04
1.395600000000000000e+04
1.391900000000000000e+04
1.395900000000000000e+04
1.377400000000000000e+04
1.364100000000000000e+04
1.366100000000000000e+04
1.370900000000000000e+04
1.337700000000000000e+04
1.347900000000000000e+04
1.325600000000000000e+04
1.326400000000000000e+04
1.312300000000000000e+04
1.307500000000000000e+04
1.312400000000000000e+04
1.276700000000000000e+04
1.278900000000000000e+04
1.278300000000000000e+04
1.259200000000000000e+04
1.259600000000000000e+04
1.264800000000000000e+04
1.251700000000000000e+04
1.236900000000000000e+04
1.227600000000000000e+04
1.232800000000000000e+04
1.205600000000000000e+04
1.228600000000000000e+04
1.226700000000000000e+04
1.206900000000000000e+04
1.182300000000000000e+04
1.184800000000000000e+04
1.181400000000000000e+04
1.181900000000000000e+04
1.162500000000000000e+04
1.160300000000000000e+04
1.147000000000000000e+04
1.146300000000000000e+04
1.153700000000000000e+04
1.132900000000000000e+04
1.117900000000000000e+04
1.116400000000000000e+04
1.121100000000000000e+04
1.105000000000000000e+04
1.122200000000000000e+04
1.098900000000000000e+04
1.108400000000000000e+04
1.111500000000000000e+04
1.075900000000000000e+04
1.083600000000000000e+04
1.070400000000000000e+04
1.071400000000000000e+04
1.073700000000000000e+04
1.047300000000000000e+04
1.068200000000000000e+04
1.018300000000000000e+04
1.042400000000000000e+04
1.048000000000000000e+04
1.024700000000000000e+04
1.037300000000000000e+04
1.028600000000000000e+04
1.011000000000000000e+04
1.004200000000000000e+04
1.004100000000000000e+04
9.993000000000000000e+03
9.857000000000000000e+03
9.942000000000000000e+03
9.720000000000000000e+03
9.823000000000000000e+03
9.691000000000000000e+03
9.858000000000000000e+03
9.534000000000000000e+03
9.516000000000000000e+03
9.684000000000000000e+03
9.456000000000000000e+03
9.413000000000000000e+03
9.647000000000000000e+03
9.475000000000000000e+03
9.521000000000000000e+03
9.392000000000000000e+03
9.105000000000000000e+03
9.146000000000000000e+03
9.158000000000000000e+03
9.061000000000000000e+03
9.146000000000000000e+03
8.988000000000000000e+03
9.153000000000000000e+03
8.894000000000000000e+03
8.864000000000000000e+03
8.789000000000000000e+03
8.848000000000000000e+03
8.887000000000000000e+03
8.689000000000000000e+03
8.699000000000000000e+03
8.617000000000000000e+03
8.608000000000000000e+03
8.672000000000000000e+03
8.538000000000000000e+03
8.654000000000000000e+03
8.545000000000000000e+03
8.465000000000000000e+03
8.414000000000000000e+03
8.307000000000000000e+03
8.298000000000000000e+03
8.362000000000000000e+03
8.177000000000000000e+03
8.331000000000000000e+03
8.173000000000000000e+03
8.001000000000000000e+03
7.999000000000000000e+03
8.215000000000000000e+03
8.051000000000000000e+03
7.953000000000000000e+03
7.880000000000000000e+03
7.810000000000000000e+03
7.914000000000000000e+03
7.859000000000000000e+03
7.856000000000000000e+03
7.702000000000000000e+03
7.751000000000000000e+03
7.837000000000000000e+03
7.763000000000000000e+03
7.643000000000000000e+03
7.624000000000000000e+03
7.676000000000000000e+03
7.533000000000000000e+03
7.489000000000000000e+03
7.486000000000000000e+03
7.378000000000000000e+03
7.510000000000000000e+03
7.324000000000000000e+03
7.400000000000000000e+03
7.272000000000000000e+03
7.353000000000000000e+03
7.328000000000000000e+03
7.288000000000000000e+03
7.069000000000000000e+03
7.110000000000000000e+03
7.047000000000000000e+03
7.088000000000000000e+03
7.168000000000000000e+03
7.057000000000000000e+03
6.965000000000000000e+03
6.906000000000000000e+03
7.068000000000000000e+03
6.950000000000000000e+03
6.953000000000000000e+03
6.815000000000000000e+03
6.995000000000000000e+03
6.925000000000000000e+03
6.701000000000000000e+03
6.942000000000000000e+03
6.628000000000000000e+03
6.761000000000000000e+03
6.583000000000000000e+03
6.738000000000000000e+03
6.568000000000000000e+03
6.574000000000000000e+03
6.500000000000000000e+03
6.546000000000000000e+03
6.501000000000000000e+03
6.595000000000000000e+03
6.423000000000000000e+03
6.436000000000000000e+03
6.310000000000000000e+03
6.378000000000000000e+03
6.347000000000000000e+03
6.291000000000000000e+03
6.339000000000000000e+03
