6.409700000000000000e+04
6.718700000000000000e+04
6.972200000000000000e+04
7.286800000000000000e+04
7.569700000000000000e+04
7.959200000000000000e+04
8.309300000000000000e+04
8.748900000000000000e+04
9.153900000000000000e+04
9.518700000000000000e+04
9.993700000000000000e+04
1.055410000000000000e+05
1.114820000000000000e+05
1.174850000000000000e+05
1.244520000000000000e+05
1.310980000000000000e+05
1.384810000000000000e+05
1.472530000000000000e+05
1.570590000000000000e+05
1.670750000000000000e+05
1.778620000000000000e+05
1.902300000000000000e+05
2.039300000000000000e+05
2.184230000000000000e+05
2.358870000000000000e+05
2.542390000000000000e+05
2.762050000000000000e+05
3.001790000000000000e+05
3.267840000000000000e+05
3.574640000000000000e+05
3.935770000000000000e+05
4.343520000000000000e+05
4.807970000000000000e+05
5.366020000000000000e+05
6.004330000000000000e+05
6.774160000000000000e+05
7.705290000000000000e+05
8.786760000000000000e+05
1.012468000000000000e+06
1.179380000000000000e+06
1.383010000000000000e+06
1.637652000000000000e+06
1.962230000000000000e+06
2.371157000000000000e+06
2.885891000000000000e+06
3.523648000000000000e+06
4.274057000000000000e+06
5.091944000000000000e+06
5.826885000000000000e+06
6.284462000000000000e+06
6.278862000000000000e+06
5.827945000000000000e+06
5.091250000000000000e+06
4.274561000000000000e+06
3.521143000000000000e+06
2.885354000000000000e+06
2.369609000000000000e+06
1.960445000000000000e+06
1.638679000000000000e+06
1.381547000000000000e+06
1.179051000000000000e+06
1.014438000000000000e+06
8.778820000000000000e+05
7.690320000000000000e+05
6.780810000000000000e+05
6.005040000000000000e+05
5.351980000000000000e+05
4.800760000000000000e+05
4.345890000000000000e+05
3.927250000000000000e+05
3.580930000000000000e+05
3.279100000000000000e+05
2.997110000000000000e+05
2.759680000000000000e+05
2.556530000000000000e+05
2.358810000000000000e+05
2.186520000000000000e+05
2.042070000000000000e+05
1.901230000000000000e+05
1.781670000000000000e+05
1.668030000000000000e+05
1.564160000000000000e+05
1.475420000000000000e+05
1.390210000000000000e+05
1.308370000000000000e+05
1.238120000000000000e+05
1.174500000000000000e+05
1.114380000000000000e+05
1.057290000000000000e+05
1.003230000000000000e+05
9.552700000000000000e+04
9.113800000000000000e+04
8.649800000000000000e+04
8.288700000000000000e+04
7.953200000000000000e+04
7.646600000000000000e+04
7.274300000000000000e+04
7.004700000000000000e+04
6.706300000000000000e+04
6.432900000000000000e+04
