6.390200000000000000e+04
6.683900000000000000e+04
7.025700000000000000e+04
7.265300000000000000e+04
7.585600000000000000e+04
7.943400000000000000e+04
8.262500000000000000e+04
8.714600000000000000e+04
9.110700000000000000e+04
9.592400000000000000e+04
1.000290000000000000e+05
1.053230000000000000e+05
1.112350000000000000e+05
1.176560000000000000e+05
1.240380000000000000e+05
1.309840000000000000e+05
1.387350000000000000e+05
1.471240000000000000e+05
1.564110000000000000e+05
1.667740000000000000e+05
1.770180000000000000e+05
1.901870000000000000e+05
2.046380000000000000e+05
2.184980000000000000e+05
2.353420000000000000e+05
2.547880000000000000e+05
2.758510000000000000e+05
2.990820000000000000e+05
3.270060000000000000e+05
3.568220000000000000e+05
3.931890000000000000e+05
4.342060000000000000e+05
4.815050000000000000e+05
5.361590000000000000e+05
6.003860000000000000e+05
6.779920000000000000e+05
7.665750000000000000e+05
8.786150000000000000e+05
1.014108000000000000e+06
1.177408000000000000e+06
1.381147000000000000e+06
1.639201000000000000e+06
1.960862000000000000e+06
2.371196000000000000e+06
2.887236000000000000e+06
3.520849000000000000e+06
4.274839000000000000e+06
5.087905000000000000e+06
5.827007000000000000e+06
6.284634000000000000e+06
6.287458000000000000e+06
5.831489000000000000e+06
5.091060000000000000e+06
4.278830000000000000e+06
3.522462000000000000e+06
2.884303000000000000e+06
2.370170000000000000e+06
1.963235000000000000e+06
1.639105000000000000e+06
1.383857000000000000e+06
1.178435000000000000e+06
1.012906000000000000e+06
8.779790000000000000e+05
7.684170000000000000e+05
6.774010000000000000e+05
5.997590000000000000e+05
5.364120000000000000e+05
4.813720000000000000e+05
4.332180000000000000e+05
3.930390000000000000e+05
3.580250000000000000e+05
3.264270000000000000e+05
2.987880000000000000e+05
2.762560000000000000e+05
2.554530000000000000e+05
2.358860000000000000e+05
2.192450000000000000e+05
2.030580000000000000e+05
1.899920000000000000e+05
1.775380000000000000e+05
1.661650000000000000e+05
1.567160000000000000e+05
1.466080000000000000e+05
1.387790000000000000e+05
1.317120000000000000e+05
1.242230000000000000e+05
1.175700000000000000e+05
1.113980000000000000e+05
1.058550000000000000e+05
1.000620000000000000e+05
9.583500000000000000e+04
9.076500000000000000e+04
8.643100000000000000e+04
8.266200000000000000e+04
7.991100000000000000e+04
7.569100000000000000e+04
7.303100000000000000e+04
6.956900000000000000e+04
6.680300000000000000e+04
6.402700000000000000e+04
