6.425000000000000000e+03
6.446000000000000000e+03
6.290000000000000000e+03
6.442000000000000000e+03
6.413000000000000000e+03
6.454000000000000000e+03
6.412000000000000000e+03
6.451000000000000000e+03
6.367000000000000000e+03
6.570000000000000000e+03
6.599000000000000000e+03
6.544000000000000000e+03
6.536000000000000000e+03
6.710000000000000000e+03
6.837000000000000000e+03
6.664000000000000000e+03
6.812000000000000000e+03
6.750000000000000000e+03
6.917000000000000000e+03
6.729000000000000000e+03
6.901000000000000000e+03
6.762000000000000000e+03
6.996000000000000000e+03
6.921000000000000000e+03
7.022000000000000000e+03
6.993000000000000000e+03
7.036000000000000000e+03
6.927000000000000000e+03
7.034000000000000000e+03
6.973000000000000000e+03
7.123000000000000000e+03
7.146000000000000000e+03
7.166000000000000000e+03
7.221000000000000000e+03
7.175000000000000000e+03
7.394000000000000000e+03
7.390000000000000000e+03
7.290000000000000000e+03
7.425000000000000000e+03
7.515000000000000000e+03
7.415000000000000000e+03
7.502000000000000000e+03
7.682000000000000000e+03
7.620000000000000000e+03
7.434000000000000000e+03
7.577000000000000000e+03
7.624000000000000000e+03
7.585000000000000000e+03
7.608000000000000000e+03
7.779000000000000000e+03
7.670000000000000000e+03
7.894000000000000000e+03
7.810000000000000000e+03
7.870000000000000000e+03
7.917000000000000000e+03
7.939000000000000000e+03
8.094000000000000000e+03
8.025000000000000000e+03
8.269000000000000000e+03
8.055000000000000000e+03
8.288000000000000000e+03
8.218000000000000000e+03
8.251000000000000000e+03
8.189000000000000000e+03
8.242000000000000000e+03
8.196000000000000000e+03
8.355000000000000000e+03
8.384000000000000000e+03
8.433000000000000000e+03
8.284000000000000000e+03
8.442000000000000000e+03
8.606000000000000000e+03
8.591000000000000000e+03
8.776000000000000000e+03
8.815000000000000000e+03
8.580000000000000000e+03
8.713000000000000000e+03
8.792000000000000000e+03
8.956000000000000000e+03
8.854000000000000000e+03
8.934000000000000000e+03
8.763000000000000000e+03
8.992000000000000000e+03
9.078000000000000000e+03
9.034000000000000000e+03
9.098000000000000000e+03
9.048000000000000000e+03
9.207000000000000000e+03
9.276000000000000000e+03
9.251000000000000000e+03
9.197000000000000000e+03
9.220000000000000000e+03
9.585000000000000000e+03
9.591000000000000000e+03
9.326000000000000000e+03
9.541000000000000000e+03
9.575000000000000000e+03
9.739000000000000000e+03
9.800000000000000000e+03
9.650000000000000000e+03
9.846000000000000000e+03
9.987000000000000000e+03
9.859000000000000000e+03
9.877000000000000000e+03
1.000200000000000000e+04
1.012800000000000000e+04
1.021600000000000000e+04
1.001400000000000000e+04
1.005600000000000000e+04
1.024700000000000000e+04
1.023600000000000000e+04
1.015900000000000000e+04
1.037200000000000000e+04
1.047600000000000000e+04
1.057200000000000000e+04
1.074000000000000000e+04
1.053900000000000000e+04
1.081900000000000000e+04
1.091600000000000000e+04
1.090500000000000000e+04
1.085500000000000000e+04
1.083800000000000000e+04
1.092200000000000000e+04
1.093900000000000000e+04
1.104700000000000000e+04
1.126000000000000000e+04
1.120200000000000000e+04
1.133200000000000000e+04
1.111500000000000000e+04
1.159100000000000000e+04
1.159200000000000000e+04
1.168000000000000000e+04
1.167200000000000000e+04
1.155300000000000000e+04
1.150400000000000000e+04
1.179800000000000000e+04
1.199400000000000000e+04
1.185700000000000000e+04
1.213800000000000000e+04
1.192200000000000000e+04
1.219300000000000000e+04
1.221100000000000000e+04
1.209300000000000000e+04
1.232300000000000000e+04
1.234300000000000000e+04
1.235100000000000000e+04
1.250700000000000000e+04
1.261800000000000000e+04
1.256900000000000000e+04
1.260600000000000000e+04
1.282000000000000000e+04
1.282400000000000000e+04
1.290900000000000000e+04
1.297000000000000000e+04
1.323400000000000000e+04
1.321300000000000000e+04
1.314700000000000000e+04
1.316900000000000000e+04
1.344700000000000000e+04
1.335600000000000000e+04
1.346900000000000000e+04
1.342700000000000000e+04
1.378100000000000000e+04
1.383600000000000000e+04
1.385400000000000000e+04
1.371800000000000000e+04
1.391400000000000000e+04
1.402400000000000000e+04
1.415400000000000000e+04
1.420800000000000000e+04
1.437800000000000000e+04
1.435400000000000000e+04
1.462800000000000000e+04
1.455200000000000000e+04
1.480400000000000000e+04
1.472900000000000000e+04
1.489300000000000000e+04
1.502700000000000000e+04
1.495700000000000000e+04
1.496500000000000000e+04
1.538400000000000000e+04
1.538800000000000000e+04
1.549000000000000000e+04
1.570700000000000000e+04
1.544300000000000000e+04
1.557900000000000000e+04
1.540500000000000000e+04
1.591500000000000000e+04
1.605600000000000000e+04
1.603400000000000000e+04
1.634600000000000000e+04
1.632600000000000000e+04
1.638000000000000000e+04
1.671500000000000000e+04
1.656800000000000000e+04
1.689000000000000000e+04
1.673800000000000000e+04
1.677700000000000000e+04
1.695700000000000000e+04
1.723100000000000000e+04
1.735500000000000000e+04
1.737400000000000000e+04
1.745400000000000000e+04
1.763300000000000000e+04
1.764700000000000000e+04
1.779300000000000000e+04
1.776500000000000000e+04
1.812200000000000000e+04
1.819900000000000000e+04
1.837400000000000000e+04
1.840500000000000000e+04
1.869400000000000000e+04
1.878100000000000000e+04
1.863100000000000000e+04
1.882500000000000000e+04
1.886900000000000000e+04
1.927400000000000000e+04
1.933600000000000000e+04
1.953600000000000000e+04
1.975200000000000000e+04
1.965600000000000000e+04
1.993600000000000000e+04
2.010000000000000000e+04
2.017900000000000000e+04
2.021000000000000000e+04
2.049400000000000000e+04
2.070700000000000000e+04
2.078400000000000000e+04
2.093600000000000000e+04
2.112900000000000000e+04
2.111800000000000000e+04
2.126600000000000000e+04
2.168400000000000000e+04
2.170600000000000000e+04
2.194400000000000000e+04
2.215100000000000000e+04
2.212800000000000000e+04
2.226200000000000000e+04
2.260400000000000000e+04
2.244700000000000000e+04
2.260900000000000000e+04
2.302000000000000000e+04
2.324700000000000000e+04
2.368700000000000000e+04
2.346900000000000000e+04
2.368300000000000000e+04
2.417700000000000000e+04
2.394300000000000000e+04
2.412200000000000000e+04
2.430200000000000000e+04
2.467400000000000000e+04
2.483200000000000000e+04
2.483500000000000000e+04
2.516500000000000000e+04
2.537600000000000000e+04
2.530900000000000000e+04
2.556500000000000000e+04
2.579100000000000000e+04
2.617700000000000000e+04
2.640200000000000000e+04
2.682800000000000000e+04
2.656900000000000000e+04
2.707000000000000000e+04
2.705300000000000000e+04
2.723400000000000000e+04
2.755500000000000000e+04
2.802700000000000000e+04
2.822100000000000000e+04
2.837400000000000000e+04
2.856200000000000000e+04
2.881000000000000000e+04
2.901700000000000000e+04
2.929500000000000000e+04
2.955500000000000000e+04
2.990200000000000000e+04
3.003600000000000000e+04
3.033600000000000000e+04
3.047300000000000000e+04
3.076900000000000000e+04
3.087200000000000000e+04
3.138100000000000000e+04
3.121300000000000000e+04
3.206100000000000000e+04
3.190600000000000000e+04
3.269100000000000000e+04
3.264700000000000000e+04
3.324000000000000000e+04
3.327900000000000000e+04
3.355600000000000000e+04
3.390000000000000000e+04
3.458600000000000000e+04
3.448200000000000000e+04
3.498400000000000000e+04
3.507700000000000000e+04
3.545700000000000000e+04
3.554900000000000000e+04
3.614500000000000000e+04
3.643200000000000000e+04
3.686100000000000000e+04
3.725300000000000000e+04
3.776600000000000000e+04
3.790600000000000000e+04
3.813700000000000000e+04
3.871000000000000000e+04
3.887800000000000000e+04
3.925700000000000000e+04
3.988400000000000000e+04
3.973100000000000000e+04
4.042300000000000000e+04
4.079700000000000000e+04
4.148600000000000000e+04
4.197000000000000000e+04
4.209200000000000000e+04
4.264400000000000000e+04
4.289900000000000000e+04
4.347300000000000000e+04
4.394300000000000000e+04
4.447900000000000000e+04
4.463000000000000000e+04
4.557600000000000000e+04
4.585500000000000000e+04
4.624900000000000000e+04
4.675400000000000000e+04
4.687200000000000000e+04
4.779000000000000000e+04
4.802200000000000000e+04
4.926200000000000000e+04
4.922400000000000000e+04
4.957200000000000000e+04
5.060800000000000000e+04
5.086700000000000000e+04
5.186800000000000000e+04
5.186100000000000000e+04
5.254000000000000000e+04
5.321000000000000000e+04
5.405800000000000000e+04
5.435000000000000000e+04
5.534200000000000000e+04
5.594600000000000000e+04
5.628600000000000000e+04
5.714000000000000000e+04
5.786100000000000000e+04
5.826100000000000000e+04
5.902100000000000000e+04
5.964800000000000000e+04
6.041900000000000000e+04
6.105900000000000000e+04
6.168500000000000000e+04
6.244000000000000000e+04
6.340000000000000000e+04
6.384200000000000000e+04
6.489100000000000000e+04
6.584700000000000000e+04
6.638100000000000000e+04
6.720400000000000000e+04
6.863100000000000000e+04
6.801400000000000000e+04
6.925900000000000000e+04
7.066900000000000000e+04
7.180000000000000000e+04
7.256800000000000000e+04
7.321100000000000000e+04
7.419100000000000000e+04
7.574100000000000000e+04
7.658200000000000000e+04
7.708600000000000000e+04
7.866500000000000000e+04
7.903400000000000000e+04
8.085300000000000000e+04
8.198200000000000000e+04
8.267200000000000000e+04
8.388800000000000000e+04
8.507900000000000000e+04
8.571700000000000000e+04
8.721200000000000000e+04
8.876000000000000000e+04
8.921900000000000000e+04
9.130100000000000000e+04
9.227100000000000000e+04
9.422500000000000000e+04
9.454000000000000000e+04
9.657000000000000000e+04
9.773000000000000000e+04
9.893100000000000000e+04
1.002870000000000000e+05
1.017510000000000000e+05
1.035740000000000000e+05
1.053380000000000000e+05
1.063930000000000000e+05
1.081060000000000000e+05
1.100840000000000000e+05
1.116250000000000000e+05
1.131330000000000000e+05
1.151500000000000000e+05
1.167460000000000000e+05
1.185490000000000000e+05
1.201060000000000000e+05
1.229310000000000000e+05
1.236810000000000000e+05
1.260480000000000000e+05
1.283470000000000000e+05
1.306230000000000000e+05
1.322760000000000000e+05
1.343680000000000000e+05
1.370040000000000000e+05
1.386970000000000000e+05
1.419910000000000000e+05
1.437560000000000000e+05
1.465070000000000000e+05
1.484460000000000000e+05
1.513100000000000000e+05
1.532500000000000000e+05
1.560100000000000000e+05
1.593370000000000000e+05
1.621270000000000000e+05
1.646350000000000000e+05
1.679200000000000000e+05
1.711820000000000000e+05
1.738670000000000000e+05
1.769230000000000000e+05
1.802970000000000000e+05
1.840850000000000000e+05
1.870180000000000000e+05
1.915870000000000000e+05
1.940760000000000000e+05
1.978070000000000000e+05
2.016250000000000000e+05
2.046210000000000000e+05
2.081620000000000000e+05
2.128960000000000000e+05
2.164820000000000000e+05
2.214680000000000000e+05
2.263880000000000000e+05
2.295720000000000000e+05
2.344820000000000000e+05
2.390120000000000000e+05
2.437720000000000000e+05
2.483760000000000000e+05
2.533440000000000000e+05
2.583260000000000000e+05
2.632410000000000000e+05
2.688540000000000000e+05
2.744960000000000000e+05
2.805960000000000000e+05
2.850800000000000000e+05
2.902570000000000000e+05
2.965470000000000000e+05
3.021230000000000000e+05
3.095920000000000000e+05
3.153070000000000000e+05
3.214280000000000000e+05
3.284150000000000000e+05
3.354870000000000000e+05
3.405230000000000000e+05
3.484030000000000000e+05
3.543600000000000000e+05
3.617230000000000000e+05
3.691730000000000000e+05
3.778470000000000000e+05
3.832030000000000000e+05
3.921930000000000000e+05
3.978150000000000000e+05
4.070960000000000000e+05
4.167000000000000000e+05
4.232000000000000000e+05
4.313050000000000000e+05
4.394660000000000000e+05
4.482980000000000000e+05
4.560830000000000000e+05
4.635590000000000000e+05
4.731130000000000000e+05
4.803560000000000000e+05
4.888990000000000000e+05
4.972630000000000000e+05
5.042110000000000000e+05
5.131700000000000000e+05
5.224890000000000000e+05
5.290870000000000000e+05
5.373290000000000000e+05
5.445710000000000000e+05
5.528040000000000000e+05
5.616890000000000000e+05
5.668300000000000000e+05
5.745360000000000000e+05
5.819400000000000000e+05
5.875460000000000000e+05
5.934230000000000000e+05
5.996720000000000000e+05
6.040410000000000000e+05
6.097890000000000000e+05
6.138070000000000000e+05
6.191170000000000000e+05
6.240810000000000000e+05
6.255510000000000000e+05
6.298390000000000000e+05
6.319390000000000000e+05
6.323000000000000000e+05
6.348340000000000000e+05
6.358850000000000000e+05
6.359950000000000000e+05
6.365860000000000000e+05
6.350780000000000000e+05
6.343450000000000000e+05
6.315990000000000000e+05
6.318930000000000000e+05
6.298380000000000000e+05
6.273000000000000000e+05
6.230710000000000000e+05
6.191400000000000000e+05
6.147520000000000000e+05
6.093490000000000000e+05
6.046700000000000000e+05
5.996110000000000000e+05
5.924470000000000000e+05
5.871930000000000000e+05
5.806800000000000000e+05
5.738550000000000000e+05
5.676890000000000000e+05
5.585530000000000000e+05
5.520050000000000000e+05
5.449310000000000000e+05
5.377880000000000000e+05
5.299090000000000000e+05
5.223830000000000000e+05
5.137080000000000000e+05
5.052090000000000000e+05
4.962410000000000000e+05
4.890170000000000000e+05
4.816420000000000000e+05
4.726700000000000000e+05
4.645090000000000000e+05
4.552180000000000000e+05
4.467220000000000000e+05
4.398850000000000000e+05
4.310210000000000000e+05
4.233260000000000000e+05
4.145770000000000000e+05
4.078210000000000000e+05
4.011880000000000000e+05
3.915030000000000000e+05
3.856560000000000000e+05
3.777270000000000000e+05
3.696990000000000000e+05
3.621220000000000000e+05
3.553500000000000000e+05
3.473300000000000000e+05
3.414320000000000000e+05
3.335280000000000000e+05
3.285320000000000000e+05
3.212780000000000000e+05
3.150940000000000000e+05
3.085900000000000000e+05
3.019450000000000000e+05
2.956750000000000000e+05
2.908820000000000000e+05
2.856310000000000000e+05
2.801500000000000000e+05
2.738900000000000000e+05
2.686610000000000000e+05
2.631900000000000000e+05
2.586100000000000000e+05
2.533060000000000000e+05
2.482120000000000000e+05
2.435970000000000000e+05
2.392800000000000000e+05
2.339100000000000000e+05
2.302710000000000000e+05
2.252200000000000000e+05
2.220370000000000000e+05
2.167530000000000000e+05
2.136900000000000000e+05
2.085480000000000000e+05
2.053060000000000000e+05
2.010400000000000000e+05
1.976060000000000000e+05
1.943210000000000000e+05
1.904190000000000000e+05
1.871340000000000000e+05
1.838250000000000000e+05
1.811440000000000000e+05
1.777440000000000000e+05
1.736770000000000000e+05
1.710610000000000000e+05
1.677010000000000000e+05
1.650910000000000000e+05
1.620490000000000000e+05
1.591370000000000000e+05
1.564270000000000000e+05
1.535140000000000000e+05
1.517660000000000000e+05
1.497470000000000000e+05
1.465890000000000000e+05
1.440620000000000000e+05
1.416940000000000000e+05
1.394230000000000000e+05
1.372820000000000000e+05
1.346560000000000000e+05
1.330660000000000000e+05
1.304800000000000000e+05
1.290460000000000000e+05
1.266230000000000000e+05
1.244200000000000000e+05
1.225260000000000000e+05
1.205820000000000000e+05
1.183750000000000000e+05
1.169090000000000000e+05
1.152760000000000000e+05
1.133150000000000000e+05
1.116600000000000000e+05
1.099410000000000000e+05
1.085280000000000000e+05
1.062460000000000000e+05
1.052150000000000000e+05
1.038900000000000000e+05
1.020220000000000000e+05
1.003840000000000000e+05
9.778500000000000000e+04
9.751400000000000000e+04
9.610100000000000000e+04
9.426700000000000000e+04
9.319800000000000000e+04
9.240600000000000000e+04
9.104100000000000000e+04
8.959300000000000000e+04
8.811700000000000000e+04
8.744900000000000000e+04
8.596200000000000000e+04
8.470200000000000000e+04
8.362200000000000000e+04
8.273800000000000000e+04
8.164400000000000000e+04
8.048600000000000000e+04
7.923800000000000000e+04
7.836500000000000000e+04
7.747400000000000000e+04
7.647200000000000000e+04
7.516300000000000000e+04
7.439000000000000000e+04
7.353300000000000000e+04
7.258700000000000000e+04
7.174100000000000000e+04
7.056100000000000000e+04
6.960700000000000000e+04
6.903600000000000000e+04
6.800500000000000000e+04
6.712900000000000000e+04
6.649300000000000000e+04
6.515400000000000000e+04
6.489800000000000000e+04
6.382700000000000000e+04
6.335400000000000000e+04
6.210800000000000000e+04
6.192200000000000000e+04
6.105400000000000000e+04
6.030300000000000000e+04
5.963200000000000000e+04
5.877900000000000000e+04
5.801300000000000000e+04
5.754600000000000000e+04
5.716500000000000000e+04
5.610000000000000000e+04
5.562200000000000000e+04
5.499600000000000000e+04
5.410000000000000000e+04
5.386100000000000000e+04
5.339600000000000000e+04
5.244800000000000000e+04
5.198700000000000000e+04
5.155300000000000000e+04
5.096200000000000000e+04
5.040100000000000000e+04
4.981100000000000000e+04
4.933000000000000000e+04
4.865500000000000000e+04
4.878000000000000000e+04
4.764400000000000000e+04
4.704800000000000000e+04
4.667300000000000000e+04
4.642000000000000000e+04
4.592400000000000000e+04
4.542700000000000000e+04
4.482400000000000000e+04
4.455900000000000000e+04
4.383100000000000000e+04
4.370600000000000000e+04
4.298500000000000000e+04
4.297100000000000000e+04
4.243200000000000000e+04
4.143200000000000000e+04
4.141300000000000000e+04
4.107700000000000000e+04
4.078800000000000000e+04
4.003900000000000000e+04
3.984300000000000000e+04
3.991000000000000000e+04
3.881200000000000000e+04
3.863600000000000000e+04
3.844400000000000000e+04
3.831800000000000000e+04
3.767200000000000000e+04
3.743400000000000000e+04
3.708700000000000000e+04
3.672000000000000000e+04
3.595400000000000000e+04
3.604700000000000000e+04
3.591600000000000000e+04
3.527400000000000000e+04
3.502100000000000000e+04
3.469400000000000000e+04
3.485600000000000000e+04
3.385900000000000000e+04
3.348900000000000000e+04
3.364400000000000000e+04
3.303900000000000000e+04
3.295800000000000000e+04
3.273300000000000000e+04
3.225900000000000000e+04
3.203700000000000000e+04
3.143100000000000000e+04
3.152200000000000000e+04
3.108000000000000000e+04
3.065800000000000000e+04
3.061200000000000000e+04
3.043900000000000000e+04
3.040500000000000000e+04
2.990600000000000000e+04
2.955700000000000000e+04
2.924800000000000000e+04
2.888200000000000000e+04
2.905500000000000000e+04
2.869500000000000000e+04
2.789400000000000000e+04
2.817800000000000000e+04
2.785400000000000000e+04
2.763300000000000000e+04
2.751600000000000000e+04
2.736300000000000000e+04
2.710300000000000000e+04
2.700400000000000000e+04
2.691300000000000000e+04
2.653200000000000000e+04
2.628500000000000000e+04
2.616800000000000000e+04
2.553700000000000000e+04
2.564600000000000000e+04
2.551300000000000000e+04
2.495600000000000000e+04
2.510600000000000000e+04
2.451200000000000000e+04
2.463000000000000000e+04
2.425500000000000000e+04
2.430200000000000000e+04
2.394800000000000000e+04
2.394900000000000000e+04
2.345900000000000000e+04
2.373100000000000000e+04
2.326100000000000000e+04
2.311500000000000000e+04
2.278800000000000000e+04
2.249800000000000000e+04
2.280600000000000000e+04
2.247100000000000000e+04
2.210200000000000000e+04
2.221500000000000000e+04
2.197400000000000000e+04
2.180900000000000000e+04
2.161300000000000000e+04
2.159900000000000000e+04
2.156800000000000000e+04
2.111200000000000000e+04
2.106200000000000000e+04
2.068400000000000000e+04
2.078500000000000000e+04
2.045800000000000000e+04
2.051000000000000000e+04
2.021300000000000000e+04
2.038600000000000000e+04
2.002500000000000000e+04
1.986800000000000000e+04
1.967900000000000000e+04
1.960100000000000000e+04
1.922500000000000000e+04
1.954500000000000000e+04
1.919000000000000000e+04
1.912400000000000000e+04
1.905300000000000000e+04
1.874100000000000000e+04
1.869300000000000000e+04
1.868400000000000000e+04
1.854700000000000000e+04
1.840800000000000000e+04
1.824600000000000000e+04
1.808800000000000000e+04
1.800000000000000000e+04
1.767400000000000000e+04
1.791900000000000000e+04
1.744100000000000000e+04
1.756300000000000000e+04
1.721000000000000000e+04
1.743800000000000000e+04
1.723800000000000000e+04
1.707900000000000000e+04
1.706900000000000000e+04
1.667400000000000000e+04
1.665800000000000000e+04
1.651700000000000000e+04
1.656400000000000000e+04
1.622300000000000000e+04
1.654700000000000000e+04
1.620600000000000000e+04
1.608000000000000000e+04
1.590400000000000000e+04
1.604400000000000000e+04
1.593700000000000000e+04
1.577500000000000000e+04
1.542200000000000000e+04
1.566200000000000000e+04
1.556300000000000000e+04
1.547500000000000000e+04
1.529500000000000000e+04
1.487600000000000000e+04
1.514900000000000000e+04
1.494100000000000000e+04
1.488800000000000000e+04
1.469100000000000000e+04
1.479000000000000000e+04
1.473600000000000000e+04
1.467700000000000000e+04
1.463500000000000000e+04
1.436200000000000000e+04
1.420500000000000000e+04
1.417200000000000000e+04
1.399100000000000000e+04
1.397800000000000000e+04
1.390600000000000000e+04
1.379000000000000000e+04
1.379100000000000000e+04
1.359900000000000000e+04
1.330800000000000000e+04
1.354300000000000000e+04
1.353200000000000000e+04
1.337600000000000000e+04
1.326400000000000000e+04
1.323800000000000000e+04
1.315900000000000000e+04
1.306900000000000000e+04
1.291000000000000000e+04
1.275500000000000000e+04
1.287200000000000000e+04
1.273100000000000000e+04
1.267800000000000000e+04
1.253400000000000000e+04
1.255800000000000000e+04
1.254700000000000000e+04
1.217400000000000000e+04
1.256700000000000000e+04
1.229300000000000000e+04
1.233700000000000000e+04
1.213000000000000000e+04
1.230200000000000000e+04
1.182000000000000000e+04
1.191800000000000000e+04
1.176100000000000000e+04
1.192300000000000000e+04
1.176800000000000000e+04
1.146300000000000000e+04
1.144600000000000000e+04
1.141900000000000000e+04
1.147900000000000000e+04
1.143700000000000000e+04
1.135100000000000000e+04
1.140600000000000000e+04
1.136800000000000000e+04
1.113600000000000000e+04
1.103300000000000000e+04
1.109400000000000000e+04
1.096100000000000000e+04
1.089600000000000000e+04
1.093000000000000000e+04
1.087200000000000000e+04
1.067600000000000000e+04
1.070900000000000000e+04
1.096000000000000000e+04
1.058100000000000000e+04
1.066900000000000000e+04
1.065400000000000000e+04
1.032900000000000000e+04
1.037000000000000000e+04
1.026700000000000000e+04
1.022400000000000000e+04
1.013000000000000000e+04
1.006800000000000000e+04
1.017400000000000000e+04
1.005700000000000000e+04
9.956000000000000000e+03
9.960000000000000000e+03
1.002100000000000000e+04
1.001300000000000000e+04
9.668000000000000000e+03
9.772000000000000000e+03
9.814000000000000000e+03
9.790000000000000000e+03
9.788000000000000000e+03
9.686000000000000000e+03
9.644000000000000000e+03
9.517000000000000000e+03
9.376000000000000000e+03
9.371000000000000000e+03
9.325000000000000000e+03
9.414000000000000000e+03
9.352000000000000000e+03
9.307000000000000000e+03
9.163000000000000000e+03
9.152000000000000000e+03
9.166000000000000000e+03
9.131000000000000000e+03
9.131000000000000000e+03
8.910000000000000000e+03
9.052000000000000000e+03
8.920000000000000000e+03
8.814000000000000000e+03
8.797000000000000000e+03
8.860000000000000000e+03
8.701000000000000000e+03
8.739000000000000000e+03
8.846000000000000000e+03
8.603000000000000000e+03
8.480000000000000000e+03
8.653000000000000000e+03
8.632000000000000000e+03
8.451000000000000000e+03
8.473000000000000000e+03
8.289000000000000000e+03
8.345000000000000000e+03
8.246000000000000000e+03
8.384000000000000000e+03
8.248000000000000000e+03
8.255000000000000000e+03
8.174000000000000000e+03
8.054000000000000000e+03
8.093000000000000000e+03
8.035000000000000000e+03
7.980000000000000000e+03
7.790000000000000000e+03
8.056000000000000000e+03
7.912000000000000000e+03
7.921000000000000000e+03
7.808000000000000000e+03
7.842000000000000000e+03
7.788000000000000000e+03
7.790000000000000000e+03
7.749000000000000000e+03
7.864000000000000000e+03
7.781000000000000000e+03
7.751000000000000000e+03
7.569000000000000000e+03
7.583000000000000000e+03
7.558000000000000000e+03
7.627000000000000000e+03
7.538000000000000000e+03
7.388000000000000000e+03
7.354000000000000000e+03
7.410000000000000000e+03
7.508000000000000000e+03
7.369000000000000000e+03
7.298000000000000000e+03
7.375000000000000000e+03
7.151000000000000000e+03
7.322000000000000000e+03
7.109000000000000000e+03
7.230000000000000000e+03
6.955000000000000000e+03
7.106000000000000000e+03
7.018000000000000000e+03
6.976000000000000000e+03
6.979000000000000000e+03
7.039000000000000000e+03
6.817000000000000000e+03
7.029000000000000000e+03
6.863000000000000000e+03
6.842000000000000000e+03
6.818000000000000000e+03
6.804000000000000000e+03
6.750000000000000000e+03
6.581000000000000000e+03
6.809000000000000000e+03
6.630000000000000000e+03
6.543000000000000000e+03
6.615000000000000000e+03
6.512000000000000000e+03
6.520000000000000000e+03
6.652000000000000000e+03
6.539000000000000000e+03
6.451000000000000000e+03
6.494000000000000000e+03
6.471000000000000000e+03
6.322000000000000000e+03
6.408000000000000000e+03
6.368000000000000000e+03
6.315000000000000000e+03
