6.313000000000000000e+03
6.327000000000000000e+03
6.433000000000000000e+03
6.237000000000000000e+03
6.189000000000000000e+03
6.451000000000000000e+03
6.493000000000000000e+03
6.326000000000000000e+03
6.493000000000000000e+03
6.646000000000000000e+03
6.497000000000000000e+03
6.564000000000000000e+03
6.528000000000000000e+03
6.640000000000000000e+03
6.617000000000000000e+03
6.778000000000000000e+03
6.875000000000000000e+03
6.941000000000000000e+03
6.766000000000000000e+03
6.815000000000000000e+03
6.816000000000000000e+03
6.951000000000000000e+03
6.921000000000000000e+03
7.072000000000000000e+03
6.936000000000000000e+03
6.780000000000000000e+03
7.122000000000000000e+03
6.992000000000000000e+03
7.127000000000000000e+03
7.126000000000000000e+03
7.103000000000000000e+03
7.013000000000000000e+03
7.161000000000000000e+03
7.251000000000000000e+03
7.223000000000000000e+03
7.393000000000000000e+03
7.229000000000000000e+03
7.332000000000000000e+03
7.475000000000000000e+03
7.453000000000000000e+03
7.439000000000000000e+03
7.589000000000000000e+03
7.517000000000000000e+03
7.338000000000000000e+03
7.535000000000000000e+03
7.723000000000000000e+03
7.706000000000000000e+03
7.594000000000000000e+03
7.787000000000000000e+03
7.928000000000000000e+03
7.859000000000000000e+03
7.859000000000000000e+03
7.968000000000000000e+03
7.893000000000000000e+03
7.778000000000000000e+03
7.930000000000000000e+03
8.068000000000000000e+03
7.962000000000000000e+03
7.901000000000000000e+03
8.078000000000000000e+03
8.163000000000000000e+03
8.209000000000000000e+03
7.967000000000000000e+03
8.235000000000000000e+03
8.267000000000000000e+03
8.323000000000000000e+03
8.366000000000000000e+03
8.488000000000000000e+03
8.614000000000000000e+03
8.432000000000000000e+03
8.607000000000000000e+03
8.537000000000000000e+03
8.674000000000000000e+03
8.640000000000000000e+03
8.708000000000000000e+03
8.718000000000000000e+03
8.728000000000000000e+03
8.738000000000000000e+03
8.999000000000000000e+03
8.898000000000000000e+03
8.912000000000000000e+03
9.033000000000000000e+03
8.795000000000000000e+03
9.041000000000000000e+03
9.096000000000000000e+03
9.183000000000000000e+03
9.240000000000000000e+03
9.140000000000000000e+03
9.343000000000000000e+03
9.068000000000000000e+03
9.470000000000000000e+03
9.294000000000000000e+03
9.464000000000000000e+03
9.608000000000000000e+03
9.446000000000000000e+03
9.717000000000000000e+03
9.745000000000000000e+03
9.518000000000000000e+03
9.811000000000000000e+03
9.918000000000000000e+03
9.712000000000000000e+03
9.975000000000000000e+03
9.961000000000000000e+03
9.971000000000000000e+03
1.019200000000000000e+04
1.024100000000000000e+04
1.015600000000000000e+04
1.020000000000000000e+04
1.009900000000000000e+04
9.999000000000000000e+03
1.022500000000000000e+04
1.027400000000000000e+04
1.062400000000000000e+04
1.035900000000000000e+04
1.072700000000000000e+04
1.065100000000000000e+04
1.066900000000000000e+04
1.057800000000000000e+04
1.068200000000000000e+04
1.090400000000000000e+04
1.089800000000000000e+04
1.094200000000000000e+04
1.081800000000000000e+04
1.096300000000000000e+04
1.101800000000000000e+04
1.098000000000000000e+04
1.128600000000000000e+04
1.122300000000000000e+04
1.126500000000000000e+04
1.127300000000000000e+04
1.138900000000000000e+04
1.164700000000000000e+04
1.146400000000000000e+04
1.154300000000000000e+04
1.175400000000000000e+04
1.173300000000000000e+04
1.169400000000000000e+04
1.186300000000000000e+04
1.201600000000000000e+04
1.188400000000000000e+04
1.194900000000000000e+04
1.216400000000000000e+04
1.210400000000000000e+04
1.235900000000000000e+04
1.233400000000000000e+04
1.246300000000000000e+04
1.241000000000000000e+04
1.219700000000000000e+04
1.265000000000000000e+04
1.269300000000000000e+04
1.259800000000000000e+04
1.288100000000000000e+04
1.297200000000000000e+04
1.292800000000000000e+04
1.310100000000000000e+04
1.343300000000000000e+04
1.334600000000000000e+04
1.322900000000000000e+04
1.318200000000000000e+04
1.346500000000000000e+04
1.377300000000000000e+04
1.366700000000000000e+04
1.365700000000000000e+04
1.371900000000000000e+04
1.397600000000000000e+04
1.402500000000000000e+04
1.410300000000000000e+04
1.421400000000000000e+04
1.398700000000000000e+04
1.426300000000000000e+04
1.439700000000000000e+04
1.404600000000000000e+04
1.452900000000000000e+04
1.435500000000000000e+04
1.456400000000000000e+04
1.472900000000000000e+04
1.494400000000000000e+04
1.497800000000000000e+04
1.491800000000000000e+04
1.510400000000000000e+04
1.530200000000000000e+04
1.549100000000000000e+04
1.536100000000000000e+04
1.563100000000000000e+04
1.552400000000000000e+04
1.569000000000000000e+04
1.542900000000000000e+04
1.607500000000000000e+04
1.607300000000000000e+04
1.608000000000000000e+04
1.631600000000000000e+04
1.629700000000000000e+04
1.618600000000000000e+04
1.653100000000000000e+04
1.653500000000000000e+04
1.663700000000000000e+04
1.685800000000000000e+04
1.681600000000000000e+04
1.715200000000000000e+04
1.707400000000000000e+04
1.716900000000000000e+04
1.719000000000000000e+04
1.749500000000000000e+04
1.773200000000000000e+04
1.774400000000000000e+04
1.815400000000000000e+04
1.784600000000000000e+04
1.794800000000000000e+04
1.810800000000000000e+04
1.845100000000000000e+04
1.811900000000000000e+04
1.830700000000000000e+04
1.866700000000000000e+04
1.905700000000000000e+04
1.891700000000000000e+04
1.898800000000000000e+04
1.926400000000000000e+04
1.930600000000000000e+04
1.954500000000000000e+04
1.972400000000000000e+04
1.989800000000000000e+04
2.001600000000000000e+04
2.026000000000000000e+04
2.022600000000000000e+04
2.031300000000000000e+04
2.054800000000000000e+04
2.094600000000000000e+04
2.055300000000000000e+04
2.091800000000000000e+04
2.111600000000000000e+04
2.110800000000000000e+04
2.144500000000000000e+04
2.155600000000000000e+04
2.126600000000000000e+04
2.195900000000000000e+04
2.162400000000000000e+04
2.219600000000000000e+04
2.236200000000000000e+04
2.240500000000000000e+04
2.277700000000000000e+04
2.282400000000000000e+04
2.294000000000000000e+04
2.331800000000000000e+04
2.342700000000000000e+04
2.364100000000000000e+04
2.347700000000000000e+04
2.415000000000000000e+04
2.390500000000000000e+04
2.406200000000000000e+04
2.466000000000000000e+04
2.446600000000000000e+04
2.469300000000000000e+04
2.504600000000000000e+04
2.499600000000000000e+04
2.549200000000000000e+04
2.521000000000000000e+04
2.562000000000000000e+04
2.601800000000000000e+04
2.585400000000000000e+04
2.660400000000000000e+04
2.657500000000000000e+04
2.685300000000000000e+04
2.700300000000000000e+04
2.740600000000000000e+04
2.756000000000000000e+04
2.780100000000000000e+04
2.786900000000000000e+04
2.799500000000000000e+04
2.846700000000000000e+04
2.892400000000000000e+04
2.873300000000000000e+04
2.916200000000000000e+04
2.927100000000000000e+04
2.955000000000000000e+04
2.982000000000000000e+04
3.047600000000000000e+04
3.035900000000000000e+04
3.059500000000000000e+04
3.089400000000000000e+04
3.119500000000000000e+04
3.119600000000000000e+04
3.168300000000000000e+04
3.220200000000000000e+04
3.234000000000000000e+04
3.271200000000000000e+04
3.272600000000000000e+04
3.331400000000000000e+04
3.348200000000000000e+04
3.364200000000000000e+04
3.404500000000000000e+04
3.457500000000000000e+04
3.467700000000000000e+04
3.526000000000000000e+04
3.522000000000000000e+04
3.547200000000000000e+04
3.600100000000000000e+04
3.622300000000000000e+04
3.666200000000000000e+04
3.651700000000000000e+04
3.716800000000000000e+04
3.772400000000000000e+04
3.799200000000000000e+04
3.871800000000000000e+04
3.862100000000000000e+04
3.911400000000000000e+04
3.913700000000000000e+04
3.991700000000000000e+04
4.017500000000000000e+04
4.079700000000000000e+04
4.098300000000000000e+04
4.143300000000000000e+04
4.173800000000000000e+04
4.198700000000000000e+04
4.265400000000000000e+04
4.317000000000000000e+04
4.355500000000000000e+04
4.409700000000000000e+04
4.445600000000000000e+04
4.460300000000000000e+04
4.564700000000000000e+04
4.564400000000000000e+04
4.616700000000000000e+04
4.681700000000000000e+04
4.712800000000000000e+04
4.764800000000000000e+04
4.830100000000000000e+04
4.867000000000000000e+04
4.943200000000000000e+04
4.981700000000000000e+04
5.064600000000000000e+04
5.118200000000000000e+04
5.164400000000000000e+04
5.238300000000000000e+04
5.271000000000000000e+04
5.326800000000000000e+04
5.378400000000000000e+04
5.413900000000000000e+04
5.519600000000000000e+04
5.537100000000000000e+04
5.636400000000000000e+04
5.729800000000000000e+04
5.751100000000000000e+04
5.849700000000000000e+04
5.879800000000000000e+04
5.985400000000000000e+04
5.978400000000000000e+04
6.127100000000000000e+04
6.175900000000000000e+04
6.261700000000000000e+04
6.321000000000000000e+04
6.402900000000000000e+04
6.468900000000000000e+04
6.602100000000000000e+04
6.613700000000000000e+04
6.764800000000000000e+04
6.813900000000000000e+04
6.874000000000000000e+04
7.013000000000000000e+04
7.098900000000000000e+04
7.198800000000000000e+04
7.242000000000000000e+04
7.315700000000000000e+04
7.483500000000000000e+04
7.550300000000000000e+04
7.585900000000000000e+04
7.726000000000000000e+04
7.867200000000000000e+04
7.950000000000000000e+04
7.991400000000000000e+04
8.135700000000000000e+04
8.318800000000000000e+04
8.354400000000000000e+04
8.490700000000000000e+04
8.606700000000000000e+04
8.755500000000000000e+04
8.893000000000000000e+04
8.975200000000000000e+04
9.088200000000000000e+04
9.163300000000000000e+04
9.387600000000000000e+04
9.498000000000000000e+04
9.635300000000000000e+04
9.791000000000000000e+04
9.909600000000000000e+04
1.003660000000000000e+05
1.017170000000000000e+05
1.029850000000000000e+05
1.052740000000000000e+05
1.066440000000000000e+05
1.079600000000000000e+05
1.101530000000000000e+05
1.111200000000000000e+05
1.131670000000000000e+05
1.150410000000000000e+05
1.159880000000000000e+05
1.183450000000000000e+05
1.206180000000000000e+05
1.225020000000000000e+05
1.238040000000000000e+05
1.269810000000000000e+05
1.288260000000000000e+05
1.302930000000000000e+05
1.324420000000000000e+05
1.350300000000000000e+05
1.369970000000000000e+05
1.401850000000000000e+05
1.412620000000000000e+05
1.442100000000000000e+05
1.460080000000000000e+05
1.493050000000000000e+05
1.506100000000000000e+05
1.550250000000000000e+05
1.562740000000000000e+05
1.585840000000000000e+05
1.623920000000000000e+05
1.646990000000000000e+05
1.681620000000000000e+05
1.695620000000000000e+05
1.742780000000000000e+05
1.773570000000000000e+05
1.802750000000000000e+05
1.844520000000000000e+05
1.874550000000000000e+05
1.917230000000000000e+05
1.941810000000000000e+05
1.976490000000000000e+05
2.020930000000000000e+05
2.057710000000000000e+05
2.084780000000000000e+05
2.126800000000000000e+05
2.167310000000000000e+05
2.221350000000000000e+05
2.257210000000000000e+05
2.299360000000000000e+05
2.349200000000000000e+05
2.390340000000000000e+05
2.432410000000000000e+05
2.480150000000000000e+05
2.532910000000000000e+05
2.586150000000000000e+05
2.630370000000000000e+05
2.688120000000000000e+05
2.744710000000000000e+05
2.786790000000000000e+05
2.852700000000000000e+05
2.921260000000000000e+05
2.973310000000000000e+05
3.030160000000000000e+05
3.078810000000000000e+05
3.136190000000000000e+05
3.215790000000000000e+05
3.280610000000000000e+05
3.358430000000000000e+05
3.407440000000000000e+05
3.478460000000000000e+05
3.557960000000000000e+05
3.613270000000000000e+05
3.699240000000000000e+05
3.773470000000000000e+05
3.851890000000000000e+05
3.915480000000000000e+05
4.002020000000000000e+05
4.061190000000000000e+05
4.156060000000000000e+05
4.236060000000000000e+05
4.317240000000000000e+05
4.392410000000000000e+05
4.491780000000000000e+05
4.548420000000000000e+05
4.646550000000000000e+05
4.708920000000000000e+05
4.804140000000000000e+05
4.899380000000000000e+05
4.983110000000000000e+05
5.052000000000000000e+05
5.137470000000000000e+05
5.196830000000000000e+05
5.308420000000000000e+05
5.378780000000000000e+05
5.451890000000000000e+05
5.530710000000000000e+05
5.598520000000000000e+05
5.674150000000000000e+05
5.738980000000000000e+05
5.803150000000000000e+05
5.878060000000000000e+05
5.931620000000000000e+05
5.995270000000000000e+05
6.037320000000000000e+05
6.085760000000000000e+05
6.160230000000000000e+05
6.168260000000000000e+05
6.233870000000000000e+05
6.271840000000000000e+05
6.267270000000000000e+05
6.316450000000000000e+05
6.326960000000000000e+05
6.348440000000000000e+05
6.368180000000000000e+05
6.369510000000000000e+05
6.356850000000000000e+05
6.360200000000000000e+05
6.349000000000000000e+05
6.334710000000000000e+05
6.306910000000000000e+05
6.305790000000000000e+05
6.256030000000000000e+05
6.222980000000000000e+05
6.182260000000000000e+05
6.144170000000000000e+05
6.099910000000000000e+05
6.047620000000000000e+05
6.003050000000000000e+05
5.926280000000000000e+05
5.863820000000000000e+05
5.808900000000000000e+05
5.730730000000000000e+05
5.660000000000000000e+05
5.606750000000000000e+05
5.520890000000000000e+05
5.450030000000000000e+05
5.357260000000000000e+05
5.294690000000000000e+05
5.213480000000000000e+05
5.138210000000000000e+05
5.051940000000000000e+05
4.970050000000000000e+05
4.889780000000000000e+05
4.816000000000000000e+05
4.723240000000000000e+05
4.647790000000000000e+05
4.559250000000000000e+05
4.487570000000000000e+05
4.394070000000000000e+05
4.318330000000000000e+05
4.229300000000000000e+05
4.148590000000000000e+05
4.069200000000000000e+05
3.999960000000000000e+05
3.922740000000000000e+05
3.845080000000000000e+05
3.768600000000000000e+05
3.691600000000000000e+05
3.638720000000000000e+05
3.546190000000000000e+05
3.478900000000000000e+05
3.415420000000000000e+05
3.338450000000000000e+05
3.280490000000000000e+05
3.216300000000000000e+05
3.151490000000000000e+05
3.086000000000000000e+05
3.021630000000000000e+05
2.976680000000000000e+05
2.917610000000000000e+05
2.846070000000000000e+05
2.798950000000000000e+05
2.752210000000000000e+05
2.688920000000000000e+05
2.641010000000000000e+05
2.589280000000000000e+05
2.525230000000000000e+05
2.479930000000000000e+05
2.426860000000000000e+05
2.388490000000000000e+05
2.340620000000000000e+05
2.296980000000000000e+05
2.264430000000000000e+05
2.213840000000000000e+05
2.166120000000000000e+05
2.127250000000000000e+05
2.099990000000000000e+05
2.057640000000000000e+05
2.014710000000000000e+05
1.982600000000000000e+05
1.933270000000000000e+05
1.907830000000000000e+05
1.871270000000000000e+05
1.836780000000000000e+05
1.805210000000000000e+05
1.774400000000000000e+05
1.742080000000000000e+05
1.708330000000000000e+05
1.682040000000000000e+05
1.653560000000000000e+05
1.618200000000000000e+05
1.592200000000000000e+05
1.565540000000000000e+05
1.541370000000000000e+05
1.514490000000000000e+05
1.495450000000000000e+05
1.467890000000000000e+05
1.433940000000000000e+05
1.415240000000000000e+05
1.391810000000000000e+05
1.374450000000000000e+05
1.349920000000000000e+05
1.323490000000000000e+05
1.305280000000000000e+05
1.290440000000000000e+05
1.267150000000000000e+05
1.243390000000000000e+05
1.225610000000000000e+05
1.197060000000000000e+05
1.186090000000000000e+05
1.162920000000000000e+05
1.147170000000000000e+05
1.126150000000000000e+05
1.111670000000000000e+05
1.094110000000000000e+05
1.081080000000000000e+05
1.065810000000000000e+05
1.046180000000000000e+05
1.035120000000000000e+05
1.023510000000000000e+05
1.004480000000000000e+05
9.923900000000000000e+04
9.750200000000000000e+04
9.595900000000000000e+04
9.478100000000000000e+04
9.336000000000000000e+04
9.244100000000000000e+04
9.109900000000000000e+04
8.978100000000000000e+04
8.905200000000000000e+04
8.704300000000000000e+04
8.602700000000000000e+04
8.493300000000000000e+04
8.334900000000000000e+04
8.272500000000000000e+04
8.147600000000000000e+04
8.037700000000000000e+04
7.965600000000000000e+04
7.859100000000000000e+04
7.677200000000000000e+04
7.612600000000000000e+04
7.511700000000000000e+04
7.413700000000000000e+04
7.350300000000000000e+04
7.262000000000000000e+04
7.191700000000000000e+04
7.095200000000000000e+04
7.013500000000000000e+04
6.881200000000000000e+04
6.818300000000000000e+04
6.773100000000000000e+04
6.591600000000000000e+04
6.594800000000000000e+04
6.499500000000000000e+04
6.372400000000000000e+04
6.310000000000000000e+04
6.253900000000000000e+04
6.189900000000000000e+04
6.051000000000000000e+04
6.048100000000000000e+04
5.999100000000000000e+04
5.858500000000000000e+04
5.880400000000000000e+04
5.772300000000000000e+04
5.673600000000000000e+04
5.640000000000000000e+04
5.575200000000000000e+04
5.502600000000000000e+04
5.481600000000000000e+04
5.372200000000000000e+04
5.347000000000000000e+04
5.254100000000000000e+04
5.197700000000000000e+04
5.152500000000000000e+04
5.086000000000000000e+04
5.044000000000000000e+04
5.017500000000000000e+04
4.931300000000000000e+04
4.920000000000000000e+04
4.819500000000000000e+04
4.745700000000000000e+04
4.737200000000000000e+04
4.683300000000000000e+04
4.584800000000000000e+04
4.585300000000000000e+04
4.552000000000000000e+04
4.498900000000000000e+04
4.464700000000000000e+04
4.379100000000000000e+04
4.356600000000000000e+04
4.298700000000000000e+04
4.234300000000000000e+04
4.239200000000000000e+04
4.177300000000000000e+04
4.134300000000000000e+04
4.093400000000000000e+04
4.054300000000000000e+04
4.066100000000000000e+04
3.969500000000000000e+04
3.931600000000000000e+04
3.872900000000000000e+04
3.866200000000000000e+04
3.820900000000000000e+04
3.801300000000000000e+04
3.794600000000000000e+04
3.738300000000000000e+04
3.674100000000000000e+04
3.639700000000000000e+04
3.629700000000000000e+04
3.591800000000000000e+04
3.551100000000000000e+04
3.547200000000000000e+04
3.496000000000000000e+04
3.479600000000000000e+04
3.428400000000000000e+04
3.364500000000000000e+04
3.384000000000000000e+04
3.358500000000000000e+04
3.312200000000000000e+04
3.274300000000000000e+04
3.245600000000000000e+04
3.214700000000000000e+04
3.204500000000000000e+04
3.144700000000000000e+04
3.129000000000000000e+04
3.121400000000000000e+04
3.081000000000000000e+04
3.048900000000000000e+04
3.050600000000000000e+04
3.022100000000000000e+04
2.988400000000000000e+04
2.951200000000000000e+04
2.917600000000000000e+04
2.904400000000000000e+04
2.903700000000000000e+04
2.870500000000000000e+04
2.826200000000000000e+04
2.846100000000000000e+04
2.751500000000000000e+04
2.786500000000000000e+04
2.727600000000000000e+04
2.721700000000000000e+04
2.711900000000000000e+04
2.652400000000000000e+04
2.635200000000000000e+04
2.641800000000000000e+04
2.639400000000000000e+04
2.616400000000000000e+04
2.581600000000000000e+04
2.544400000000000000e+04
2.507900000000000000e+04
2.510700000000000000e+04
2.469200000000000000e+04
2.480400000000000000e+04
2.450800000000000000e+04
2.436700000000000000e+04
2.441700000000000000e+04
2.400600000000000000e+04
2.408000000000000000e+04
2.346500000000000000e+04
2.346100000000000000e+04
2.305900000000000000e+04
2.317000000000000000e+04
2.290200000000000000e+04
2.273200000000000000e+04
2.243600000000000000e+04
2.257900000000000000e+04
2.227500000000000000e+04
2.180000000000000000e+04
2.200200000000000000e+04
2.170800000000000000e+04
2.158700000000000000e+04
2.145300000000000000e+04
2.133100000000000000e+04
2.109900000000000000e+04
2.091000000000000000e+04
2.069900000000000000e+04
2.090000000000000000e+04
2.061400000000000000e+04
2.067700000000000000e+04
2.023400000000000000e+04
2.042300000000000000e+04
2.015600000000000000e+04
1.968400000000000000e+04
1.965000000000000000e+04
1.937100000000000000e+04
1.948500000000000000e+04
1.923200000000000000e+04
1.933700000000000000e+04
1.903400000000000000e+04
1.879900000000000000e+04
1.885700000000000000e+04
1.859800000000000000e+04
1.840800000000000000e+04
1.832500000000000000e+04
1.817000000000000000e+04
1.833700000000000000e+04
1.833600000000000000e+04
1.797300000000000000e+04
1.801600000000000000e+04
1.751900000000000000e+04
1.758400000000000000e+04
1.752500000000000000e+04
1.752800000000000000e+04
1.754000000000000000e+04
1.700900000000000000e+04
1.723000000000000000e+04
1.703900000000000000e+04
1.695500000000000000e+04
1.675100000000000000e+04
1.659500000000000000e+04
1.661900000000000000e+04
1.641600000000000000e+04
1.640100000000000000e+04
1.623000000000000000e+04
1.625600000000000000e+04
1.615400000000000000e+04
1.568600000000000000e+04
1.577700000000000000e+04
1.570300000000000000e+04
1.549700000000000000e+04
1.526400000000000000e+04
1.533600000000000000e+04
1.513700000000000000e+04
1.548500000000000000e+04
1.521700000000000000e+04
1.490900000000000000e+04
1.496400000000000000e+04
1.490600000000000000e+04
1.473900000000000000e+04
1.472700000000000000e+04
1.456400000000000000e+04
1.452100000000000000e+04
1.424700000000000000e+04
1.434800000000000000e+04
1.421400000000000000e+04
1.417400000000000000e+04
1.385000000000000000e+04
1.411000000000000000e+04
1.371400000000000000e+04
1.377600000000000000e+04
1.356900000000000000e+04
1.376000000000000000e+04
1.357300000000000000e+04
1.365900000000000000e+04
1.328800000000000000e+04
1.344000000000000000e+04
1.332500000000000000e+04
1.323900000000000000e+04
1.312200000000000000e+04
1.288100000000000000e+04
1.283200000000000000e+04
1.296000000000000000e+04
1.290400000000000000e+04
1.280800000000000000e+04
1.272700000000000000e+04
1.263800000000000000e+04
1.261100000000000000e+04
1.228800000000000000e+04
1.270100000000000000e+04
1.243300000000000000e+04
1.211400000000000000e+04
1.212200000000000000e+04
1.201100000000000000e+04
1.205400000000000000e+04
1.200300000000000000e+04
1.191500000000000000e+04
1.198700000000000000e+04
1.200400000000000000e+04
1.173400000000000000e+04
1.160600000000000000e+04
1.167000000000000000e+04
1.145900000000000000e+04
1.149200000000000000e+04
1.143700000000000000e+04
1.133900000000000000e+04
1.134000000000000000e+04
1.131700000000000000e+04
1.117200000000000000e+04
1.128000000000000000e+04
1.101800000000000000e+04
1.107200000000000000e+04
1.093000000000000000e+04
1.093400000000000000e+04
1.088900000000000000e+04
1.073600000000000000e+04
1.071100000000000000e+04
1.069300000000000000e+04
1.053000000000000000e+04
1.067600000000000000e+04
1.048100000000000000e+04
1.035900000000000000e+04
1.028900000000000000e+04
1.039000000000000000e+04
1.025900000000000000e+04
1.019800000000000000e+04
1.006900000000000000e+04
1.019000000000000000e+04
1.014200000000000000e+04
1.022800000000000000e+04
9.963000000000000000e+03
9.797000000000000000e+03
9.839000000000000000e+03
9.812000000000000000e+03
9.731000000000000000e+03
9.637000000000000000e+03
9.645000000000000000e+03
9.807000000000000000e+03
9.454000000000000000e+03
9.545000000000000000e+03
9.707000000000000000e+03
9.290000000000000000e+03
9.344000000000000000e+03
9.342000000000000000e+03
9.214000000000000000e+03
9.336000000000000000e+03
9.172000000000000000e+03
9.330000000000000000e+03
9.163000000000000000e+03
9.225000000000000000e+03
9.193000000000000000e+03
8.968000000000000000e+03
9.025000000000000000e+03
8.990000000000000000e+03
8.828000000000000000e+03
8.824000000000000000e+03
8.762000000000000000e+03
8.687000000000000000e+03
8.741000000000000000e+03
8.723000000000000000e+03
8.557000000000000000e+03
8.659000000000000000e+03
8.508000000000000000e+03
8.651000000000000000e+03
8.417000000000000000e+03
8.465000000000000000e+03
8.408000000000000000e+03
8.262000000000000000e+03
8.280000000000000000e+03
8.246000000000000000e+03
8.543000000000000000e+03
8.278000000000000000e+03
8.260000000000000000e+03
8.203000000000000000e+03
8.219000000000000000e+03
8.292000000000000000e+03
7.974000000000000000e+03
8.217000000000000000e+03
8.044000000000000000e+03
7.858000000000000000e+03
7.927000000000000000e+03
7.895000000000000000e+03
7.927000000000000000e+03
7.828000000000000000e+03
7.703000000000000000e+03
7.631000000000000000e+03
7.589000000000000000e+03
7.752000000000000000e+03
7.695000000000000000e+03
7.566000000000000000e+03
7.656000000000000000e+03
7.697000000000000000e+03
7.541000000000000000e+03
7.487000000000000000e+03
7.335000000000000000e+03
7.353000000000000000e+03
7.372000000000000000e+03
7.096000000000000000e+03
7.281000000000000000e+03
7.242000000000000000e+03
7.255000000000000000e+03
7.352000000000000000e+03
7.161000000000000000e+03
7.112000000000000000e+03
7.041000000000000000e+03
7.217000000000000000e+03
7.013000000000000000e+03
6.955000000000000000e+03
7.195000000000000000e+03
7.103000000000000000e+03
6.989000000000000000e+03
7.073000000000000000e+03
6.701000000000000000e+03
6.837000000000000000e+03
6.683000000000000000e+03
6.828000000000000000e+03
6.802000000000000000e+03
6.750000000000000000e+03
6.776000000000000000e+03
6.594000000000000000e+03
6.670000000000000000e+03
6.735000000000000000e+03
6.493000000000000000e+03
6.523000000000000000e+03
6.667000000000000000e+03
6.639000000000000000e+03
6.668000000000000000e+03
6.370000000000000000e+03
6.428000000000000000e+03
6.482000000000000000e+03
6.359000000000000000e+03
6.466000000000000000e+03
6.489000000000000000e+03
6.251000000000000000e+03
6.264000000000000000e+03
