6.416100000000000000e+04
6.725700000000000000e+04
6.941100000000000000e+04
7.235600000000000000e+04
7.653000000000000000e+04
7.896000000000000000e+04
8.234400000000000000e+04
8.707000000000000000e+04
9.130700000000000000e+04
9.579900000000000000e+04
1.005400000000000000e+05
1.056280000000000000e+05
1.117640000000000000e+05
1.174610000000000000e+05
1.239790000000000000e+05
1.309110000000000000e+05
1.388070000000000000e+05
1.469020000000000000e+05
1.563480000000000000e+05
1.663820000000000000e+05
1.778980000000000000e+05
1.906890000000000000e+05
2.041050000000000000e+05
2.182210000000000000e+05
2.355420000000000000e+05
2.549120000000000000e+05
2.761770000000000000e+05
2.992410000000000000e+05
3.265070000000000000e+05
3.571100000000000000e+05
3.922320000000000000e+05
4.331700000000000000e+05
4.802600000000000000e+05
5.370390000000000000e+05
6.001190000000000000e+05
6.768940000000000000e+05
7.682770000000000000e+05
8.783670000000000000e+05
1.012966000000000000e+06
1.178094000000000000e+06
1.383235000000000000e+06
1.639008000000000000e+06
1.960535000000000000e+06
2.370104000000000000e+06
2.888421000000000000e+06
3.520629000000000000e+06
4.272765000000000000e+06
5.091700000000000000e+06
5.834964000000000000e+06
6.281915000000000000e+06
6.282416000000000000e+06
5.827108000000000000e+06
5.092538000000000000e+06
4.273990000000000000e+06
3.523028000000000000e+06
2.885640000000000000e+06
2.371033000000000000e+06
1.963735000000000000e+06
1.639185000000000000e+06
1.382738000000000000e+06
1.178529000000000000e+06
1.013187000000000000e+06
8.773400000000000000e+05
7.696530000000000000e+05
6.757730000000000000e+05
6.004010000000000000e+05
5.358600000000000000e+05
4.800410000000000000e+05
4.337940000000000000e+05
3.932300000000000000e+05
3.577510000000000000e+05
3.269630000000000000e+05
3.000090000000000000e+05
2.751160000000000000e+05
2.548190000000000000e+05
2.358910000000000000e+05
2.192000000000000000e+05
2.040490000000000000e+05
1.901390000000000000e+05
1.774570000000000000e+05
1.663870000000000000e+05
1.562240000000000000e+05
1.475300000000000000e+05
1.395460000000000000e+05
1.310070000000000000e+05
1.240690000000000000e+05
1.182810000000000000e+05
1.111810000000000000e+05
1.061270000000000000e+05
1.003440000000000000e+05
9.594800000000000000e+04
9.170600000000000000e+04
8.681100000000000000e+04
8.333000000000000000e+04
7.979000000000000000e+04
7.580900000000000000e+04
7.230300000000000000e+04
6.981300000000000000e+04
6.697200000000000000e+04
6.417400000000000000e+04
