6.414800000000000000e+04
6.687100000000000000e+04
6.922500000000000000e+04
7.252900000000000000e+04
7.660800000000000000e+04
7.968400000000000000e+04
8.308000000000000000e+04
8.676000000000000000e+04
9.098900000000000000e+04
9.551700000000000000e+04
9.998600000000000000e+04
1.057470000000000000e+05
1.116920000000000000e+05
1.174180000000000000e+05
1.242970000000000000e+05
1.311940000000000000e+05
1.383490000000000000e+05
1.468770000000000000e+05
1.560550000000000000e+05
1.664590000000000000e+05
1.780080000000000000e+05
1.901530000000000000e+05
2.040060000000000000e+05
2.186120000000000000e+05
2.362930000000000000e+05
2.548790000000000000e+05
2.757920000000000000e+05
2.998750000000000000e+05
3.268250000000000000e+05
3.574050000000000000e+05
3.936460000000000000e+05
4.333630000000000000e+05
4.808230000000000000e+05
5.361260000000000000e+05
6.005910000000000000e+05
6.760090000000000000e+05
7.698580000000000000e+05
8.797600000000000000e+05
1.013011000000000000e+06
1.175756000000000000e+06
1.381804000000000000e+06
1.639746000000000000e+06
1.962661000000000000e+06
2.370764000000000000e+06
2.888245000000000000e+06
3.520066000000000000e+06
4.273320000000000000e+06
5.090412000000000000e+06
5.828065000000000000e+06
6.283323000000000000e+06
6.287120000000000000e+06
5.828947000000000000e+06
5.089106000000000000e+06
4.279017000000000000e+06
3.519114000000000000e+06
2.888530000000000000e+06
2.369631000000000000e+06
1.960281000000000000e+06
1.639008000000000000e+06
1.383138000000000000e+06
1.178673000000000000e+06
1.014735000000000000e+06
8.789580000000000000e+05
7.690290000000000000e+05
6.768020000000000000e+05
6.008600000000000000e+05
5.372980000000000000e+05
4.803710000000000000e+05
4.329860000000000000e+05
3.933380000000000000e+05
3.581440000000000000e+05
3.271210000000000000e+05
2.988520000000000000e+05
2.756180000000000000e+05
2.553820000000000000e+05
2.358040000000000000e+05
2.179780000000000000e+05
2.024090000000000000e+05
1.902950000000000000e+05
1.784760000000000000e+05
1.665360000000000000e+05
1.563550000000000000e+05
1.467470000000000000e+05
1.389170000000000000e+05
1.313850000000000000e+05
1.241340000000000000e+05
1.177040000000000000e+05
1.111980000000000000e+05
1.054830000000000000e+05
1.002360000000000000e+05
9.643400000000000000e+04
9.081200000000000000e+04
8.632100000000000000e+04
8.292100000000000000e+04
7.982600000000000000e+04
7.614000000000000000e+04
7.323900000000000000e+04
6.913700000000000000e+04
6.653400000000000000e+04
6.447400000000000000e+04
