6.211000000000000000e+03
6.430000000000000000e+03
6.441000000000000000e+03
6.377000000000000000e+03
6.460000000000000000e+03
6.339000000000000000e+03
6.518000000000000000e+03
6.433000000000000000e+03
6.379000000000000000e+03
6.503000000000000000e+03
6.596000000000000000e+03
6.625000000000000000e+03
6.574000000000000000e+03
6.616000000000000000e+03
6.663000000000000000e+03
6.699000000000000000e+03
6.724000000000000000e+03
6.720000000000000000e+03
6.854000000000000000e+03
6.743000000000000000e+03
6.947000000000000000e+03
6.948000000000000000e+03
6.836000000000000000e+03
6.930000000000000000e+03
7.053000000000000000e+03
7.020000000000000000e+03
7.152000000000000000e+03
7.082000000000000000e+03
7.141000000000000000e+03
7.131000000000000000e+03
7.052000000000000000e+03
7.145000000000000000e+03
7.243000000000000000e+03
7.197000000000000000e+03
7.204000000000000000e+03
7.386000000000000000e+03
7.497000000000000000e+03
7.410000000000000000e+03
7.412000000000000000e+03
7.332000000000000000e+03
7.537000000000000000e+03
7.684000000000000000e+03
7.651000000000000000e+03
7.649000000000000000e+03
7.504000000000000000e+03
7.682000000000000000e+03
7.814000000000000000e+03
7.805000000000000000e+03
7.743000000000000000e+03
7.818000000000000000e+03
7.627000000000000000e+03
7.834000000000000000e+03
7.624000000000000000e+03
7.899000000000000000e+03
7.977000000000000000e+03
7.948000000000000000e+03
7.986000000000000000e+03
8.123000000000000000e+03
8.041000000000000000e+03
8.084000000000000000e+03
8.070000000000000000e+03
8.260000000000000000e+03
8.145000000000000000e+03
8.080000000000000000e+03
8.272000000000000000e+03
8.125000000000000000e+03
8.091000000000000000e+03
8.126000000000000000e+03
8.435000000000000000e+03
8.440000000000000000e+03
8.360000000000000000e+03
8.489000000000000000e+03
8.629000000000000000e+03
8.594000000000000000e+03
8.570000000000000000e+03
8.502000000000000000e+03
8.612000000000000000e+03
8.780000000000000000e+03
8.689000000000000000e+03
8.847000000000000000e+03
9.058000000000000000e+03
8.913000000000000000e+03
9.104000000000000000e+03
8.980000000000000000e+03
9.176000000000000000e+03
9.144000000000000000e+03
9.196000000000000000e+03
9.364000000000000000e+03
9.395000000000000000e+03
9.498000000000000000e+03
9.333000000000000000e+03
9.293000000000000000e+03
9.470000000000000000e+03
9.443000000000000000e+03
9.393000000000000000e+03
9.563000000000000000e+03
9.759000000000000000e+03
9.751000000000000000e+03
9.662000000000000000e+03
9.752000000000000000e+03
9.843000000000000000e+03
9.848000000000000000e+03
9.922000000000000000e+03
1.007500000000000000e+04
9.946000000000000000e+03
9.996000000000000000e+03
1.023200000000000000e+04
1.032300000000000000e+04
1.017300000000000000e+04
1.019700000000000000e+04
1.040800000000000000e+04
1.043400000000000000e+04
1.035100000000000000e+04
1.044500000000000000e+04
1.077400000000000000e+04
1.045000000000000000e+04
1.070100000000000000e+04
1.071700000000000000e+04
1.064900000000000000e+04
1.100200000000000000e+04
1.072200000000000000e+04
1.090000000000000000e+04
1.099000000000000000e+04
1.099200000000000000e+04
1.116400000000000000e+04
1.111500000000000000e+04
1.141600000000000000e+04
1.126300000000000000e+04
1.124400000000000000e+04
1.161900000000000000e+04
1.161800000000000000e+04
1.150600000000000000e+04
1.159500000000000000e+04
1.156000000000000000e+04
1.179600000000000000e+04
1.194200000000000000e+04
1.164900000000000000e+04
1.202000000000000000e+04
1.187800000000000000e+04
1.204800000000000000e+04
1.219000000000000000e+04
1.203000000000000000e+04
1.220800000000000000e+04
1.220900000000000000e+04
1.239000000000000000e+04
1.247100000000000000e+04
1.250300000000000000e+04
1.254600000000000000e+04
1.258000000000000000e+04
1.280800000000000000e+04
1.256900000000000000e+04
1.276800000000000000e+04
1.293900000000000000e+04
1.295000000000000000e+04
1.313800000000000000e+04
1.320900000000000000e+04
1.322600000000000000e+04
1.320400000000000000e+04
1.333500000000000000e+04
1.336600000000000000e+04
1.352000000000000000e+04
1.359500000000000000e+04
1.367700000000000000e+04
1.373200000000000000e+04
1.388400000000000000e+04
1.391900000000000000e+04
1.408400000000000000e+04
1.429600000000000000e+04
1.419200000000000000e+04
1.446100000000000000e+04
1.440800000000000000e+04
1.436700000000000000e+04
1.464000000000000000e+04
1.430000000000000000e+04
1.465500000000000000e+04
1.473700000000000000e+04
1.485500000000000000e+04
1.499700000000000000e+04
1.505700000000000000e+04
1.497100000000000000e+04
1.532200000000000000e+04
1.525600000000000000e+04
1.553100000000000000e+04
1.533700000000000000e+04
1.546300000000000000e+04
1.575000000000000000e+04
1.574200000000000000e+04
1.597500000000000000e+04
1.601300000000000000e+04
1.622200000000000000e+04
1.630200000000000000e+04
1.612100000000000000e+04
1.634100000000000000e+04
1.630900000000000000e+04
1.659300000000000000e+04
1.683900000000000000e+04
1.680500000000000000e+04
1.699600000000000000e+04
1.694900000000000000e+04
1.692200000000000000e+04
1.742300000000000000e+04
1.766400000000000000e+04
1.737000000000000000e+04
1.779100000000000000e+04
1.766800000000000000e+04
1.787100000000000000e+04
1.800400000000000000e+04
1.790200000000000000e+04
1.846600000000000000e+04
1.829600000000000000e+04
1.825700000000000000e+04
1.847300000000000000e+04
1.877600000000000000e+04
1.883100000000000000e+04
1.882700000000000000e+04
1.901400000000000000e+04
1.901900000000000000e+04
1.929500000000000000e+04
1.962500000000000000e+04
1.961900000000000000e+04
1.989600000000000000e+04
1.965000000000000000e+04
2.016700000000000000e+04
2.039400000000000000e+04
2.014000000000000000e+04
2.057700000000000000e+04
2.065300000000000000e+04
2.110100000000000000e+04
2.068000000000000000e+04
2.123600000000000000e+04
2.125600000000000000e+04
2.150000000000000000e+04
2.139700000000000000e+04
2.161000000000000000e+04
2.159500000000000000e+04
2.179900000000000000e+04
2.187500000000000000e+04
2.218700000000000000e+04
2.258900000000000000e+04
2.284300000000000000e+04
2.271200000000000000e+04
2.300600000000000000e+04
2.311800000000000000e+04
2.327600000000000000e+04
2.364900000000000000e+04
2.399400000000000000e+04
2.386300000000000000e+04
2.407500000000000000e+04
2.444800000000000000e+04
2.450900000000000000e+04
2.418500000000000000e+04
2.471700000000000000e+04
2.501600000000000000e+04
2.510800000000000000e+04
2.550500000000000000e+04
2.602500000000000000e+04
2.568400000000000000e+04
2.581400000000000000e+04
2.624400000000000000e+04
2.638000000000000000e+04
2.672100000000000000e+04
2.694700000000000000e+04
2.707400000000000000e+04
2.720400000000000000e+04
2.747800000000000000e+04
2.808700000000000000e+04
2.783200000000000000e+04
2.823500000000000000e+04
2.840400000000000000e+04
2.851300000000000000e+04
2.885700000000000000e+04
2.916000000000000000e+04
2.919000000000000000e+04
2.953400000000000000e+04
3.007700000000000000e+04
2.988900000000000000e+04
3.029500000000000000e+04
3.074800000000000000e+04
3.055200000000000000e+04
3.130600000000000000e+04
3.131800000000000000e+04
3.195400000000000000e+04
3.177700000000000000e+04
3.213200000000000000e+04
3.269800000000000000e+04
3.284000000000000000e+04
3.315200000000000000e+04
3.344700000000000000e+04
3.378300000000000000e+04
3.415000000000000000e+04
3.451200000000000000e+04
3.462700000000000000e+04
3.471800000000000000e+04
3.508300000000000000e+04
3.565700000000000000e+04
3.582100000000000000e+04
3.622900000000000000e+04
3.651300000000000000e+04
3.719400000000000000e+04
3.743100000000000000e+04
3.763200000000000000e+04
3.762400000000000000e+04
3.818400000000000000e+04
3.866800000000000000e+04
3.952700000000000000e+04
3.921500000000000000e+04
3.970100000000000000e+04
4.048000000000000000e+04
4.068400000000000000e+04
4.131600000000000000e+04
4.128200000000000000e+04
4.184500000000000000e+04
4.242600000000000000e+04
4.238800000000000000e+04
4.342600000000000000e+04
4.332900000000000000e+04
4.418400000000000000e+04
4.438400000000000000e+04
4.479700000000000000e+04
4.485300000000000000e+04
4.585800000000000000e+04
4.592500000000000000e+04
4.688100000000000000e+04
4.696700000000000000e+04
4.795000000000000000e+04
4.862400000000000000e+04
4.857200000000000000e+04
4.943100000000000000e+04
4.993400000000000000e+04
5.084300000000000000e+04
5.075000000000000000e+04
5.158300000000000000e+04
5.224100000000000000e+04
5.257800000000000000e+04
5.330200000000000000e+04
5.348400000000000000e+04
5.454600000000000000e+04
5.486100000000000000e+04
5.567100000000000000e+04
5.629300000000000000e+04
5.695200000000000000e+04
5.791400000000000000e+04
5.804300000000000000e+04
5.893100000000000000e+04
5.935500000000000000e+04
6.033500000000000000e+04
6.093500000000000000e+04
6.161800000000000000e+04
6.267700000000000000e+04
6.351300000000000000e+04
6.441800000000000000e+04
6.481600000000000000e+04
6.557400000000000000e+04
6.646000000000000000e+04
6.775700000000000000e+04
6.820600000000000000e+04
6.897300000000000000e+04
6.966300000000000000e+04
7.061500000000000000e+04
7.185100000000000000e+04
7.228800000000000000e+04
7.304300000000000000e+04
7.461300000000000000e+04
7.588800000000000000e+04
7.648200000000000000e+04
7.758400000000000000e+04
7.831400000000000000e+04
7.910200000000000000e+04
8.055100000000000000e+04
8.144700000000000000e+04
8.257600000000000000e+04
8.388500000000000000e+04
8.430400000000000000e+04
8.596000000000000000e+04
8.701100000000000000e+04
8.811400000000000000e+04
9.014500000000000000e+04
9.122000000000000000e+04
9.206100000000000000e+04
9.334400000000000000e+04
9.516600000000000000e+04
9.629900000000000000e+04
9.786600000000000000e+04
9.948400000000000000e+04
1.004390000000000000e+05
1.021070000000000000e+05
1.036110000000000000e+05
1.049460000000000000e+05
1.061600000000000000e+05
1.088040000000000000e+05
1.103710000000000000e+05
1.115180000000000000e+05
1.134100000000000000e+05
1.148410000000000000e+05
1.167440000000000000e+05
1.192280000000000000e+05
1.200270000000000000e+05
1.228040000000000000e+05
1.246980000000000000e+05
1.269760000000000000e+05
1.286090000000000000e+05
1.302460000000000000e+05
1.322270000000000000e+05
1.350450000000000000e+05
1.359330000000000000e+05
1.393880000000000000e+05
1.413630000000000000e+05
1.439200000000000000e+05
1.461830000000000000e+05
1.487340000000000000e+05
1.513130000000000000e+05
1.540920000000000000e+05
1.571080000000000000e+05
1.600720000000000000e+05
1.624330000000000000e+05
1.647840000000000000e+05
1.677510000000000000e+05
1.713450000000000000e+05
1.748850000000000000e+05
1.771110000000000000e+05
1.808230000000000000e+05
1.836670000000000000e+05
1.873510000000000000e+05
1.906560000000000000e+05
1.943110000000000000e+05
1.975970000000000000e+05
2.016950000000000000e+05
2.056480000000000000e+05
2.083110000000000000e+05
2.123710000000000000e+05
2.166870000000000000e+05
2.220300000000000000e+05
2.256150000000000000e+05
2.287000000000000000e+05
2.337770000000000000e+05
2.390300000000000000e+05
2.443920000000000000e+05
2.477500000000000000e+05
2.536670000000000000e+05
2.581600000000000000e+05
2.634020000000000000e+05
2.687190000000000000e+05
2.738920000000000000e+05
2.792560000000000000e+05
2.853910000000000000e+05
2.911810000000000000e+05
2.958290000000000000e+05
3.027380000000000000e+05
3.081970000000000000e+05
3.160240000000000000e+05
3.209390000000000000e+05
3.273470000000000000e+05
3.341310000000000000e+05
3.413230000000000000e+05
3.485670000000000000e+05
3.549470000000000000e+05
3.625680000000000000e+05
3.696050000000000000e+05
3.761740000000000000e+05
3.852930000000000000e+05
3.911850000000000000e+05
4.008480000000000000e+05
4.067650000000000000e+05
4.153160000000000000e+05
4.232830000000000000e+05
4.316040000000000000e+05
4.399880000000000000e+05
4.466090000000000000e+05
4.562980000000000000e+05
4.640060000000000000e+05
4.716000000000000000e+05
4.816540000000000000e+05
4.885420000000000000e+05
4.978610000000000000e+05
5.051490000000000000e+05
5.143470000000000000e+05
5.212280000000000000e+05
5.296720000000000000e+05
5.376820000000000000e+05
5.452000000000000000e+05
5.529970000000000000e+05
5.595840000000000000e+05
5.674220000000000000e+05
5.747750000000000000e+05
5.822710000000000000e+05
5.875150000000000000e+05
5.933640000000000000e+05
5.990830000000000000e+05
6.035860000000000000e+05
6.089300000000000000e+05
6.155740000000000000e+05
6.186720000000000000e+05
6.222240000000000000e+05
6.243100000000000000e+05
6.293650000000000000e+05
6.315750000000000000e+05
6.328000000000000000e+05
6.351510000000000000e+05
6.360620000000000000e+05
6.361510000000000000e+05
6.362160000000000000e+05
6.343450000000000000e+05
6.339350000000000000e+05
6.319710000000000000e+05
6.326240000000000000e+05
6.295050000000000000e+05
6.267540000000000000e+05
6.237520000000000000e+05
6.191120000000000000e+05
6.145550000000000000e+05
6.086820000000000000e+05
6.036430000000000000e+05
5.990810000000000000e+05
5.923760000000000000e+05
5.855260000000000000e+05
5.804660000000000000e+05
5.748390000000000000e+05
5.669780000000000000e+05
5.595940000000000000e+05
5.517860000000000000e+05
5.449570000000000000e+05
5.377450000000000000e+05
5.301750000000000000e+05
5.220560000000000000e+05
5.141770000000000000e+05
5.044890000000000000e+05
4.982430000000000000e+05
4.887180000000000000e+05
4.817440000000000000e+05
4.712830000000000000e+05
4.639810000000000000e+05
4.556460000000000000e+05
4.471740000000000000e+05
4.401080000000000000e+05
4.305700000000000000e+05
4.232450000000000000e+05
4.145350000000000000e+05
4.074290000000000000e+05
3.993850000000000000e+05
3.917930000000000000e+05
3.850670000000000000e+05
3.754730000000000000e+05
3.693650000000000000e+05
3.618570000000000000e+05
3.556590000000000000e+05
3.482090000000000000e+05
3.418050000000000000e+05
3.343900000000000000e+05
3.277430000000000000e+05
3.207200000000000000e+05
3.154700000000000000e+05
3.088400000000000000e+05
3.036850000000000000e+05
2.970660000000000000e+05
2.905190000000000000e+05
2.856960000000000000e+05
2.795990000000000000e+05
2.734910000000000000e+05
2.684930000000000000e+05
2.638190000000000000e+05
2.581580000000000000e+05
2.529790000000000000e+05
2.479170000000000000e+05
2.435130000000000000e+05
2.393210000000000000e+05
2.344420000000000000e+05
2.302810000000000000e+05
2.250050000000000000e+05
2.210370000000000000e+05
2.171790000000000000e+05
2.136480000000000000e+05
2.083400000000000000e+05
2.059620000000000000e+05
2.015060000000000000e+05
1.975350000000000000e+05
1.941230000000000000e+05
1.906910000000000000e+05
1.863730000000000000e+05
1.833610000000000000e+05
1.801540000000000000e+05
1.773150000000000000e+05
1.746650000000000000e+05
1.715380000000000000e+05
1.684000000000000000e+05
1.651030000000000000e+05
1.625110000000000000e+05
1.591960000000000000e+05
1.568460000000000000e+05
1.539310000000000000e+05
1.517520000000000000e+05
1.485550000000000000e+05
1.467090000000000000e+05
1.439600000000000000e+05
1.412990000000000000e+05
1.393470000000000000e+05
1.364880000000000000e+05
1.347380000000000000e+05
1.330490000000000000e+05
1.306520000000000000e+05
1.282380000000000000e+05
1.265000000000000000e+05
1.238260000000000000e+05
1.227120000000000000e+05
1.208070000000000000e+05
1.186090000000000000e+05
1.169980000000000000e+05
1.155860000000000000e+05
1.135760000000000000e+05
1.118720000000000000e+05
1.103780000000000000e+05
1.083880000000000000e+05
1.064420000000000000e+05
1.043530000000000000e+05
1.032460000000000000e+05
1.022820000000000000e+05
1.005350000000000000e+05
9.925100000000000000e+04
9.791900000000000000e+04
9.620700000000000000e+04
9.524400000000000000e+04
9.361300000000000000e+04
9.260500000000000000e+04
9.065600000000000000e+04
8.985900000000000000e+04
8.812000000000000000e+04
8.674900000000000000e+04
8.630100000000000000e+04
8.471800000000000000e+04
8.366100000000000000e+04
8.292900000000000000e+04
8.135900000000000000e+04
8.018200000000000000e+04
7.927400000000000000e+04
7.844000000000000000e+04
7.724500000000000000e+04
7.651000000000000000e+04
7.555400000000000000e+04
7.428800000000000000e+04
7.330100000000000000e+04
7.257200000000000000e+04
7.139700000000000000e+04
7.068900000000000000e+04
6.983800000000000000e+04
6.887200000000000000e+04
6.782700000000000000e+04
6.737500000000000000e+04
6.663400000000000000e+04
6.563900000000000000e+04
6.528100000000000000e+04
6.395400000000000000e+04
6.317500000000000000e+04
6.274200000000000000e+04
6.193200000000000000e+04
6.127400000000000000e+04
6.009800000000000000e+04
5.964200000000000000e+04
5.911800000000000000e+04
5.811900000000000000e+04
5.752600000000000000e+04
5.698200000000000000e+04
5.631500000000000000e+04
5.542700000000000000e+04
5.516100000000000000e+04
5.465000000000000000e+04
5.360200000000000000e+04
5.317100000000000000e+04
5.271900000000000000e+04
5.219400000000000000e+04
5.167300000000000000e+04
5.106900000000000000e+04
5.064800000000000000e+04
5.000900000000000000e+04
4.926100000000000000e+04
4.884000000000000000e+04
4.824800000000000000e+04
4.751700000000000000e+04
4.751000000000000000e+04
4.705800000000000000e+04
4.617300000000000000e+04
4.579500000000000000e+04
4.513200000000000000e+04
4.483800000000000000e+04
4.460800000000000000e+04
4.391300000000000000e+04
4.337400000000000000e+04
4.347000000000000000e+04
4.266800000000000000e+04
4.235200000000000000e+04
4.170900000000000000e+04
4.149100000000000000e+04
4.120500000000000000e+04
4.055200000000000000e+04
4.024500000000000000e+04
3.981000000000000000e+04
3.941000000000000000e+04
3.901800000000000000e+04
3.852500000000000000e+04
3.859000000000000000e+04
3.796100000000000000e+04
3.725400000000000000e+04
3.699500000000000000e+04
3.685800000000000000e+04
3.640500000000000000e+04
3.636300000000000000e+04
3.600500000000000000e+04
3.550700000000000000e+04
3.488700000000000000e+04
3.495400000000000000e+04
3.454100000000000000e+04
3.424300000000000000e+04
3.376900000000000000e+04
3.358900000000000000e+04
3.374300000000000000e+04
3.327000000000000000e+04
3.294700000000000000e+04
3.270300000000000000e+04
3.225800000000000000e+04
3.214400000000000000e+04
3.166600000000000000e+04
3.165100000000000000e+04
3.105700000000000000e+04
3.084500000000000000e+04
3.068700000000000000e+04
3.035400000000000000e+04
2.976400000000000000e+04
2.955400000000000000e+04
2.979800000000000000e+04
2.909400000000000000e+04
2.911700000000000000e+04
2.885900000000000000e+04
2.885900000000000000e+04
2.864700000000000000e+04
2.800000000000000000e+04
2.776100000000000000e+04
2.771300000000000000e+04
2.722500000000000000e+04
2.715900000000000000e+04
2.712400000000000000e+04
2.675000000000000000e+04
2.657200000000000000e+04
2.651500000000000000e+04
2.611100000000000000e+04
2.597800000000000000e+04
2.575100000000000000e+04
2.557100000000000000e+04
2.545200000000000000e+04
2.519900000000000000e+04
2.506500000000000000e+04
2.455400000000000000e+04
2.454700000000000000e+04
2.445000000000000000e+04
2.437300000000000000e+04
2.369900000000000000e+04
2.402300000000000000e+04
2.361800000000000000e+04
2.351900000000000000e+04
2.349700000000000000e+04
2.297900000000000000e+04
2.263100000000000000e+04
2.287800000000000000e+04
2.233700000000000000e+04
2.228500000000000000e+04
2.225300000000000000e+04
2.207000000000000000e+04
2.194000000000000000e+04
2.169300000000000000e+04
2.140000000000000000e+04
2.139900000000000000e+04
2.134500000000000000e+04
2.139800000000000000e+04
2.102900000000000000e+04
2.094700000000000000e+04
2.058900000000000000e+04
2.069500000000000000e+04
2.055900000000000000e+04
2.003800000000000000e+04
1.988900000000000000e+04
1.992100000000000000e+04
1.985800000000000000e+04
1.975100000000000000e+04
1.934600000000000000e+04
1.931500000000000000e+04
1.924700000000000000e+04
1.915600000000000000e+04
1.897300000000000000e+04
1.898800000000000000e+04
1.851300000000000000e+04
1.873600000000000000e+04
1.844900000000000000e+04
1.848200000000000000e+04
1.825400000000000000e+04
1.831800000000000000e+04
1.794000000000000000e+04
1.806100000000000000e+04
1.769300000000000000e+04
1.757700000000000000e+04
1.767100000000000000e+04
1.744800000000000000e+04
1.721600000000000000e+04
1.737200000000000000e+04
1.704800000000000000e+04
1.700100000000000000e+04
1.707500000000000000e+04
1.682900000000000000e+04
1.686600000000000000e+04
1.674800000000000000e+04
1.638300000000000000e+04
1.657200000000000000e+04
1.631500000000000000e+04
1.611000000000000000e+04
1.600600000000000000e+04
1.599600000000000000e+04
1.579800000000000000e+04
1.583700000000000000e+04
1.549200000000000000e+04
1.564600000000000000e+04
1.564900000000000000e+04
1.548300000000000000e+04
1.534100000000000000e+04
1.519700000000000000e+04
1.509500000000000000e+04
1.498700000000000000e+04
1.476300000000000000e+04
1.489200000000000000e+04
1.480000000000000000e+04
1.465400000000000000e+04
1.446900000000000000e+04
1.469100000000000000e+04
1.421300000000000000e+04
1.442900000000000000e+04
1.421300000000000000e+04
1.411700000000000000e+04
1.396000000000000000e+04
1.388100000000000000e+04
1.386400000000000000e+04
1.375200000000000000e+04
1.366100000000000000e+04
1.351800000000000000e+04
1.340400000000000000e+04
1.360700000000000000e+04
1.339300000000000000e+04
1.347700000000000000e+04
1.327400000000000000e+04
1.330800000000000000e+04
1.325900000000000000e+04
1.308500000000000000e+04
1.286700000000000000e+04
1.270400000000000000e+04
1.277200000000000000e+04
1.264300000000000000e+04
1.256900000000000000e+04
1.252700000000000000e+04
1.268500000000000000e+04
1.255800000000000000e+04
1.243000000000000000e+04
1.240900000000000000e+04
1.219500000000000000e+04
1.235900000000000000e+04
1.214200000000000000e+04
1.198200000000000000e+04
1.218500000000000000e+04
1.195400000000000000e+04
1.208600000000000000e+04
1.195600000000000000e+04
1.171100000000000000e+04
1.165200000000000000e+04
1.173500000000000000e+04
1.151900000000000000e+04
1.168000000000000000e+04
1.147400000000000000e+04
1.144600000000000000e+04
1.142700000000000000e+04
1.118000000000000000e+04
1.130700000000000000e+04
1.138300000000000000e+04
1.098600000000000000e+04
1.113300000000000000e+04
1.107100000000000000e+04
1.106100000000000000e+04
1.086900000000000000e+04
1.053600000000000000e+04
1.081800000000000000e+04
1.075400000000000000e+04
1.082900000000000000e+04
1.063200000000000000e+04
1.053700000000000000e+04
1.039300000000000000e+04
1.060300000000000000e+04
1.049600000000000000e+04
1.034800000000000000e+04
1.035100000000000000e+04
1.015000000000000000e+04
1.029700000000000000e+04
1.024100000000000000e+04
1.012900000000000000e+04
9.991000000000000000e+03
9.993000000000000000e+03
1.004600000000000000e+04
1.001700000000000000e+04
9.707000000000000000e+03
9.696000000000000000e+03
9.740000000000000000e+03
9.632000000000000000e+03
9.692000000000000000e+03
9.484000000000000000e+03
9.485000000000000000e+03
9.488000000000000000e+03
9.470000000000000000e+03
9.449000000000000000e+03
9.324000000000000000e+03
9.330000000000000000e+03
9.282000000000000000e+03
9.174000000000000000e+03
8.979000000000000000e+03
9.131000000000000000e+03
9.170000000000000000e+03
9.005000000000000000e+03
9.047000000000000000e+03
9.019000000000000000e+03
8.860000000000000000e+03
8.872000000000000000e+03
8.913000000000000000e+03
8.693000000000000000e+03
8.698000000000000000e+03
8.634000000000000000e+03
8.614000000000000000e+03
8.765000000000000000e+03
8.623000000000000000e+03
8.466000000000000000e+03
8.474000000000000000e+03
8.438000000000000000e+03
8.475000000000000000e+03
8.403000000000000000e+03
8.480000000000000000e+03
8.197000000000000000e+03
8.271000000000000000e+03
8.155000000000000000e+03
8.309000000000000000e+03
8.113000000000000000e+03
8.098000000000000000e+03
8.084000000000000000e+03
7.965000000000000000e+03
8.075000000000000000e+03
7.947000000000000000e+03
7.925000000000000000e+03
7.827000000000000000e+03
7.864000000000000000e+03
7.713000000000000000e+03
7.787000000000000000e+03
7.759000000000000000e+03
7.638000000000000000e+03
7.765000000000000000e+03
7.739000000000000000e+03
7.578000000000000000e+03
7.638000000000000000e+03
7.504000000000000000e+03
7.515000000000000000e+03
7.539000000000000000e+03
7.405000000000000000e+03
7.294000000000000000e+03
7.397000000000000000e+03
7.438000000000000000e+03
7.341000000000000000e+03
7.217000000000000000e+03
7.232000000000000000e+03
7.303000000000000000e+03
7.244000000000000000e+03
7.356000000000000000e+03
7.211000000000000000e+03
7.098000000000000000e+03
7.142000000000000000e+03
7.206000000000000000e+03
7.126000000000000000e+03
6.970000000000000000e+03
7.008000000000000000e+03
6.927000000000000000e+03
7.010000000000000000e+03
6.836000000000000000e+03
6.866000000000000000e+03
6.824000000000000000e+03
6.935000000000000000e+03
6.904000000000000000e+03
6.756000000000000000e+03
6.816000000000000000e+03
6.645000000000000000e+03
6.798000000000000000e+03
6.918000000000000000e+03
6.661000000000000000e+03
6.510000000000000000e+03
6.712000000000000000e+03
6.541000000000000000e+03
6.582000000000000000e+03
6.414000000000000000e+03
6.560000000000000000e+03
6.368000000000000000e+03
6.443000000000000000e+03
6.350000000000000000e+03
6.290000000000000000e+03
6.351000000000000000e+03
6.236000000000000000e+03
