6.403000000000000000e+03
6.412000000000000000e+03
6.297000000000000000e+03
6.403000000000000000e+03
6.454000000000000000e+03
6.496000000000000000e+03
6.516000000000000000e+03
6.539000000000000000e+03
6.505000000000000000e+03
6.540000000000000000e+03
6.460000000000000000e+03
6.505000000000000000e+03
6.705000000000000000e+03
6.630000000000000000e+03
6.687000000000000000e+03
6.630000000000000000e+03
6.731000000000000000e+03
6.765000000000000000e+03
6.842000000000000000e+03
6.741000000000000000e+03
6.971000000000000000e+03
6.975000000000000000e+03
6.844000000000000000e+03
6.907000000000000000e+03
6.944000000000000000e+03
6.886000000000000000e+03
7.013000000000000000e+03
6.878000000000000000e+03
7.146000000000000000e+03
7.034000000000000000e+03
7.194000000000000000e+03
7.154000000000000000e+03
7.397000000000000000e+03
7.206000000000000000e+03
7.312000000000000000e+03
7.235000000000000000e+03
7.340000000000000000e+03
7.354000000000000000e+03
7.306000000000000000e+03
7.372000000000000000e+03
7.314000000000000000e+03
7.509000000000000000e+03
7.480000000000000000e+03
7.600000000000000000e+03
7.675000000000000000e+03
7.567000000000000000e+03
7.609000000000000000e+03
7.787000000000000000e+03
7.792000000000000000e+03
7.721000000000000000e+03
7.894000000000000000e+03
7.834000000000000000e+03
7.863000000000000000e+03
7.865000000000000000e+03
7.979000000000000000e+03
7.893000000000000000e+03
8.035000000000000000e+03
8.150000000000000000e+03
7.947000000000000000e+03
7.988000000000000000e+03
7.998000000000000000e+03
8.086000000000000000e+03
8.390000000000000000e+03
8.262000000000000000e+03
8.110000000000000000e+03
8.342000000000000000e+03
8.498000000000000000e+03
8.517000000000000000e+03
8.570000000000000000e+03
8.415000000000000000e+03
8.342000000000000000e+03
8.579000000000000000e+03
8.524000000000000000e+03
8.597000000000000000e+03
8.791000000000000000e+03
8.755000000000000000e+03
8.667000000000000000e+03
8.851000000000000000e+03
8.842000000000000000e+03
8.901000000000000000e+03
8.878000000000000000e+03
8.850000000000000000e+03
8.853000000000000000e+03
9.031000000000000000e+03
8.929000000000000000e+03
9.362000000000000000e+03
9.212000000000000000e+03
9.193000000000000000e+03
9.128000000000000000e+03
9.268000000000000000e+03
9.432000000000000000e+03
9.473000000000000000e+03
9.686000000000000000e+03
9.512000000000000000e+03
9.440000000000000000e+03
9.653000000000000000e+03
9.550000000000000000e+03
9.689000000000000000e+03
9.760000000000000000e+03
9.740000000000000000e+03
9.752000000000000000e+03
9.836000000000000000e+03
9.981000000000000000e+03
9.944000000000000000e+03
9.945000000000000000e+03
1.010900000000000000e+04
1.007300000000000000e+04
1.024200000000000000e+04
1.031300000000000000e+04
1.010900000000000000e+04
1.037000000000000000e+04
1.041700000000000000e+04
1.037600000000000000e+04
1.053900000000000000e+04
1.049700000000000000e+04
1.066500000000000000e+04
1.053100000000000000e+04
1.074000000000000000e+04
1.097500000000000000e+04
1.081200000000000000e+04
1.089300000000000000e+04
1.081700000000000000e+04
1.095600000000000000e+04
1.107300000000000000e+04
1.100600000000000000e+04
1.124800000000000000e+04
1.104300000000000000e+04
1.115400000000000000e+04
1.133100000000000000e+04
1.134800000000000000e+04
1.140200000000000000e+04
1.162600000000000000e+04
1.150900000000000000e+04
1.159000000000000000e+04
1.177200000000000000e+04
1.189700000000000000e+04
1.170500000000000000e+04
1.196000000000000000e+04
1.193700000000000000e+04
1.198900000000000000e+04
1.196900000000000000e+04
1.225800000000000000e+04
1.233200000000000000e+04
1.240400000000000000e+04
1.213100000000000000e+04
1.243200000000000000e+04
1.259900000000000000e+04
1.266300000000000000e+04
1.256300000000000000e+04
1.268000000000000000e+04
1.263500000000000000e+04
1.280100000000000000e+04
1.292400000000000000e+04
1.334500000000000000e+04
1.318900000000000000e+04
1.298000000000000000e+04
1.322200000000000000e+04
1.322000000000000000e+04
1.333400000000000000e+04
1.339900000000000000e+04
1.354100000000000000e+04
1.348300000000000000e+04
1.357900000000000000e+04
1.393900000000000000e+04
1.406600000000000000e+04
1.404900000000000000e+04
1.394500000000000000e+04
1.413500000000000000e+04
1.412500000000000000e+04
1.413800000000000000e+04
1.435100000000000000e+04
1.428200000000000000e+04
1.473000000000000000e+04
1.463100000000000000e+04
1.467100000000000000e+04
1.474100000000000000e+04
1.474500000000000000e+04
1.484500000000000000e+04
1.526600000000000000e+04
1.511100000000000000e+04
1.542000000000000000e+04
1.547600000000000000e+04
1.537500000000000000e+04
1.559100000000000000e+04
1.573800000000000000e+04
1.580100000000000000e+04
1.575100000000000000e+04
1.565400000000000000e+04
1.609600000000000000e+04
1.611700000000000000e+04
1.617300000000000000e+04
1.622300000000000000e+04
1.649200000000000000e+04
1.666600000000000000e+04
1.666200000000000000e+04
1.693000000000000000e+04
1.667500000000000000e+04
1.699400000000000000e+04
1.692300000000000000e+04
1.738600000000000000e+04
1.745800000000000000e+04
1.750400000000000000e+04
1.753300000000000000e+04
1.769500000000000000e+04
1.791700000000000000e+04
1.804600000000000000e+04
1.790600000000000000e+04
1.803500000000000000e+04
1.813700000000000000e+04
1.832700000000000000e+04
1.832600000000000000e+04
1.844300000000000000e+04
1.862000000000000000e+04
1.881200000000000000e+04
1.913200000000000000e+04
1.932000000000000000e+04
1.909700000000000000e+04
1.954300000000000000e+04
1.926000000000000000e+04
1.973300000000000000e+04
1.967400000000000000e+04
2.012100000000000000e+04
1.999900000000000000e+04
2.023100000000000000e+04
1.999300000000000000e+04
2.037800000000000000e+04
2.065100000000000000e+04
2.100300000000000000e+04
2.073400000000000000e+04
2.053600000000000000e+04
2.118600000000000000e+04
2.127300000000000000e+04
2.153200000000000000e+04
2.147500000000000000e+04
2.173200000000000000e+04
2.193400000000000000e+04
2.213500000000000000e+04
2.240500000000000000e+04
2.255200000000000000e+04
2.279500000000000000e+04
2.263400000000000000e+04
2.287300000000000000e+04
2.346700000000000000e+04
2.347300000000000000e+04
2.354400000000000000e+04
2.360000000000000000e+04
2.384300000000000000e+04
2.415400000000000000e+04
2.412500000000000000e+04
2.465900000000000000e+04
2.425000000000000000e+04
2.498100000000000000e+04
2.524900000000000000e+04
2.509700000000000000e+04
2.527000000000000000e+04
2.538400000000000000e+04
2.575200000000000000e+04
2.613800000000000000e+04
2.643600000000000000e+04
2.648200000000000000e+04
2.643400000000000000e+04
2.680500000000000000e+04
2.725900000000000000e+04
2.711200000000000000e+04
2.768400000000000000e+04
2.773700000000000000e+04
2.764000000000000000e+04
2.826500000000000000e+04
2.870500000000000000e+04
2.862200000000000000e+04
2.885400000000000000e+04
2.901000000000000000e+04
2.941900000000000000e+04
2.947200000000000000e+04
2.994900000000000000e+04
3.006500000000000000e+04
3.030000000000000000e+04
3.064500000000000000e+04
3.091700000000000000e+04
3.124500000000000000e+04
3.139600000000000000e+04
3.182500000000000000e+04
3.194700000000000000e+04
3.234100000000000000e+04
3.283600000000000000e+04
3.273000000000000000e+04
3.328900000000000000e+04
3.364000000000000000e+04
3.370500000000000000e+04
3.376000000000000000e+04
3.394300000000000000e+04
3.454200000000000000e+04
3.509100000000000000e+04
3.515400000000000000e+04
3.570500000000000000e+04
3.599300000000000000e+04
3.623600000000000000e+04
3.643500000000000000e+04
3.685500000000000000e+04
3.748100000000000000e+04
3.781200000000000000e+04
3.793800000000000000e+04
3.839700000000000000e+04
3.830300000000000000e+04
3.919000000000000000e+04
3.969300000000000000e+04
4.002300000000000000e+04
4.008600000000000000e+04
4.090900000000000000e+04
4.122200000000000000e+04
4.126000000000000000e+04
4.186500000000000000e+04
4.227500000000000000e+04
4.295300000000000000e+04
4.298500000000000000e+04
4.371600000000000000e+04
4.438800000000000000e+04
4.419100000000000000e+04
4.505200000000000000e+04
4.540200000000000000e+04
4.553400000000000000e+04
4.680800000000000000e+04
4.691800000000000000e+04
4.748800000000000000e+04
4.773800000000000000e+04
4.806900000000000000e+04
4.903100000000000000e+04
4.973800000000000000e+04
4.973600000000000000e+04
5.032400000000000000e+04
5.088700000000000000e+04
5.157200000000000000e+04
5.225700000000000000e+04
5.250200000000000000e+04
5.277000000000000000e+04
5.388300000000000000e+04
5.452900000000000000e+04
5.457700000000000000e+04
5.617900000000000000e+04
5.640800000000000000e+04
5.714600000000000000e+04
5.785900000000000000e+04
5.844700000000000000e+04
5.928900000000000000e+04
5.982800000000000000e+04
6.032400000000000000e+04
6.086200000000000000e+04
6.175100000000000000e+04
6.260900000000000000e+04
6.306500000000000000e+04
6.418000000000000000e+04
6.485900000000000000e+04
6.591300000000000000e+04
6.699000000000000000e+04
6.753400000000000000e+04
6.831400000000000000e+04
6.871300000000000000e+04
6.937900000000000000e+04
7.087200000000000000e+04
7.179200000000000000e+04
7.245900000000000000e+04
7.321600000000000000e+04
7.463400000000000000e+04
7.525800000000000000e+04
7.661500000000000000e+04
7.728400000000000000e+04
7.806300000000000000e+04
7.932100000000000000e+04
8.036300000000000000e+04
8.190200000000000000e+04
8.257100000000000000e+04
8.373000000000000000e+04
8.520800000000000000e+04
8.589900000000000000e+04
8.763600000000000000e+04
8.803400000000000000e+04
8.983900000000000000e+04
9.101300000000000000e+04
9.280700000000000000e+04
9.352000000000000000e+04
9.458900000000000000e+04
9.661300000000000000e+04
9.768600000000000000e+04
9.913100000000000000e+04
1.000620000000000000e+05
1.018570000000000000e+05
1.029380000000000000e+05
1.048690000000000000e+05
1.067910000000000000e+05
1.083300000000000000e+05
1.096330000000000000e+05
1.112970000000000000e+05
1.130260000000000000e+05
1.148940000000000000e+05
1.171500000000000000e+05
1.191070000000000000e+05
1.198270000000000000e+05
1.220440000000000000e+05
1.245080000000000000e+05
1.265080000000000000e+05
1.290240000000000000e+05
1.308340000000000000e+05
1.327830000000000000e+05
1.344220000000000000e+05
1.365660000000000000e+05
1.392550000000000000e+05
1.410460000000000000e+05
1.433150000000000000e+05
1.464160000000000000e+05
1.487430000000000000e+05
1.517120000000000000e+05
1.541980000000000000e+05
1.560580000000000000e+05
1.584980000000000000e+05
1.625280000000000000e+05
1.652430000000000000e+05
1.675820000000000000e+05
1.711690000000000000e+05
1.739350000000000000e+05
1.768050000000000000e+05
1.805180000000000000e+05
1.837910000000000000e+05
1.869120000000000000e+05
1.909670000000000000e+05
1.930820000000000000e+05
1.979190000000000000e+05
2.010690000000000000e+05
2.054930000000000000e+05
2.086780000000000000e+05
2.121210000000000000e+05
2.172350000000000000e+05
2.218570000000000000e+05
2.259370000000000000e+05
2.307240000000000000e+05
2.337130000000000000e+05
2.397390000000000000e+05
2.435820000000000000e+05
2.490150000000000000e+05
2.532520000000000000e+05
2.574750000000000000e+05
2.637530000000000000e+05
2.683930000000000000e+05
2.747580000000000000e+05
2.802590000000000000e+05
2.848020000000000000e+05
2.909770000000000000e+05
2.970460000000000000e+05
3.030810000000000000e+05
3.087950000000000000e+05
3.152310000000000000e+05
3.216840000000000000e+05
3.279640000000000000e+05
3.346860000000000000e+05
3.409920000000000000e+05
3.474280000000000000e+05
3.553680000000000000e+05
3.617710000000000000e+05
3.699090000000000000e+05
3.760350000000000000e+05
3.842280000000000000e+05
3.914840000000000000e+05
3.994730000000000000e+05
4.067520000000000000e+05
4.149080000000000000e+05
4.235160000000000000e+05
4.321040000000000000e+05
4.400210000000000000e+05
4.471710000000000000e+05
4.556040000000000000e+05
4.644460000000000000e+05
4.716030000000000000e+05
4.805240000000000000e+05
4.893550000000000000e+05
4.974110000000000000e+05
5.048280000000000000e+05
5.126830000000000000e+05
5.204970000000000000e+05
5.288020000000000000e+05
5.380200000000000000e+05
5.448870000000000000e+05
5.533280000000000000e+05
5.611830000000000000e+05
5.680610000000000000e+05
5.742200000000000000e+05
5.800690000000000000e+05
5.873430000000000000e+05
5.922030000000000000e+05
5.985380000000000000e+05
6.040660000000000000e+05
6.086500000000000000e+05
6.145450000000000000e+05
6.190330000000000000e+05
6.221980000000000000e+05
6.253050000000000000e+05
6.294600000000000000e+05
6.319610000000000000e+05
6.329840000000000000e+05
6.331650000000000000e+05
6.354930000000000000e+05
6.373900000000000000e+05
6.364570000000000000e+05
6.349450000000000000e+05
6.361090000000000000e+05
6.338600000000000000e+05
6.307600000000000000e+05
6.301900000000000000e+05
6.259010000000000000e+05
6.225670000000000000e+05
6.182030000000000000e+05
6.144090000000000000e+05
6.098040000000000000e+05
6.058790000000000000e+05
5.983150000000000000e+05
5.939200000000000000e+05
5.877550000000000000e+05
5.798630000000000000e+05
5.736400000000000000e+05
5.656280000000000000e+05
5.603680000000000000e+05
5.524680000000000000e+05
5.453780000000000000e+05
5.377150000000000000e+05
5.297710000000000000e+05
5.219780000000000000e+05
5.128990000000000000e+05
5.062960000000000000e+05
4.983420000000000000e+05
4.874570000000000000e+05
4.810400000000000000e+05
4.729200000000000000e+05
4.631490000000000000e+05
4.554050000000000000e+05
4.479020000000000000e+05
4.399090000000000000e+05
4.313750000000000000e+05
4.246380000000000000e+05
4.156740000000000000e+05
4.066920000000000000e+05
3.997470000000000000e+05
3.925970000000000000e+05
3.843190000000000000e+05
3.772480000000000000e+05
3.695370000000000000e+05
3.625520000000000000e+05
3.549740000000000000e+05
3.490130000000000000e+05
3.411300000000000000e+05
3.347280000000000000e+05
3.280480000000000000e+05
3.214990000000000000e+05
3.144600000000000000e+05
3.091060000000000000e+05
3.023670000000000000e+05
2.968980000000000000e+05
2.910260000000000000e+05
2.855230000000000000e+05
2.796570000000000000e+05
2.739610000000000000e+05
2.696810000000000000e+05
2.631060000000000000e+05
2.580700000000000000e+05
2.533220000000000000e+05
2.483700000000000000e+05
2.433380000000000000e+05
2.396240000000000000e+05
2.339100000000000000e+05
2.298800000000000000e+05
2.258040000000000000e+05
2.211180000000000000e+05
2.163070000000000000e+05
2.128670000000000000e+05
2.087580000000000000e+05
2.057010000000000000e+05
2.018730000000000000e+05
1.974710000000000000e+05
1.940440000000000000e+05
1.913870000000000000e+05
1.875340000000000000e+05
1.841030000000000000e+05
1.800000000000000000e+05
1.767680000000000000e+05
1.740440000000000000e+05
1.704710000000000000e+05
1.678410000000000000e+05
1.656850000000000000e+05
1.621510000000000000e+05
1.596050000000000000e+05
1.564030000000000000e+05
1.539680000000000000e+05
1.513550000000000000e+05
1.486040000000000000e+05
1.461440000000000000e+05
1.450360000000000000e+05
1.413770000000000000e+05
1.397330000000000000e+05
1.367810000000000000e+05
1.348320000000000000e+05
1.328210000000000000e+05
1.309700000000000000e+05
1.278450000000000000e+05
1.266030000000000000e+05
1.243370000000000000e+05
1.225600000000000000e+05
1.201580000000000000e+05
1.183140000000000000e+05
1.162490000000000000e+05
1.150790000000000000e+05
1.130330000000000000e+05
1.112990000000000000e+05
1.099850000000000000e+05
1.086770000000000000e+05
1.067950000000000000e+05
1.048830000000000000e+05
1.030510000000000000e+05
1.018580000000000000e+05
1.008530000000000000e+05
9.939700000000000000e+04
9.770300000000000000e+04
9.600200000000000000e+04
9.463300000000000000e+04
9.366300000000000000e+04
9.182100000000000000e+04
9.088300000000000000e+04
8.978200000000000000e+04
8.800600000000000000e+04
8.650200000000000000e+04
8.591700000000000000e+04
8.414200000000000000e+04
8.358400000000000000e+04
8.259300000000000000e+04
8.130500000000000000e+04
8.026200000000000000e+04
7.881300000000000000e+04
7.811200000000000000e+04
7.754500000000000000e+04
7.654800000000000000e+04
7.492500000000000000e+04
7.433100000000000000e+04
7.311600000000000000e+04
7.201200000000000000e+04
7.149200000000000000e+04
7.054000000000000000e+04
6.973200000000000000e+04
6.902600000000000000e+04
6.788700000000000000e+04
6.713200000000000000e+04
6.583100000000000000e+04
6.597600000000000000e+04
6.491700000000000000e+04
6.422500000000000000e+04
6.336900000000000000e+04
6.264100000000000000e+04
6.193900000000000000e+04
6.122000000000000000e+04
6.027400000000000000e+04
6.006900000000000000e+04
5.871400000000000000e+04
5.773400000000000000e+04
5.750300000000000000e+04
5.675800000000000000e+04
5.620000000000000000e+04
5.515100000000000000e+04
5.504800000000000000e+04
5.429000000000000000e+04
5.376700000000000000e+04
5.323400000000000000e+04
5.257400000000000000e+04
5.238300000000000000e+04
5.142100000000000000e+04
5.095100000000000000e+04
5.055600000000000000e+04
4.971700000000000000e+04
4.946400000000000000e+04
4.894800000000000000e+04
4.814700000000000000e+04
4.832200000000000000e+04
4.716100000000000000e+04
4.694400000000000000e+04
4.688900000000000000e+04
4.589700000000000000e+04
4.498800000000000000e+04
4.465000000000000000e+04
4.461000000000000000e+04
4.378300000000000000e+04
4.348100000000000000e+04
4.323900000000000000e+04
4.269400000000000000e+04
4.223000000000000000e+04
4.191800000000000000e+04
4.146300000000000000e+04
4.093400000000000000e+04
4.068200000000000000e+04
4.020300000000000000e+04
4.009800000000000000e+04
3.955300000000000000e+04
3.929700000000000000e+04
3.849800000000000000e+04
3.810200000000000000e+04
3.784700000000000000e+04
3.766700000000000000e+04
3.723900000000000000e+04
3.691300000000000000e+04
3.659700000000000000e+04
3.618500000000000000e+04
3.578800000000000000e+04
3.534300000000000000e+04
3.543800000000000000e+04
3.508000000000000000e+04
3.492700000000000000e+04
3.411800000000000000e+04
3.375400000000000000e+04
3.366100000000000000e+04
3.344100000000000000e+04
3.315800000000000000e+04
3.263500000000000000e+04
3.269900000000000000e+04
3.215500000000000000e+04
3.158500000000000000e+04
3.154600000000000000e+04
3.137500000000000000e+04
3.123900000000000000e+04
3.078000000000000000e+04
3.061100000000000000e+04
3.022200000000000000e+04
3.005100000000000000e+04
2.969500000000000000e+04
2.997400000000000000e+04
2.937400000000000000e+04
2.879900000000000000e+04
2.917600000000000000e+04
2.832600000000000000e+04
2.819900000000000000e+04
2.824900000000000000e+04
2.796400000000000000e+04
2.741800000000000000e+04
2.725800000000000000e+04
2.767500000000000000e+04
2.699700000000000000e+04
2.676100000000000000e+04
2.665500000000000000e+04
2.650100000000000000e+04
2.643900000000000000e+04
2.603100000000000000e+04
2.562500000000000000e+04
2.540600000000000000e+04
2.532000000000000000e+04
2.530800000000000000e+04
2.482600000000000000e+04
2.452400000000000000e+04
2.469400000000000000e+04
2.441900000000000000e+04
2.429700000000000000e+04
2.405400000000000000e+04
2.395500000000000000e+04
2.360400000000000000e+04
2.321100000000000000e+04
2.342800000000000000e+04
2.300200000000000000e+04
2.312300000000000000e+04
2.289100000000000000e+04
2.269500000000000000e+04
2.239000000000000000e+04
2.209600000000000000e+04
2.222600000000000000e+04
2.180300000000000000e+04
2.176300000000000000e+04
2.161200000000000000e+04
2.143100000000000000e+04
2.153400000000000000e+04
2.114700000000000000e+04
2.102900000000000000e+04
2.101100000000000000e+04
2.059400000000000000e+04
2.043900000000000000e+04
2.051200000000000000e+04
2.019800000000000000e+04
2.012200000000000000e+04
1.995400000000000000e+04
1.992500000000000000e+04
1.968200000000000000e+04
1.976200000000000000e+04
1.955300000000000000e+04
1.924500000000000000e+04
1.933200000000000000e+04
1.927900000000000000e+04
1.886100000000000000e+04
1.874300000000000000e+04
1.900100000000000000e+04
1.833300000000000000e+04
1.865600000000000000e+04
1.819000000000000000e+04
1.847200000000000000e+04
1.803800000000000000e+04
1.805500000000000000e+04
1.762000000000000000e+04
1.765400000000000000e+04
1.779800000000000000e+04
1.740500000000000000e+04
1.761700000000000000e+04
1.723200000000000000e+04
1.725900000000000000e+04
1.705500000000000000e+04
1.679400000000000000e+04
1.684500000000000000e+04
1.667800000000000000e+04
1.663900000000000000e+04
1.624000000000000000e+04
1.650400000000000000e+04
1.601900000000000000e+04
1.640300000000000000e+04
1.606800000000000000e+04
1.610800000000000000e+04
1.569900000000000000e+04
1.567500000000000000e+04
1.569900000000000000e+04
1.562100000000000000e+04
1.543700000000000000e+04
1.550400000000000000e+04
1.525500000000000000e+04
1.506000000000000000e+04
1.522300000000000000e+04
1.497100000000000000e+04
1.499000000000000000e+04
1.494300000000000000e+04
1.486600000000000000e+04
1.455300000000000000e+04
1.461100000000000000e+04
1.445900000000000000e+04
1.462900000000000000e+04
1.435200000000000000e+04
1.427800000000000000e+04
1.403800000000000000e+04
1.412100000000000000e+04
1.403900000000000000e+04
1.379000000000000000e+04
1.377000000000000000e+04
1.372800000000000000e+04
1.361000000000000000e+04
1.370800000000000000e+04
1.350200000000000000e+04
1.332800000000000000e+04
1.337000000000000000e+04
1.316600000000000000e+04
1.303200000000000000e+04
1.314000000000000000e+04
1.299700000000000000e+04
1.287200000000000000e+04
1.275900000000000000e+04
1.276500000000000000e+04
1.282900000000000000e+04
1.261800000000000000e+04
1.251000000000000000e+04
1.250500000000000000e+04
1.243300000000000000e+04
1.229600000000000000e+04
1.246100000000000000e+04
1.217800000000000000e+04
1.220400000000000000e+04
1.204300000000000000e+04
1.194400000000000000e+04
1.204300000000000000e+04
1.217700000000000000e+04
1.186900000000000000e+04
1.191300000000000000e+04
1.158300000000000000e+04
1.175800000000000000e+04
1.169800000000000000e+04
1.144700000000000000e+04
1.157700000000000000e+04
1.138600000000000000e+04
1.122400000000000000e+04
1.139000000000000000e+04
1.143600000000000000e+04
1.119800000000000000e+04
1.114600000000000000e+04
1.110300000000000000e+04
1.136000000000000000e+04
1.092600000000000000e+04
1.103600000000000000e+04
1.075300000000000000e+04
1.078300000000000000e+04
1.078300000000000000e+04
1.066900000000000000e+04
1.049500000000000000e+04
1.062000000000000000e+04
1.057500000000000000e+04
1.041400000000000000e+04
1.051700000000000000e+04
1.056900000000000000e+04
1.027400000000000000e+04
1.022300000000000000e+04
1.026000000000000000e+04
1.018100000000000000e+04
1.005600000000000000e+04
1.008100000000000000e+04
1.009100000000000000e+04
1.001800000000000000e+04
9.923000000000000000e+03
9.769000000000000000e+03
9.797000000000000000e+03
9.794000000000000000e+03
9.724000000000000000e+03
9.590000000000000000e+03
9.655000000000000000e+03
9.676000000000000000e+03
9.533000000000000000e+03
9.433000000000000000e+03
9.304000000000000000e+03
9.324000000000000000e+03
9.348000000000000000e+03
9.357000000000000000e+03
9.189000000000000000e+03
9.354000000000000000e+03
9.157000000000000000e+03
9.205000000000000000e+03
8.965000000000000000e+03
8.948000000000000000e+03
8.955000000000000000e+03
8.910000000000000000e+03
8.852000000000000000e+03
8.842000000000000000e+03
8.730000000000000000e+03
8.756000000000000000e+03
8.786000000000000000e+03
8.792000000000000000e+03
8.803000000000000000e+03
8.685000000000000000e+03
8.540000000000000000e+03
8.565000000000000000e+03
8.527000000000000000e+03
8.230000000000000000e+03
8.508000000000000000e+03
8.329000000000000000e+03
8.351000000000000000e+03
8.326000000000000000e+03
8.394000000000000000e+03
8.211000000000000000e+03
8.142000000000000000e+03
8.070000000000000000e+03
8.215000000000000000e+03
8.130000000000000000e+03
7.987000000000000000e+03
8.069000000000000000e+03
8.065000000000000000e+03
7.984000000000000000e+03
7.858000000000000000e+03
7.880000000000000000e+03
7.769000000000000000e+03
7.940000000000000000e+03
7.779000000000000000e+03
7.878000000000000000e+03
7.713000000000000000e+03
7.809000000000000000e+03
7.647000000000000000e+03
7.550000000000000000e+03
7.436000000000000000e+03
7.553000000000000000e+03
7.592000000000000000e+03
7.587000000000000000e+03
7.464000000000000000e+03
7.485000000000000000e+03
7.212000000000000000e+03
7.471000000000000000e+03
7.257000000000000000e+03
7.220000000000000000e+03
7.300000000000000000e+03
7.317000000000000000e+03
7.286000000000000000e+03
7.223000000000000000e+03
6.945000000000000000e+03
7.180000000000000000e+03
7.156000000000000000e+03
6.891000000000000000e+03
6.971000000000000000e+03
6.986000000000000000e+03
6.938000000000000000e+03
6.859000000000000000e+03
6.921000000000000000e+03
6.936000000000000000e+03
6.900000000000000000e+03
6.924000000000000000e+03
6.652000000000000000e+03
6.796000000000000000e+03
6.795000000000000000e+03
6.608000000000000000e+03
6.783000000000000000e+03
6.808000000000000000e+03
6.587000000000000000e+03
6.618000000000000000e+03
6.424000000000000000e+03
6.607000000000000000e+03
6.390000000000000000e+03
6.667000000000000000e+03
6.498000000000000000e+03
6.441000000000000000e+03
6.465000000000000000e+03
6.259000000000000000e+03
6.303000000000000000e+03
6.338000000000000000e+03
6.190000000000000000e+03
