6.439900000000000000e+04
6.664600000000000000e+04
7.007700000000000000e+04
7.285100000000000000e+04
7.620500000000000000e+04
7.921900000000000000e+04
8.312000000000000000e+04
8.697600000000000000e+04
9.038700000000000000e+04
9.564500000000000000e+04
1.000550000000000000e+05
1.055600000000000000e+05
1.112760000000000000e+05
1.170330000000000000e+05
1.240460000000000000e+05
1.313720000000000000e+05
1.387880000000000000e+05
1.474160000000000000e+05
1.569560000000000000e+05
1.659040000000000000e+05
1.781280000000000000e+05
1.897560000000000000e+05
2.037790000000000000e+05
2.180610000000000000e+05
2.356730000000000000e+05
2.544770000000000000e+05
2.761990000000000000e+05
2.993960000000000000e+05
3.255850000000000000e+05
3.568790000000000000e+05
3.930000000000000000e+05
4.346560000000000000e+05
4.817600000000000000e+05
5.367700000000000000e+05
6.000420000000000000e+05
6.766380000000000000e+05
7.675410000000000000e+05
8.796310000000000000e+05
1.012634000000000000e+06
1.178063000000000000e+06
1.382449000000000000e+06
1.639867000000000000e+06
1.962161000000000000e+06
2.368847000000000000e+06
2.886448000000000000e+06
3.526426000000000000e+06
4.276739000000000000e+06
5.087727000000000000e+06
5.824702000000000000e+06
6.281899000000000000e+06
6.284232000000000000e+06
5.827874000000000000e+06
5.089344000000000000e+06
4.274245000000000000e+06
3.524101000000000000e+06
2.887271000000000000e+06
2.374183000000000000e+06
1.961918000000000000e+06
1.639026000000000000e+06
1.382939000000000000e+06
1.181059000000000000e+06
1.014819000000000000e+06
8.790740000000000000e+05
7.684090000000000000e+05
6.779310000000000000e+05
6.010000000000000000e+05
5.370040000000000000e+05
4.809830000000000000e+05
4.339990000000000000e+05
3.923130000000000000e+05
3.576660000000000000e+05
3.277960000000000000e+05
2.999580000000000000e+05
2.761610000000000000e+05
2.547340000000000000e+05
2.357740000000000000e+05
2.198320000000000000e+05
2.036730000000000000e+05
1.902130000000000000e+05
1.776140000000000000e+05
1.662400000000000000e+05
1.570310000000000000e+05
1.470250000000000000e+05
1.383310000000000000e+05
1.314060000000000000e+05
1.242510000000000000e+05
1.167690000000000000e+05
1.111140000000000000e+05
1.054730000000000000e+05
1.005150000000000000e+05
9.571100000000000000e+04
9.121500000000000000e+04
8.694900000000000000e+04
8.248600000000000000e+04
7.929000000000000000e+04
7.619900000000000000e+04
7.270500000000000000e+04
6.995100000000000000e+04
6.638700000000000000e+04
6.424100000000000000e+04
