6.436900000000000000e+04
6.676000000000000000e+04
6.969000000000000000e+04
7.297400000000000000e+04
7.576000000000000000e+04
7.900200000000000000e+04
8.284600000000000000e+04
8.675500000000000000e+04
9.130400000000000000e+04
9.568000000000000000e+04
1.005270000000000000e+05
1.051160000000000000e+05
1.116160000000000000e+05
1.172530000000000000e+05
1.229850000000000000e+05
1.317450000000000000e+05
1.385690000000000000e+05
1.469820000000000000e+05
1.564950000000000000e+05
1.670210000000000000e+05
1.783080000000000000e+05
1.903190000000000000e+05
2.039130000000000000e+05
2.185750000000000000e+05
2.361110000000000000e+05
2.554560000000000000e+05
2.755100000000000000e+05
2.992600000000000000e+05
3.277900000000000000e+05
3.574280000000000000e+05
3.924300000000000000e+05
4.341160000000000000e+05
4.816140000000000000e+05
5.357350000000000000e+05
5.997050000000000000e+05
6.766330000000000000e+05
7.684930000000000000e+05
8.791740000000000000e+05
1.012921000000000000e+06
1.178893000000000000e+06
1.381020000000000000e+06
1.639745000000000000e+06
1.962096000000000000e+06
2.371065000000000000e+06
2.884052000000000000e+06
3.524510000000000000e+06
4.274831000000000000e+06
5.088168000000000000e+06
5.827397000000000000e+06
6.283032000000000000e+06
6.284105000000000000e+06
5.827555000000000000e+06
5.088340000000000000e+06
4.277378000000000000e+06
3.522963000000000000e+06
2.886147000000000000e+06
2.372393000000000000e+06
1.961871000000000000e+06
1.640998000000000000e+06
1.381811000000000000e+06
1.176363000000000000e+06
1.014408000000000000e+06
8.812070000000000000e+05
7.689180000000000000e+05
6.767290000000000000e+05
6.001030000000000000e+05
5.357040000000000000e+05
4.800560000000000000e+05
4.342470000000000000e+05
3.921900000000000000e+05
3.577130000000000000e+05
3.275330000000000000e+05
3.000510000000000000e+05
2.759290000000000000e+05
2.545360000000000000e+05
2.357370000000000000e+05
2.189400000000000000e+05
2.041840000000000000e+05
1.910050000000000000e+05
1.780180000000000000e+05
1.659720000000000000e+05
1.562580000000000000e+05
1.475360000000000000e+05
1.394560000000000000e+05
1.311030000000000000e+05
1.236150000000000000e+05
1.169120000000000000e+05
1.115480000000000000e+05
1.054870000000000000e+05
1.004800000000000000e+05
9.582500000000000000e+04
9.064700000000000000e+04
8.646000000000000000e+04
8.331200000000000000e+04
7.930400000000000000e+04
7.606600000000000000e+04
7.314200000000000000e+04
6.990300000000000000e+04
6.635000000000000000e+04
6.432400000000000000e+04
