6.402000000000000000e+03
6.564000000000000000e+03
6.334000000000000000e+03
6.444000000000000000e+03
6.499000000000000000e+03
6.536000000000000000e+03
6.453000000000000000e+03
6.669000000000000000e+03
6.567000000000000000e+03
6.628000000000000000e+03
6.477000000000000000e+03
6.591000000000000000e+03
6.608000000000000000e+03
6.463000000000000000e+03
6.685000000000000000e+03
6.688000000000000000e+03
6.755000000000000000e+03
6.678000000000000000e+03
6.910000000000000000e+03
6.598000000000000000e+03
6.909000000000000000e+03
6.907000000000000000e+03
6.935000000000000000e+03
6.976000000000000000e+03
6.955000000000000000e+03
6.919000000000000000e+03
7.126000000000000000e+03
6.872000000000000000e+03
7.054000000000000000e+03
7.142000000000000000e+03
7.067000000000000000e+03
7.102000000000000000e+03
7.082000000000000000e+03
7.207000000000000000e+03
7.257000000000000000e+03
7.263000000000000000e+03
7.392000000000000000e+03
7.456000000000000000e+03
7.265000000000000000e+03
7.452000000000000000e+03
7.474000000000000000e+03
7.460000000000000000e+03
7.479000000000000000e+03
7.456000000000000000e+03
7.555000000000000000e+03
7.587000000000000000e+03
7.513000000000000000e+03
7.766000000000000000e+03
7.658000000000000000e+03
7.832000000000000000e+03
7.710000000000000000e+03
7.845000000000000000e+03
7.881000000000000000e+03
7.856000000000000000e+03
7.926000000000000000e+03
8.004000000000000000e+03
8.056000000000000000e+03
7.887000000000000000e+03
8.071000000000000000e+03
8.094000000000000000e+03
8.269000000000000000e+03
8.202000000000000000e+03
8.193000000000000000e+03
8.226000000000000000e+03
8.285000000000000000e+03
8.385000000000000000e+03
8.292000000000000000e+03
8.286000000000000000e+03
8.464000000000000000e+03
8.330000000000000000e+03
8.775000000000000000e+03
8.509000000000000000e+03
8.477000000000000000e+03
8.727000000000000000e+03
8.793000000000000000e+03
8.613000000000000000e+03
8.786000000000000000e+03
8.817000000000000000e+03
8.863000000000000000e+03
8.921000000000000000e+03
8.838000000000000000e+03
8.880000000000000000e+03
9.046000000000000000e+03
9.149000000000000000e+03
9.070000000000000000e+03
9.049000000000000000e+03
9.150000000000000000e+03
9.284000000000000000e+03
9.252000000000000000e+03
9.332000000000000000e+03
9.473000000000000000e+03
9.334000000000000000e+03
9.446000000000000000e+03
9.613000000000000000e+03
9.504000000000000000e+03
9.330000000000000000e+03
9.716000000000000000e+03
9.703000000000000000e+03
9.732000000000000000e+03
9.556000000000000000e+03
9.711000000000000000e+03
9.968000000000000000e+03
9.788000000000000000e+03
1.005200000000000000e+04
9.944000000000000000e+03
1.010000000000000000e+04
1.001700000000000000e+04
1.005100000000000000e+04
1.018500000000000000e+04
1.037200000000000000e+04
1.028000000000000000e+04
1.046300000000000000e+04
1.044900000000000000e+04
1.064600000000000000e+04
1.049200000000000000e+04
1.063500000000000000e+04
1.057800000000000000e+04
1.080700000000000000e+04
1.089400000000000000e+04
1.078000000000000000e+04
1.084600000000000000e+04
1.090500000000000000e+04
1.100200000000000000e+04
1.108200000000000000e+04
1.120600000000000000e+04
1.116800000000000000e+04
1.106000000000000000e+04
1.142300000000000000e+04
1.133500000000000000e+04
1.126200000000000000e+04
1.132900000000000000e+04
1.160100000000000000e+04
1.152800000000000000e+04
1.175900000000000000e+04
1.178200000000000000e+04
1.176100000000000000e+04
1.184500000000000000e+04
1.183200000000000000e+04
1.195800000000000000e+04
1.204600000000000000e+04
1.212600000000000000e+04
1.205400000000000000e+04
1.211100000000000000e+04
1.208900000000000000e+04
1.242400000000000000e+04
1.234300000000000000e+04
1.240800000000000000e+04
1.244700000000000000e+04
1.264100000000000000e+04
1.264600000000000000e+04
1.257100000000000000e+04
1.296100000000000000e+04
1.286000000000000000e+04
1.322100000000000000e+04
1.305100000000000000e+04
1.330000000000000000e+04
1.315300000000000000e+04
1.337000000000000000e+04
1.344500000000000000e+04
1.359400000000000000e+04
1.346600000000000000e+04
1.343100000000000000e+04
1.381300000000000000e+04
1.351900000000000000e+04
1.369100000000000000e+04
1.373900000000000000e+04
1.380100000000000000e+04
1.395100000000000000e+04
1.416700000000000000e+04
1.435400000000000000e+04
1.436400000000000000e+04
1.444200000000000000e+04
1.440900000000000000e+04
1.460000000000000000e+04
1.460500000000000000e+04
1.481400000000000000e+04
1.463600000000000000e+04
1.480600000000000000e+04
1.509700000000000000e+04
1.500400000000000000e+04
1.535300000000000000e+04
1.532600000000000000e+04
1.554600000000000000e+04
1.542100000000000000e+04
1.567800000000000000e+04
1.558400000000000000e+04
1.569500000000000000e+04
1.571600000000000000e+04
1.605700000000000000e+04
1.609100000000000000e+04
1.608200000000000000e+04
1.658400000000000000e+04
1.650600000000000000e+04
1.629700000000000000e+04
1.664800000000000000e+04
1.675800000000000000e+04
1.670700000000000000e+04
1.699800000000000000e+04
1.689600000000000000e+04
1.732600000000000000e+04
1.710400000000000000e+04
1.726700000000000000e+04
1.769500000000000000e+04
1.775300000000000000e+04
1.750900000000000000e+04
1.789200000000000000e+04
1.775500000000000000e+04
1.808000000000000000e+04
1.847400000000000000e+04
1.829100000000000000e+04
1.838200000000000000e+04
1.864300000000000000e+04
1.881000000000000000e+04
1.892400000000000000e+04
1.895600000000000000e+04
1.931500000000000000e+04
1.930100000000000000e+04
1.932600000000000000e+04
1.952400000000000000e+04
1.950700000000000000e+04
1.958400000000000000e+04
1.982300000000000000e+04
2.006700000000000000e+04
2.034500000000000000e+04
2.037100000000000000e+04
2.065900000000000000e+04
2.056600000000000000e+04
2.041400000000000000e+04
2.060900000000000000e+04
2.104500000000000000e+04
2.113000000000000000e+04
2.120700000000000000e+04
2.153700000000000000e+04
2.153900000000000000e+04
2.161400000000000000e+04
2.185700000000000000e+04
2.227000000000000000e+04
2.231000000000000000e+04
2.222400000000000000e+04
2.246700000000000000e+04
2.283100000000000000e+04
2.297400000000000000e+04
2.327300000000000000e+04
2.341100000000000000e+04
2.329500000000000000e+04
2.361100000000000000e+04
2.398000000000000000e+04
2.411800000000000000e+04
2.456000000000000000e+04
2.430500000000000000e+04
2.460100000000000000e+04
2.468100000000000000e+04
2.498700000000000000e+04
2.508900000000000000e+04
2.540500000000000000e+04
2.541600000000000000e+04
2.576500000000000000e+04
2.600800000000000000e+04
2.625100000000000000e+04
2.645800000000000000e+04
2.644300000000000000e+04
2.660800000000000000e+04
2.683500000000000000e+04
2.717600000000000000e+04
2.769800000000000000e+04
2.766500000000000000e+04
2.777900000000000000e+04
2.808500000000000000e+04
2.829600000000000000e+04
2.838200000000000000e+04
2.868600000000000000e+04
2.913600000000000000e+04
2.951700000000000000e+04
3.000700000000000000e+04
2.997900000000000000e+04
3.007800000000000000e+04
3.076500000000000000e+04
3.063800000000000000e+04
3.083000000000000000e+04
3.104600000000000000e+04
3.131100000000000000e+04
3.146200000000000000e+04
3.173400000000000000e+04
3.238500000000000000e+04
3.243200000000000000e+04
3.284600000000000000e+04
3.267800000000000000e+04
3.335700000000000000e+04
3.394300000000000000e+04
3.356500000000000000e+04
3.428800000000000000e+04
3.447300000000000000e+04
3.495500000000000000e+04
3.513600000000000000e+04
3.538300000000000000e+04
3.631000000000000000e+04
3.593800000000000000e+04
3.651500000000000000e+04
3.692100000000000000e+04
3.730500000000000000e+04
3.747600000000000000e+04
3.776400000000000000e+04
3.830600000000000000e+04
3.882600000000000000e+04
3.897900000000000000e+04
3.985800000000000000e+04
3.989400000000000000e+04
4.027900000000000000e+04
4.023600000000000000e+04
4.086900000000000000e+04
4.154200000000000000e+04
4.213800000000000000e+04
4.199100000000000000e+04
4.279000000000000000e+04
4.302500000000000000e+04
4.364500000000000000e+04
4.403200000000000000e+04
4.475700000000000000e+04
4.488400000000000000e+04
4.537100000000000000e+04
4.544900000000000000e+04
4.654200000000000000e+04
4.633400000000000000e+04
4.727100000000000000e+04
4.805300000000000000e+04
4.865500000000000000e+04
4.860000000000000000e+04
4.918500000000000000e+04
4.966000000000000000e+04
5.067000000000000000e+04
5.047900000000000000e+04
5.142400000000000000e+04
5.187800000000000000e+04
5.271700000000000000e+04
5.332800000000000000e+04
5.377100000000000000e+04
5.453800000000000000e+04
5.482200000000000000e+04
5.532700000000000000e+04
5.667600000000000000e+04
5.701400000000000000e+04
5.718800000000000000e+04
5.863500000000000000e+04
5.891500000000000000e+04
5.963300000000000000e+04
6.015800000000000000e+04
6.127200000000000000e+04
6.149400000000000000e+04
6.278000000000000000e+04
6.321700000000000000e+04
6.383200000000000000e+04
6.467600000000000000e+04
6.588600000000000000e+04
6.626800000000000000e+04
6.715800000000000000e+04
6.815100000000000000e+04
6.881600000000000000e+04
6.996300000000000000e+04
7.011400000000000000e+04
7.140100000000000000e+04
7.263400000000000000e+04
7.378100000000000000e+04
7.438900000000000000e+04
7.451400000000000000e+04
7.597400000000000000e+04
7.689600000000000000e+04
7.864300000000000000e+04
7.992400000000000000e+04
8.060300000000000000e+04
8.125400000000000000e+04
8.278700000000000000e+04
8.441500000000000000e+04
8.458500000000000000e+04
8.598600000000000000e+04
8.777800000000000000e+04
8.815200000000000000e+04
8.988800000000000000e+04
9.145000000000000000e+04
9.226300000000000000e+04
9.370800000000000000e+04
9.496500000000000000e+04
9.620200000000000000e+04
9.684100000000000000e+04
9.923400000000000000e+04
1.006640000000000000e+05
1.017990000000000000e+05
1.042320000000000000e+05
1.048410000000000000e+05
1.063200000000000000e+05
1.081940000000000000e+05
1.099570000000000000e+05
1.112510000000000000e+05
1.129290000000000000e+05
1.152770000000000000e+05
1.171110000000000000e+05
1.183640000000000000e+05
1.208070000000000000e+05
1.221650000000000000e+05
1.245530000000000000e+05
1.261800000000000000e+05
1.281020000000000000e+05
1.309920000000000000e+05
1.325970000000000000e+05
1.352140000000000000e+05
1.368250000000000000e+05
1.394850000000000000e+05
1.420150000000000000e+05
1.440630000000000000e+05
1.469920000000000000e+05
1.492080000000000000e+05
1.510570000000000000e+05
1.550280000000000000e+05
1.558810000000000000e+05
1.592410000000000000e+05
1.623080000000000000e+05
1.651580000000000000e+05
1.684290000000000000e+05
1.706260000000000000e+05
1.742800000000000000e+05
1.775690000000000000e+05
1.800490000000000000e+05
1.839470000000000000e+05
1.865700000000000000e+05
1.899240000000000000e+05
1.944940000000000000e+05
1.980630000000000000e+05
2.017450000000000000e+05
2.045430000000000000e+05
2.088960000000000000e+05
2.125220000000000000e+05
2.166930000000000000e+05
2.213940000000000000e+05
2.259450000000000000e+05
2.298280000000000000e+05
2.341300000000000000e+05
2.388150000000000000e+05
2.429880000000000000e+05
2.483600000000000000e+05
2.531920000000000000e+05
2.582760000000000000e+05
2.635580000000000000e+05
2.676600000000000000e+05
2.749350000000000000e+05
2.795240000000000000e+05
2.852840000000000000e+05
2.913240000000000000e+05
2.970710000000000000e+05
3.033400000000000000e+05
3.084480000000000000e+05
3.161510000000000000e+05
3.214620000000000000e+05
3.278460000000000000e+05
3.340320000000000000e+05
3.420110000000000000e+05
3.475560000000000000e+05
3.560130000000000000e+05
3.614140000000000000e+05
3.690690000000000000e+05
3.764810000000000000e+05
3.850590000000000000e+05
3.924190000000000000e+05
4.004110000000000000e+05
4.077680000000000000e+05
4.148880000000000000e+05
4.231800000000000000e+05
4.311130000000000000e+05
4.383760000000000000e+05
4.477190000000000000e+05
4.552000000000000000e+05
4.654570000000000000e+05
4.726400000000000000e+05
4.813130000000000000e+05
4.890290000000000000e+05
4.966510000000000000e+05
5.060430000000000000e+05
5.146260000000000000e+05
5.209470000000000000e+05
5.292170000000000000e+05
5.362180000000000000e+05
5.455480000000000000e+05
5.514480000000000000e+05
5.602680000000000000e+05
5.672280000000000000e+05
5.746280000000000000e+05
5.815280000000000000e+05
5.879320000000000000e+05
5.931380000000000000e+05
5.991620000000000000e+05
6.053760000000000000e+05
6.096090000000000000e+05
6.148210000000000000e+05
6.202250000000000000e+05
6.228580000000000000e+05
6.259440000000000000e+05
6.278070000000000000e+05
6.321860000000000000e+05
6.329720000000000000e+05
6.346330000000000000e+05
6.359830000000000000e+05
6.372550000000000000e+05
6.353160000000000000e+05
6.364780000000000000e+05
6.347860000000000000e+05
6.315540000000000000e+05
6.314130000000000000e+05
6.295260000000000000e+05
6.263310000000000000e+05
6.217850000000000000e+05
6.211390000000000000e+05
6.147610000000000000e+05
6.091450000000000000e+05
6.051340000000000000e+05
5.990190000000000000e+05
5.933890000000000000e+05
5.874270000000000000e+05
5.802640000000000000e+05
5.737650000000000000e+05
5.673490000000000000e+05
5.599130000000000000e+05
5.525730000000000000e+05
5.452680000000000000e+05
5.368050000000000000e+05
5.298810000000000000e+05
5.209850000000000000e+05
5.140890000000000000e+05
5.050880000000000000e+05
4.966410000000000000e+05
4.880340000000000000e+05
4.811840000000000000e+05
4.724990000000000000e+05
4.649210000000000000e+05
4.556710000000000000e+05
4.478370000000000000e+05
4.399250000000000000e+05
4.310470000000000000e+05
4.243830000000000000e+05
4.137520000000000000e+05
4.073020000000000000e+05
3.999880000000000000e+05
3.902230000000000000e+05
3.846940000000000000e+05
3.768040000000000000e+05
3.701550000000000000e+05
3.612210000000000000e+05
3.557130000000000000e+05
3.490400000000000000e+05
3.415620000000000000e+05
3.355400000000000000e+05
3.277730000000000000e+05
3.221430000000000000e+05
3.153830000000000000e+05
3.088110000000000000e+05
3.023260000000000000e+05
2.965030000000000000e+05
2.901860000000000000e+05
2.848630000000000000e+05
2.801470000000000000e+05
2.738150000000000000e+05
2.681550000000000000e+05
2.641850000000000000e+05
2.575640000000000000e+05
2.529690000000000000e+05
2.481970000000000000e+05
2.442320000000000000e+05
2.390340000000000000e+05
2.340610000000000000e+05
2.297980000000000000e+05
2.257860000000000000e+05
2.217290000000000000e+05
2.172980000000000000e+05
2.135410000000000000e+05
2.091700000000000000e+05
2.054770000000000000e+05
2.011440000000000000e+05
1.978170000000000000e+05
1.941830000000000000e+05
1.903140000000000000e+05
1.875730000000000000e+05
1.838540000000000000e+05
1.800210000000000000e+05
1.780040000000000000e+05
1.738150000000000000e+05
1.706620000000000000e+05
1.676660000000000000e+05
1.648370000000000000e+05
1.610230000000000000e+05
1.596760000000000000e+05
1.567560000000000000e+05
1.539880000000000000e+05
1.512490000000000000e+05
1.487220000000000000e+05
1.460650000000000000e+05
1.442260000000000000e+05
1.415570000000000000e+05
1.390340000000000000e+05
1.369450000000000000e+05
1.349920000000000000e+05
1.332670000000000000e+05
1.302400000000000000e+05
1.280600000000000000e+05
1.266520000000000000e+05
1.240830000000000000e+05
1.219910000000000000e+05
1.201050000000000000e+05
1.186890000000000000e+05
1.166850000000000000e+05
1.151380000000000000e+05
1.133040000000000000e+05
1.118280000000000000e+05
1.094170000000000000e+05
1.084010000000000000e+05
1.066190000000000000e+05
1.048890000000000000e+05
1.036240000000000000e+05
1.022840000000000000e+05
1.003470000000000000e+05
9.919100000000000000e+04
9.795700000000000000e+04
9.648300000000000000e+04
9.446200000000000000e+04
9.351300000000000000e+04
9.245400000000000000e+04
9.079800000000000000e+04
8.987300000000000000e+04
8.852700000000000000e+04
8.711700000000000000e+04
8.596400000000000000e+04
8.505700000000000000e+04
8.356300000000000000e+04
8.247200000000000000e+04
8.156800000000000000e+04
8.024900000000000000e+04
7.967300000000000000e+04
7.844300000000000000e+04
7.718500000000000000e+04
7.622700000000000000e+04
7.573500000000000000e+04
7.437500000000000000e+04
7.378500000000000000e+04
7.267400000000000000e+04
7.128400000000000000e+04
7.082400000000000000e+04
7.002300000000000000e+04
6.866100000000000000e+04
6.785600000000000000e+04
6.700800000000000000e+04
6.670700000000000000e+04
6.607600000000000000e+04
6.454500000000000000e+04
6.405300000000000000e+04
6.322300000000000000e+04
6.267500000000000000e+04
6.193100000000000000e+04
6.094200000000000000e+04
6.063100000000000000e+04
5.995200000000000000e+04
5.880800000000000000e+04
5.862300000000000000e+04
5.760800000000000000e+04
5.691100000000000000e+04
5.647800000000000000e+04
5.557000000000000000e+04
5.502500000000000000e+04
5.438100000000000000e+04
5.377100000000000000e+04
5.334600000000000000e+04
5.289100000000000000e+04
5.215100000000000000e+04
5.155900000000000000e+04
5.091300000000000000e+04
5.037500000000000000e+04
4.974100000000000000e+04
4.954200000000000000e+04
4.858000000000000000e+04
4.853200000000000000e+04
4.796800000000000000e+04
4.709600000000000000e+04
4.650500000000000000e+04
4.674000000000000000e+04
4.629500000000000000e+04
4.567800000000000000e+04
4.481700000000000000e+04
4.422900000000000000e+04
4.423100000000000000e+04
4.370200000000000000e+04
4.309900000000000000e+04
4.255200000000000000e+04
4.218000000000000000e+04
4.193600000000000000e+04
4.119700000000000000e+04
4.155000000000000000e+04
4.082600000000000000e+04
4.019200000000000000e+04
3.952900000000000000e+04
3.918600000000000000e+04
3.894400000000000000e+04
3.869300000000000000e+04
3.856300000000000000e+04
3.798000000000000000e+04
3.771400000000000000e+04
3.706200000000000000e+04
3.699400000000000000e+04
3.661700000000000000e+04
3.625400000000000000e+04
3.542000000000000000e+04
3.550500000000000000e+04
3.509700000000000000e+04
3.503600000000000000e+04
3.439000000000000000e+04
3.439100000000000000e+04
3.441000000000000000e+04
3.364500000000000000e+04
3.323200000000000000e+04
3.320400000000000000e+04
3.278500000000000000e+04
3.255100000000000000e+04
3.204000000000000000e+04
3.257500000000000000e+04
3.166400000000000000e+04
3.135500000000000000e+04
3.103000000000000000e+04
3.067000000000000000e+04
3.075000000000000000e+04
3.021000000000000000e+04
2.991000000000000000e+04
2.989300000000000000e+04
2.969000000000000000e+04
2.938000000000000000e+04
2.894900000000000000e+04
2.885400000000000000e+04
2.860400000000000000e+04
2.839800000000000000e+04
2.817600000000000000e+04
2.788000000000000000e+04
2.758300000000000000e+04
2.752200000000000000e+04
2.708200000000000000e+04
2.697000000000000000e+04
2.688300000000000000e+04
2.669900000000000000e+04
2.609700000000000000e+04
2.613800000000000000e+04
2.576100000000000000e+04
2.582200000000000000e+04
2.533400000000000000e+04
2.528200000000000000e+04
2.516500000000000000e+04
2.485100000000000000e+04
2.476700000000000000e+04
2.440400000000000000e+04
2.461100000000000000e+04
2.419100000000000000e+04
2.387200000000000000e+04
2.366900000000000000e+04
2.380200000000000000e+04
2.357200000000000000e+04
2.325700000000000000e+04
2.315700000000000000e+04
2.304700000000000000e+04
2.266500000000000000e+04
2.262800000000000000e+04
2.287400000000000000e+04
2.239100000000000000e+04
2.190700000000000000e+04
2.186100000000000000e+04
2.162600000000000000e+04
2.154800000000000000e+04
2.133400000000000000e+04
2.124400000000000000e+04
2.128600000000000000e+04
2.109300000000000000e+04
2.131600000000000000e+04
2.083600000000000000e+04
2.052600000000000000e+04
2.044700000000000000e+04
2.027800000000000000e+04
2.010600000000000000e+04
2.007800000000000000e+04
1.958900000000000000e+04
1.977500000000000000e+04
1.948700000000000000e+04
1.946100000000000000e+04
1.919100000000000000e+04
1.919200000000000000e+04
1.902900000000000000e+04
1.862700000000000000e+04
1.872400000000000000e+04
1.898700000000000000e+04
1.864200000000000000e+04
1.845500000000000000e+04
1.811600000000000000e+04
1.800600000000000000e+04
1.799100000000000000e+04
1.791200000000000000e+04
1.787500000000000000e+04
1.777600000000000000e+04
1.762100000000000000e+04
1.755600000000000000e+04
1.730600000000000000e+04
1.722900000000000000e+04
1.722300000000000000e+04
1.706400000000000000e+04
1.699300000000000000e+04
1.677800000000000000e+04
1.662600000000000000e+04
1.675000000000000000e+04
1.646300000000000000e+04
1.640800000000000000e+04
1.615300000000000000e+04
1.619600000000000000e+04
1.603600000000000000e+04
1.616100000000000000e+04
1.601000000000000000e+04
1.589300000000000000e+04
1.587800000000000000e+04
1.575200000000000000e+04
1.540200000000000000e+04
1.535000000000000000e+04
1.522600000000000000e+04
1.545300000000000000e+04
1.514800000000000000e+04
1.498800000000000000e+04
1.480700000000000000e+04
1.484700000000000000e+04
1.477900000000000000e+04
1.467800000000000000e+04
1.447800000000000000e+04
1.428900000000000000e+04
1.462700000000000000e+04
1.425900000000000000e+04
1.448700000000000000e+04
1.412200000000000000e+04
1.406600000000000000e+04
1.399400000000000000e+04
1.406900000000000000e+04
1.382300000000000000e+04
1.365800000000000000e+04
1.382700000000000000e+04
1.348800000000000000e+04
1.340500000000000000e+04
1.355100000000000000e+04
1.356800000000000000e+04
1.336900000000000000e+04
1.344400000000000000e+04
1.320700000000000000e+04
1.284200000000000000e+04
1.293000000000000000e+04
1.310100000000000000e+04
1.286200000000000000e+04
1.281600000000000000e+04
1.261900000000000000e+04
1.263200000000000000e+04
1.257100000000000000e+04
1.225900000000000000e+04
1.249800000000000000e+04
1.209300000000000000e+04
1.239200000000000000e+04
1.216400000000000000e+04
1.226100000000000000e+04
1.216900000000000000e+04
1.213100000000000000e+04
1.221900000000000000e+04
1.192400000000000000e+04
1.165200000000000000e+04
1.169400000000000000e+04
1.148200000000000000e+04
1.179700000000000000e+04
1.125700000000000000e+04
1.148800000000000000e+04
1.140800000000000000e+04
1.136000000000000000e+04
1.119500000000000000e+04
1.124800000000000000e+04
1.104700000000000000e+04
1.127100000000000000e+04
1.110900000000000000e+04
1.082500000000000000e+04
1.112100000000000000e+04
1.088100000000000000e+04
1.085600000000000000e+04
1.082200000000000000e+04
1.085100000000000000e+04
1.069500000000000000e+04
1.065600000000000000e+04
1.051600000000000000e+04
1.046400000000000000e+04
1.048700000000000000e+04
1.039300000000000000e+04
1.035900000000000000e+04
1.035200000000000000e+04
1.014100000000000000e+04
1.008600000000000000e+04
1.004500000000000000e+04
9.817000000000000000e+03
1.004200000000000000e+04
9.811000000000000000e+03
1.001100000000000000e+04
9.750000000000000000e+03
9.886000000000000000e+03
9.783000000000000000e+03
9.815000000000000000e+03
9.845000000000000000e+03
9.485000000000000000e+03
9.651000000000000000e+03
9.539000000000000000e+03
9.379000000000000000e+03
9.449000000000000000e+03
9.385000000000000000e+03
9.347000000000000000e+03
9.190000000000000000e+03
9.173000000000000000e+03
9.241000000000000000e+03
9.306000000000000000e+03
9.126000000000000000e+03
9.265000000000000000e+03
8.987000000000000000e+03
9.087000000000000000e+03
9.147000000000000000e+03
9.089000000000000000e+03
9.049000000000000000e+03
8.938000000000000000e+03
8.810000000000000000e+03
8.746000000000000000e+03
8.680000000000000000e+03
8.741000000000000000e+03
8.571000000000000000e+03
8.719000000000000000e+03
8.614000000000000000e+03
8.511000000000000000e+03
8.293000000000000000e+03
8.338000000000000000e+03
8.247000000000000000e+03
8.208000000000000000e+03
8.414000000000000000e+03
8.474000000000000000e+03
8.105000000000000000e+03
8.111000000000000000e+03
8.172000000000000000e+03
8.111000000000000000e+03
8.091000000000000000e+03
8.128000000000000000e+03
8.079000000000000000e+03
7.934000000000000000e+03
8.006000000000000000e+03
8.059000000000000000e+03
8.139000000000000000e+03
7.827000000000000000e+03
7.921000000000000000e+03
7.783000000000000000e+03
7.801000000000000000e+03
7.673000000000000000e+03
7.833000000000000000e+03
7.733000000000000000e+03
7.655000000000000000e+03
7.484000000000000000e+03
7.688000000000000000e+03
7.632000000000000000e+03
7.629000000000000000e+03
7.463000000000000000e+03
7.582000000000000000e+03
7.476000000000000000e+03
7.425000000000000000e+03
7.427000000000000000e+03
7.216000000000000000e+03
7.165000000000000000e+03
7.267000000000000000e+03
7.258000000000000000e+03
7.123000000000000000e+03
7.251000000000000000e+03
7.345000000000000000e+03
7.106000000000000000e+03
7.131000000000000000e+03
7.210000000000000000e+03
7.064000000000000000e+03
7.076000000000000000e+03
6.959000000000000000e+03
6.987000000000000000e+03
6.890000000000000000e+03
6.973000000000000000e+03
6.842000000000000000e+03
6.777000000000000000e+03
6.761000000000000000e+03
6.799000000000000000e+03
6.699000000000000000e+03
6.629000000000000000e+03
6.710000000000000000e+03
6.594000000000000000e+03
6.678000000000000000e+03
6.557000000000000000e+03
6.470000000000000000e+03
6.529000000000000000e+03
6.446000000000000000e+03
6.399000000000000000e+03
6.418000000000000000e+03
6.463000000000000000e+03
6.432000000000000000e+03
6.469000000000000000e+03
6.203000000000000000e+03
6.417000000000000000e+03
6.272000000000000000e+03
