4.046000000000000000e+03
4.141000000000000000e+03
4.246000000000000000e+03
4.496000000000000000e+03
4.765000000000000000e+03
5.075000000000000000e+03
5.125000000000000000e+03
5.486000000000000000e+03
5.657000000000000000e+03
6.168000000000000000e+03
6.361000000000000000e+03
6.486000000000000000e+03
6.908000000000000000e+03
7.306000000000000000e+03
7.848000000000000000e+03
8.041000000000000000e+03
8.644000000000000000e+03
9.230000000000000000e+03
9.903000000000000000e+03
1.034800000000000000e+04
1.112800000000000000e+04
1.207100000000000000e+04
1.270500000000000000e+04
1.360700000000000000e+04
1.457600000000000000e+04
1.617900000000000000e+04
1.726400000000000000e+04
1.867800000000000000e+04
2.046900000000000000e+04
2.243400000000000000e+04
2.424800000000000000e+04
2.689600000000000000e+04
3.007100000000000000e+04
3.350800000000000000e+04
3.765300000000000000e+04
4.250600000000000000e+04
4.821300000000000000e+04
5.516600000000000000e+04
6.335500000000000000e+04
7.389800000000000000e+04
8.658000000000000000e+04
1.033270000000000000e+05
1.227240000000000000e+05
1.481610000000000000e+05
1.801980000000000000e+05
2.196430000000000000e+05
2.662390000000000000e+05
3.184150000000000000e+05
3.641840000000000000e+05
3.926360000000000000e+05
3.931510000000000000e+05
3.647000000000000000e+05
3.175870000000000000e+05
2.681590000000000000e+05
2.203870000000000000e+05
1.799660000000000000e+05
1.476630000000000000e+05
1.220800000000000000e+05
1.022470000000000000e+05
8.667000000000000000e+04
7.378700000000000000e+04
6.362500000000000000e+04
5.525800000000000000e+04
4.791500000000000000e+04
4.200500000000000000e+04
3.742800000000000000e+04
3.339300000000000000e+04
3.003100000000000000e+04
2.708400000000000000e+04
2.443400000000000000e+04
2.249100000000000000e+04
2.042400000000000000e+04
1.888600000000000000e+04
1.701200000000000000e+04
1.596800000000000000e+04
1.485700000000000000e+04
1.377400000000000000e+04
1.259700000000000000e+04
1.201300000000000000e+04
1.128100000000000000e+04
1.036500000000000000e+04
9.749000000000000000e+03
9.297000000000000000e+03
8.650000000000000000e+03
8.075000000000000000e+03
7.557000000000000000e+03
7.340000000000000000e+03
6.876000000000000000e+03
6.437000000000000000e+03
6.199000000000000000e+03
6.029000000000000000e+03
5.594000000000000000e+03
5.488000000000000000e+03
5.229000000000000000e+03
5.027000000000000000e+03
4.625000000000000000e+03
4.565000000000000000e+03
4.277000000000000000e+03
4.255000000000000000e+03
4.080000000000000000e+03
4.046000000000000000e+03
4.141000000000000000e+03
4.246000000000000000e+03
4.496000000000000000e+03
4.765000000000000000e+03
5.075000000000000000e+03
5.125000000000000000e+03
5.486000000000000000e+03
5.657000000000000000e+03
6.168000000000000000e+03
6.361000000000000000e+03
6.486000000000000000e+03
6.908000000000000000e+03
7.306000000000000000e+03
7.848000000000000000e+03
8.041000000000000000e+03
8.644000000000000000e+03
9.230000000000000000e+03
9.903000000000000000e+03
1.034800000000000000e+04
1.112800000000000000e+04
1.207100000000000000e+04
1.270500000000000000e+04
1.360700000000000000e+04
1.457600000000000000e+04
1.617900000000000000e+04
1.726400000000000000e+04
1.867800000000000000e+04
2.046900000000000000e+04
2.243400000000000000e+04
2.424800000000000000e+04
2.689600000000000000e+04
3.007100000000000000e+04
3.350800000000000000e+04
3.765300000000000000e+04
4.250600000000000000e+04
4.821300000000000000e+04
5.516600000000000000e+04
6.335500000000000000e+04
7.389800000000000000e+04
8.658000000000000000e+04
1.033270000000000000e+05
1.227240000000000000e+05
1.481610000000000000e+05
1.801980000000000000e+05
2.196430000000000000e+05
2.662390000000000000e+05
3.184150000000000000e+05
3.641840000000000000e+05
3.926360000000000000e+05
3.931510000000000000e+05
3.647000000000000000e+05
3.175870000000000000e+05
2.681590000000000000e+05
2.203870000000000000e+05
1.799660000000000000e+05
1.476630000000000000e+05
1.220800000000000000e+05
1.022470000000000000e+05
8.667000000000000000e+04
7.378700000000000000e+04
6.362500000000000000e+04
5.525800000000000000e+04
4.791500000000000000e+04
4.200500000000000000e+04
3.742800000000000000e+04
3.339300000000000000e+04
3.003100000000000000e+04
2.708400000000000000e+04
2.443400000000000000e+04
2.249100000000000000e+04
2.042400000000000000e+04
1.888600000000000000e+04
1.701200000000000000e+04
1.596800000000000000e+04
1.485700000000000000e+04
1.377400000000000000e+04
1.259700000000000000e+04
1.201300000000000000e+04
1.128100000000000000e+04
1.036500000000000000e+04
9.749000000000000000e+03
9.297000000000000000e+03
8.650000000000000000e+03
8.075000000000000000e+03
7.557000000000000000e+03
7.340000000000000000e+03
6.876000000000000000e+03
6.437000000000000000e+03
6.199000000000000000e+03
6.029000000000000000e+03
5.594000000000000000e+03
5.488000000000000000e+03
5.229000000000000000e+03
5.027000000000000000e+03
4.625000000000000000e+03
4.565000000000000000e+03
4.277000000000000000e+03
4.255000000000000000e+03
4.080000000000000000e+03
4.046000000000000000e+03
4.141000000000000000e+03
4.246000000000000000e+03
4.496000000000000000e+03
4.765000000000000000e+03
5.075000000000000000e+03
5.125000000000000000e+03
5.486000000000000000e+03
5.657000000000000000e+03
6.168000000000000000e+03
6.361000000000000000e+03
6.486000000000000000e+03
6.908000000000000000e+03
7.306000000000000000e+03
7.848000000000000000e+03
8.041000000000000000e+03
8.644000000000000000e+03
9.230000000000000000e+03
9.903000000000000000e+03
1.034800000000000000e+04
1.112800000000000000e+04
1.207100000000000000e+04
1.270500000000000000e+04
1.360700000000000000e+04
1.457600000000000000e+04
1.617900000000000000e+04
1.726400000000000000e+04
1.867800000000000000e+04
2.046900000000000000e+04
2.243400000000000000e+04
2.424800000000000000e+04
2.689600000000000000e+04
3.007100000000000000e+04
3.350800000000000000e+04
3.765300000000000000e+04
4.250600000000000000e+04
4.821300000000000000e+04
5.516600000000000000e+04
6.335500000000000000e+04
7.389800000000000000e+04
8.658000000000000000e+04
1.033270000000000000e+05
1.227240000000000000e+05
1.481610000000000000e+05
1.801980000000000000e+05
2.196430000000000000e+05
2.662390000000000000e+05
3.184150000000000000e+05
3.641840000000000000e+05
3.926360000000000000e+05
3.931510000000000000e+05
3.647000000000000000e+05
3.175870000000000000e+05
2.681590000000000000e+05
2.203870000000000000e+05
1.799660000000000000e+05
1.476630000000000000e+05
1.220800000000000000e+05
1.022470000000000000e+05
8.667000000000000000e+04
7.378700000000000000e+04
6.362500000000000000e+04
5.525800000000000000e+04
4.791500000000000000e+04
4.200500000000000000e+04
3.742800000000000000e+04
3.339300000000000000e+04
3.003100000000000000e+04
2.708400000000000000e+04
2.443400000000000000e+04
2.249100000000000000e+04
2.042400000000000000e+04
1.888600000000000000e+04
1.701200000000000000e+04
1.596800000000000000e+04
1.485700000000000000e+04
1.377400000000000000e+04
1.259700000000000000e+04
1.201300000000000000e+04
1.128100000000000000e+04
1.036500000000000000e+04
9.749000000000000000e+03
9.297000000000000000e+03
8.650000000000000000e+03
8.075000000000000000e+03
7.557000000000000000e+03
7.340000000000000000e+03
6.876000000000000000e+03
6.437000000000000000e+03
6.199000000000000000e+03
6.029000000000000000e+03
5.594000000000000000e+03
5.488000000000000000e+03
5.229000000000000000e+03
5.027000000000000000e+03
4.625000000000000000e+03
4.565000000000000000e+03
4.277000000000000000e+03
4.255000000000000000e+03
4.080000000000000000e+03
4.046000000000000000e+03
4.141000000000000000e+03
4.246000000000000000e+03
4.496000000000000000e+03
4.765000000000000000e+03
5.075000000000000000e+03
5.125000000000000000e+03
5.486000000000000000e+03
5.657000000000000000e+03
6.168000000000000000e+03
6.361000000000000000e+03
6.486000000000000000e+03
6.908000000000000000e+03
7.306000000000000000e+03
7.848000000000000000e+03
8.041000000000000000e+03
8.644000000000000000e+03
9.230000000000000000e+03
9.903000000000000000e+03
1.034800000000000000e+04
1.112800000000000000e+04
1.207100000000000000e+04
1.270500000000000000e+04
1.360700000000000000e+04
1.457600000000000000e+04
1.617900000000000000e+04
1.726400000000000000e+04
1.867800000000000000e+04
2.046900000000000000e+04
2.243400000000000000e+04
2.424800000000000000e+04
2.689600000000000000e+04
3.007100000000000000e+04
3.350800000000000000e+04
3.765300000000000000e+04
4.250600000000000000e+04
4.821300000000000000e+04
5.516600000000000000e+04
6.335500000000000000e+04
7.389800000000000000e+04
8.658000000000000000e+04
1.033270000000000000e+05
1.227240000000000000e+05
1.481610000000000000e+05
1.801980000000000000e+05
2.196430000000000000e+05
2.662390000000000000e+05
3.184150000000000000e+05
3.641840000000000000e+05
3.926360000000000000e+05
3.931510000000000000e+05
3.647000000000000000e+05
3.175870000000000000e+05
2.681590000000000000e+05
2.203870000000000000e+05
1.799660000000000000e+05
1.476630000000000000e+05
1.220800000000000000e+05
1.022470000000000000e+05
8.667000000000000000e+04
7.378700000000000000e+04
6.362500000000000000e+04
5.525800000000000000e+04
4.791500000000000000e+04
4.200500000000000000e+04
3.742800000000000000e+04
3.339300000000000000e+04
3.003100000000000000e+04
2.708400000000000000e+04
2.443400000000000000e+04
2.249100000000000000e+04
2.042400000000000000e+04
1.888600000000000000e+04
1.701200000000000000e+04
1.596800000000000000e+04
1.485700000000000000e+04
1.377400000000000000e+04
1.259700000000000000e+04
1.201300000000000000e+04
1.128100000000000000e+04
1.036500000000000000e+04
9.749000000000000000e+03
9.297000000000000000e+03
8.650000000000000000e+03
8.075000000000000000e+03
7.557000000000000000e+03
7.340000000000000000e+03
6.876000000000000000e+03
6.437000000000000000e+03
6.199000000000000000e+03
6.029000000000000000e+03
5.594000000000000000e+03
5.488000000000000000e+03
5.229000000000000000e+03
5.027000000000000000e+03
4.625000000000000000e+03
4.565000000000000000e+03
4.277000000000000000e+03
4.255000000000000000e+03
4.080000000000000000e+03
4.046000000000000000e+03
4.141000000000000000e+03
4.246000000000000000e+03
4.496000000000000000e+03
4.765000000000000000e+03
5.075000000000000000e+03
5.125000000000000000e+03
5.486000000000000000e+03
5.657000000000000000e+03
6.168000000000000000e+03
6.361000000000000000e+03
6.486000000000000000e+03
6.908000000000000000e+03
7.306000000000000000e+03
7.848000000000000000e+03
8.041000000000000000e+03
8.644000000000000000e+03
9.230000000000000000e+03
9.903000000000000000e+03
1.034800000000000000e+04
1.112800000000000000e+04
1.207100000000000000e+04
1.270500000000000000e+04
1.360700000000000000e+04
1.457600000000000000e+04
1.617900000000000000e+04
1.726400000000000000e+04
1.867800000000000000e+04
2.046900000000000000e+04
2.243400000000000000e+04
2.424800000000000000e+04
2.689600000000000000e+04
3.007100000000000000e+04
3.350800000000000000e+04
3.765300000000000000e+04
4.250600000000000000e+04
4.821300000000000000e+04
5.516600000000000000e+04
6.335500000000000000e+04
7.389800000000000000e+04
8.658000000000000000e+04
1.033270000000000000e+05
1.227240000000000000e+05
1.481610000000000000e+05
1.801980000000000000e+05
2.196430000000000000e+05
2.662390000000000000e+05
3.184150000000000000e+05
3.641840000000000000e+05
3.926360000000000000e+05
3.931510000000000000e+05
3.647000000000000000e+05
3.175870000000000000e+05
2.681590000000000000e+05
2.203870000000000000e+05
1.799660000000000000e+05
1.476630000000000000e+05
1.220800000000000000e+05
1.022470000000000000e+05
8.667000000000000000e+04
7.378700000000000000e+04
6.362500000000000000e+04
5.525800000000000000e+04
4.791500000000000000e+04
4.200500000000000000e+04
3.742800000000000000e+04
3.339300000000000000e+04
3.003100000000000000e+04
2.708400000000000000e+04
2.443400000000000000e+04
2.249100000000000000e+04
2.042400000000000000e+04
1.888600000000000000e+04
1.701200000000000000e+04
1.596800000000000000e+04
1.485700000000000000e+04
1.377400000000000000e+04
1.259700000000000000e+04
1.201300000000000000e+04
1.128100000000000000e+04
1.036500000000000000e+04
9.749000000000000000e+03
9.297000000000000000e+03
8.650000000000000000e+03
8.075000000000000000e+03
7.557000000000000000e+03
7.340000000000000000e+03
6.876000000000000000e+03
6.437000000000000000e+03
6.199000000000000000e+03
6.029000000000000000e+03
5.594000000000000000e+03
5.488000000000000000e+03
5.229000000000000000e+03
5.027000000000000000e+03
4.625000000000000000e+03
4.565000000000000000e+03
4.277000000000000000e+03
4.255000000000000000e+03
4.080000000000000000e+03
4.046000000000000000e+03
4.141000000000000000e+03
4.246000000000000000e+03
4.496000000000000000e+03
4.765000000000000000e+03
5.075000000000000000e+03
5.125000000000000000e+03
5.486000000000000000e+03
5.657000000000000000e+03
6.168000000000000000e+03
6.361000000000000000e+03
6.486000000000000000e+03
6.908000000000000000e+03
7.306000000000000000e+03
7.848000000000000000e+03
8.041000000000000000e+03
8.644000000000000000e+03
9.230000000000000000e+03
9.903000000000000000e+03
1.034800000000000000e+04
1.112800000000000000e+04
1.207100000000000000e+04
1.270500000000000000e+04
1.360700000000000000e+04
1.457600000000000000e+04
1.617900000000000000e+04
1.726400000000000000e+04
1.867800000000000000e+04
2.046900000000000000e+04
2.243400000000000000e+04
2.424800000000000000e+04
2.689600000000000000e+04
3.007100000000000000e+04
3.350800000000000000e+04
3.765300000000000000e+04
4.250600000000000000e+04
4.821300000000000000e+04
5.516600000000000000e+04
6.335500000000000000e+04
7.389800000000000000e+04
8.658000000000000000e+04
1.033270000000000000e+05
1.227240000000000000e+05
1.481610000000000000e+05
1.801980000000000000e+05
2.196430000000000000e+05
2.662390000000000000e+05
3.184150000000000000e+05
3.641840000000000000e+05
3.926360000000000000e+05
3.931510000000000000e+05
3.647000000000000000e+05
3.175870000000000000e+05
2.681590000000000000e+05
2.203870000000000000e+05
1.799660000000000000e+05
1.476630000000000000e+05
1.220800000000000000e+05
1.022470000000000000e+05
8.667000000000000000e+04
7.378700000000000000e+04
6.362500000000000000e+04
5.525800000000000000e+04
4.791500000000000000e+04
4.200500000000000000e+04
3.742800000000000000e+04
3.339300000000000000e+04
3.003100000000000000e+04
2.708400000000000000e+04
2.443400000000000000e+04
2.249100000000000000e+04
2.042400000000000000e+04
1.888600000000000000e+04
1.701200000000000000e+04
1.596800000000000000e+04
1.485700000000000000e+04
1.377400000000000000e+04
1.259700000000000000e+04
1.201300000000000000e+04
1.128100000000000000e+04
1.036500000000000000e+04
9.749000000000000000e+03
9.297000000000000000e+03
8.650000000000000000e+03
8.075000000000000000e+03
7.557000000000000000e+03
7.340000000000000000e+03
6.876000000000000000e+03
6.437000000000000000e+03
6.199000000000000000e+03
6.029000000000000000e+03
5.594000000000000000e+03
5.488000000000000000e+03
5.229000000000000000e+03
5.027000000000000000e+03
4.625000000000000000e+03
4.565000000000000000e+03
4.277000000000000000e+03
4.255000000000000000e+03
4.080000000000000000e+03
4.046000000000000000e+03
4.141000000000000000e+03
4.246000000000000000e+03
4.496000000000000000e+03
4.765000000000000000e+03
5.075000000000000000e+03
5.125000000000000000e+03
5.486000000000000000e+03
5.657000000000000000e+03
6.168000000000000000e+03
6.361000000000000000e+03
6.486000000000000000e+03
6.908000000000000000e+03
7.306000000000000000e+03
7.848000000000000000e+03
8.041000000000000000e+03
8.644000000000000000e+03
9.230000000000000000e+03
9.903000000000000000e+03
1.034800000000000000e+04
1.112800000000000000e+04
1.207100000000000000e+04
1.270500000000000000e+04
1.360700000000000000e+04
1.457600000000000000e+04
1.617900000000000000e+04
1.726400000000000000e+04
1.867800000000000000e+04
2.046900000000000000e+04
2.243400000000000000e+04
2.424800000000000000e+04
2.689600000000000000e+04
3.007100000000000000e+04
3.350800000000000000e+04
3.765300000000000000e+04
4.250600000000000000e+04
4.821300000000000000e+04
5.516600000000000000e+04
6.335500000000000000e+04
7.389800000000000000e+04
8.658000000000000000e+04
1.033270000000000000e+05
1.227240000000000000e+05
1.481610000000000000e+05
1.801980000000000000e+05
2.196430000000000000e+05
2.662390000000000000e+05
3.184150000000000000e+05
3.641840000000000000e+05
3.926360000000000000e+05
3.931510000000000000e+05
3.647000000000000000e+05
3.175870000000000000e+05
2.681590000000000000e+05
2.203870000000000000e+05
1.799660000000000000e+05
1.476630000000000000e+05
1.220800000000000000e+05
1.022470000000000000e+05
8.667000000000000000e+04
7.378700000000000000e+04
6.362500000000000000e+04
5.525800000000000000e+04
4.791500000000000000e+04
4.200500000000000000e+04
3.742800000000000000e+04
3.339300000000000000e+04
3.003100000000000000e+04
2.708400000000000000e+04
2.443400000000000000e+04
2.249100000000000000e+04
2.042400000000000000e+04
1.888600000000000000e+04
1.701200000000000000e+04
1.596800000000000000e+04
1.485700000000000000e+04
1.377400000000000000e+04
1.259700000000000000e+04
1.201300000000000000e+04
1.128100000000000000e+04
1.036500000000000000e+04
9.749000000000000000e+03
9.297000000000000000e+03
8.650000000000000000e+03
8.075000000000000000e+03
7.557000000000000000e+03
7.340000000000000000e+03
6.876000000000000000e+03
6.437000000000000000e+03
6.199000000000000000e+03
6.029000000000000000e+03
5.594000000000000000e+03
5.488000000000000000e+03
5.229000000000000000e+03
5.027000000000000000e+03
4.625000000000000000e+03
4.565000000000000000e+03
4.277000000000000000e+03
4.255000000000000000e+03
4.080000000000000000e+03
4.046000000000000000e+03
4.141000000000000000e+03
4.246000000000000000e+03
4.496000000000000000e+03
4.765000000000000000e+03
5.075000000000000000e+03
5.125000000000000000e+03
5.486000000000000000e+03
5.657000000000000000e+03
6.168000000000000000e+03
6.361000000000000000e+03
6.486000000000000000e+03
6.908000000000000000e+03
7.306000000000000000e+03
7.848000000000000000e+03
8.041000000000000000e+03
8.644000000000000000e+03
9.230000000000000000e+03
9.903000000000000000e+03
1.034800000000000000e+04
1.112800000000000000e+04
1.207100000000000000e+04
1.270500000000000000e+04
1.360700000000000000e+04
1.457600000000000000e+04
1.617900000000000000e+04
1.726400000000000000e+04
1.867800000000000000e+04
2.046900000000000000e+04
2.243400000000000000e+04
2.424800000000000000e+04
2.689600000000000000e+04
3.007100000000000000e+04
3.350800000000000000e+04
3.765300000000000000e+04
4.250600000000000000e+04
4.821300000000000000e+04
5.516600000000000000e+04
6.335500000000000000e+04
7.389800000000000000e+04
8.658000000000000000e+04
1.033270000000000000e+05
1.227240000000000000e+05
1.481610000000000000e+05
1.801980000000000000e+05
2.196430000000000000e+05
2.662390000000000000e+05
3.184150000000000000e+05
3.641840000000000000e+05
3.926360000000000000e+05
3.931510000000000000e+05
3.647000000000000000e+05
3.175870000000000000e+05
2.681590000000000000e+05
2.203870000000000000e+05
1.799660000000000000e+05
1.476630000000000000e+05
1.220800000000000000e+05
1.022470000000000000e+05
8.667000000000000000e+04
7.378700000000000000e+04
6.362500000000000000e+04
5.525800000000000000e+04
4.791500000000000000e+04
4.200500000000000000e+04
3.742800000000000000e+04
3.339300000000000000e+04
3.003100000000000000e+04
2.708400000000000000e+04
2.443400000000000000e+04
2.249100000000000000e+04
2.042400000000000000e+04
1.888600000000000000e+04
1.701200000000000000e+04
1.596800000000000000e+04
1.485700000000000000e+04
1.377400000000000000e+04
1.259700000000000000e+04
1.201300000000000000e+04
1.128100000000000000e+04
1.036500000000000000e+04
9.749000000000000000e+03
9.297000000000000000e+03
8.650000000000000000e+03
8.075000000000000000e+03
7.557000000000000000e+03
7.340000000000000000e+03
6.876000000000000000e+03
6.437000000000000000e+03
6.199000000000000000e+03
6.029000000000000000e+03
5.594000000000000000e+03
5.488000000000000000e+03
5.229000000000000000e+03
5.027000000000000000e+03
4.625000000000000000e+03
4.565000000000000000e+03
4.277000000000000000e+03
4.255000000000000000e+03
4.080000000000000000e+03
4.046000000000000000e+03
4.141000000000000000e+03
4.246000000000000000e+03
4.496000000000000000e+03
4.765000000000000000e+03
5.075000000000000000e+03
5.125000000000000000e+03
5.486000000000000000e+03
5.657000000000000000e+03
6.168000000000000000e+03
6.361000000000000000e+03
6.486000000000000000e+03
6.908000000000000000e+03
7.306000000000000000e+03
7.848000000000000000e+03
8.041000000000000000e+03
8.644000000000000000e+03
9.230000000000000000e+03
9.903000000000000000e+03
1.034800000000000000e+04
1.112800000000000000e+04
1.207100000000000000e+04
1.270500000000000000e+04
1.360700000000000000e+04
1.457600000000000000e+04
1.617900000000000000e+04
1.726400000000000000e+04
1.867800000000000000e+04
2.046900000000000000e+04
2.243400000000000000e+04
2.424800000000000000e+04
2.689600000000000000e+04
3.007100000000000000e+04
3.350800000000000000e+04
3.765300000000000000e+04
4.250600000000000000e+04
4.821300000000000000e+04
5.516600000000000000e+04
6.335500000000000000e+04
7.389800000000000000e+04
8.658000000000000000e+04
1.033270000000000000e+05
1.227240000000000000e+05
1.481610000000000000e+05
1.801980000000000000e+05
2.196430000000000000e+05
2.662390000000000000e+05
3.184150000000000000e+05
3.641840000000000000e+05
3.926360000000000000e+05
3.931510000000000000e+05
3.647000000000000000e+05
3.175870000000000000e+05
2.681590000000000000e+05
2.203870000000000000e+05
1.799660000000000000e+05
1.476630000000000000e+05
1.220800000000000000e+05
1.022470000000000000e+05
8.667000000000000000e+04
7.378700000000000000e+04
6.362500000000000000e+04
5.525800000000000000e+04
4.791500000000000000e+04
4.200500000000000000e+04
3.742800000000000000e+04
3.339300000000000000e+04
3.003100000000000000e+04
2.708400000000000000e+04
2.443400000000000000e+04
2.249100000000000000e+04
2.042400000000000000e+04
1.888600000000000000e+04
1.701200000000000000e+04
1.596800000000000000e+04
1.485700000000000000e+04
1.377400000000000000e+04
1.259700000000000000e+04
1.201300000000000000e+04
1.128100000000000000e+04
1.036500000000000000e+04
9.749000000000000000e+03
9.297000000000000000e+03
8.650000000000000000e+03
8.075000000000000000e+03
7.557000000000000000e+03
7.340000000000000000e+03
6.876000000000000000e+03
6.437000000000000000e+03
6.199000000000000000e+03
6.029000000000000000e+03
5.594000000000000000e+03
5.488000000000000000e+03
5.229000000000000000e+03
5.027000000000000000e+03
4.625000000000000000e+03
4.565000000000000000e+03
4.277000000000000000e+03
4.255000000000000000e+03
4.080000000000000000e+03
4.046000000000000000e+03
4.141000000000000000e+03
4.246000000000000000e+03
4.496000000000000000e+03
4.765000000000000000e+03
5.075000000000000000e+03
5.125000000000000000e+03
5.486000000000000000e+03
5.657000000000000000e+03
6.168000000000000000e+03
6.361000000000000000e+03
6.486000000000000000e+03
6.908000000000000000e+03
7.306000000000000000e+03
7.848000000000000000e+03
8.041000000000000000e+03
8.644000000000000000e+03
9.230000000000000000e+03
9.903000000000000000e+03
1.034800000000000000e+04
1.112800000000000000e+04
1.207100000000000000e+04
1.270500000000000000e+04
1.360700000000000000e+04
1.457600000000000000e+04
1.617900000000000000e+04
1.726400000000000000e+04
1.867800000000000000e+04
2.046900000000000000e+04
2.243400000000000000e+04
2.424800000000000000e+04
2.689600000000000000e+04
3.007100000000000000e+04
3.350800000000000000e+04
3.765300000000000000e+04
4.250600000000000000e+04
4.821300000000000000e+04
5.516600000000000000e+04
6.335500000000000000e+04
7.389800000000000000e+04
8.658000000000000000e+04
1.033270000000000000e+05
1.227240000000000000e+05
1.481610000000000000e+05
1.801980000000000000e+05
2.196430000000000000e+05
2.662390000000000000e+05
3.184150000000000000e+05
3.641840000000000000e+05
3.926360000000000000e+05
3.931510000000000000e+05
3.647000000000000000e+05
3.175870000000000000e+05
2.681590000000000000e+05
2.203870000000000000e+05
1.799660000000000000e+05
1.476630000000000000e+05
1.220800000000000000e+05
1.022470000000000000e+05
8.667000000000000000e+04
7.378700000000000000e+04
6.362500000000000000e+04
5.525800000000000000e+04
4.791500000000000000e+04
4.200500000000000000e+04
3.742800000000000000e+04
3.339300000000000000e+04
3.003100000000000000e+04
2.708400000000000000e+04
2.443400000000000000e+04
2.249100000000000000e+04
2.042400000000000000e+04
1.888600000000000000e+04
1.701200000000000000e+04
1.596800000000000000e+04
1.485700000000000000e+04
1.377400000000000000e+04
1.259700000000000000e+04
1.201300000000000000e+04
1.128100000000000000e+04
1.036500000000000000e+04
9.749000000000000000e+03
9.297000000000000000e+03
8.650000000000000000e+03
8.075000000000000000e+03
7.557000000000000000e+03
7.340000000000000000e+03
6.876000000000000000e+03
6.437000000000000000e+03
6.199000000000000000e+03
6.029000000000000000e+03
5.594000000000000000e+03
5.488000000000000000e+03
5.229000000000000000e+03
5.027000000000000000e+03
4.625000000000000000e+03
4.565000000000000000e+03
4.277000000000000000e+03
4.255000000000000000e+03
4.080000000000000000e+03
4.046000000000000000e+03
4.141000000000000000e+03
4.246000000000000000e+03
4.496000000000000000e+03
4.765000000000000000e+03
5.075000000000000000e+03
5.125000000000000000e+03
5.486000000000000000e+03
5.657000000000000000e+03
6.168000000000000000e+03
6.361000000000000000e+03
6.486000000000000000e+03
6.908000000000000000e+03
7.306000000000000000e+03
7.848000000000000000e+03
8.041000000000000000e+03
8.644000000000000000e+03
9.230000000000000000e+03
9.903000000000000000e+03
1.034800000000000000e+04
1.112800000000000000e+04
1.207100000000000000e+04
1.270500000000000000e+04
1.360700000000000000e+04
1.457600000000000000e+04
1.617900000000000000e+04
1.726400000000000000e+04
1.867800000000000000e+04
2.046900000000000000e+04
2.243400000000000000e+04
2.424800000000000000e+04
2.689600000000000000e+04
3.007100000000000000e+04
3.350800000000000000e+04
3.765300000000000000e+04
4.250600000000000000e+04
4.821300000000000000e+04
5.516600000000000000e+04
6.335500000000000000e+04
7.389800000000000000e+04
8.658000000000000000e+04
1.033270000000000000e+05
1.227240000000000000e+05
1.481610000000000000e+05
1.801980000000000000e+05
2.196430000000000000e+05
2.662390000000000000e+05
3.184150000000000000e+05
3.641840000000000000e+05
3.926360000000000000e+05
3.931510000000000000e+05
3.647000000000000000e+05
3.175870000000000000e+05
2.681590000000000000e+05
2.203870000000000000e+05
1.799660000000000000e+05
1.476630000000000000e+05
1.220800000000000000e+05
1.022470000000000000e+05
8.667000000000000000e+04
7.378700000000000000e+04
6.362500000000000000e+04
5.525800000000000000e+04
4.791500000000000000e+04
4.200500000000000000e+04
3.742800000000000000e+04
3.339300000000000000e+04
3.003100000000000000e+04
2.708400000000000000e+04
2.443400000000000000e+04
2.249100000000000000e+04
2.042400000000000000e+04
1.888600000000000000e+04
1.701200000000000000e+04
1.596800000000000000e+04
1.485700000000000000e+04
1.377400000000000000e+04
1.259700000000000000e+04
1.201300000000000000e+04
1.128100000000000000e+04
1.036500000000000000e+04
9.749000000000000000e+03
9.297000000000000000e+03
8.650000000000000000e+03
8.075000000000000000e+03
7.557000000000000000e+03
7.340000000000000000e+03
6.876000000000000000e+03
6.437000000000000000e+03
6.199000000000000000e+03
6.029000000000000000e+03
5.594000000000000000e+03
5.488000000000000000e+03
5.229000000000000000e+03
5.027000000000000000e+03
4.625000000000000000e+03
4.565000000000000000e+03
4.277000000000000000e+03
4.255000000000000000e+03
4.080000000000000000e+03
4.046000000000000000e+03
4.141000000000000000e+03
4.246000000000000000e+03
4.496000000000000000e+03
4.765000000000000000e+03
5.075000000000000000e+03
5.125000000000000000e+03
5.486000000000000000e+03
5.657000000000000000e+03
6.168000000000000000e+03
6.361000000000000000e+03
6.486000000000000000e+03
6.908000000000000000e+03
7.306000000000000000e+03
7.848000000000000000e+03
8.041000000000000000e+03
8.644000000000000000e+03
9.230000000000000000e+03
9.903000000000000000e+03
1.034800000000000000e+04
1.112800000000000000e+04
1.207100000000000000e+04
1.270500000000000000e+04
1.360700000000000000e+04
1.457600000000000000e+04
1.617900000000000000e+04
1.726400000000000000e+04
1.867800000000000000e+04
2.046900000000000000e+04
2.243400000000000000e+04
2.424800000000000000e+04
2.689600000000000000e+04
3.007100000000000000e+04
3.350800000000000000e+04
3.765300000000000000e+04
4.250600000000000000e+04
4.821300000000000000e+04
5.516600000000000000e+04
6.335500000000000000e+04
7.389800000000000000e+04
8.658000000000000000e+04
1.033270000000000000e+05
1.227240000000000000e+05
1.481610000000000000e+05
1.801980000000000000e+05
2.196430000000000000e+05
2.662390000000000000e+05
3.184150000000000000e+05
3.641840000000000000e+05
3.926360000000000000e+05
3.931510000000000000e+05
3.647000000000000000e+05
3.175870000000000000e+05
2.681590000000000000e+05
2.203870000000000000e+05
1.799660000000000000e+05
1.476630000000000000e+05
1.220800000000000000e+05
1.022470000000000000e+05
8.667000000000000000e+04
7.378700000000000000e+04
6.362500000000000000e+04
5.525800000000000000e+04
4.791500000000000000e+04
4.200500000000000000e+04
3.742800000000000000e+04
3.339300000000000000e+04
3.003100000000000000e+04
2.708400000000000000e+04
2.443400000000000000e+04
2.249100000000000000e+04
2.042400000000000000e+04
1.888600000000000000e+04
1.701200000000000000e+04
1.596800000000000000e+04
1.485700000000000000e+04
1.377400000000000000e+04
1.259700000000000000e+04
1.201300000000000000e+04
1.128100000000000000e+04
1.036500000000000000e+04
9.749000000000000000e+03
9.297000000000000000e+03
8.650000000000000000e+03
8.075000000000000000e+03
7.557000000000000000e+03
7.340000000000000000e+03
6.876000000000000000e+03
6.437000000000000000e+03
6.199000000000000000e+03
6.029000000000000000e+03
5.594000000000000000e+03
5.488000000000000000e+03
5.229000000000000000e+03
5.027000000000000000e+03
4.625000000000000000e+03
4.565000000000000000e+03
4.277000000000000000e+03
4.255000000000000000e+03
4.080000000000000000e+03
4.046000000000000000e+03
4.141000000000000000e+03
4.246000000000000000e+03
4.496000000000000000e+03
4.765000000000000000e+03
5.075000000000000000e+03
5.125000000000000000e+03
5.486000000000000000e+03
5.657000000000000000e+03
6.168000000000000000e+03
6.361000000000000000e+03
6.486000000000000000e+03
6.908000000000000000e+03
7.306000000000000000e+03
7.848000000000000000e+03
8.041000000000000000e+03
8.644000000000000000e+03
9.230000000000000000e+03
9.903000000000000000e+03
1.034800000000000000e+04
1.112800000000000000e+04
1.207100000000000000e+04
1.270500000000000000e+04
1.360700000000000000e+04
1.457600000000000000e+04
1.617900000000000000e+04
1.726400000000000000e+04
1.867800000000000000e+04
2.046900000000000000e+04
2.243400000000000000e+04
2.424800000000000000e+04
2.689600000000000000e+04
3.007100000000000000e+04
3.350800000000000000e+04
3.765300000000000000e+04
4.250600000000000000e+04
4.821300000000000000e+04
5.516600000000000000e+04
6.335500000000000000e+04
7.389800000000000000e+04
8.658000000000000000e+04
1.033270000000000000e+05
1.227240000000000000e+05
1.481610000000000000e+05
1.801980000000000000e+05
2.196430000000000000e+05
2.662390000000000000e+05
3.184150000000000000e+05
3.641840000000000000e+05
3.926360000000000000e+05
3.931510000000000000e+05
3.647000000000000000e+05
3.175870000000000000e+05
2.681590000000000000e+05
2.203870000000000000e+05
1.799660000000000000e+05
1.476630000000000000e+05
1.220800000000000000e+05
1.022470000000000000e+05
8.667000000000000000e+04
7.378700000000000000e+04
6.362500000000000000e+04
5.525800000000000000e+04
4.791500000000000000e+04
4.200500000000000000e+04
3.742800000000000000e+04
3.339300000000000000e+04
3.003100000000000000e+04
2.708400000000000000e+04
2.443400000000000000e+04
2.249100000000000000e+04
2.042400000000000000e+04
1.888600000000000000e+04
1.701200000000000000e+04
1.596800000000000000e+04
1.485700000000000000e+04
1.377400000000000000e+04
1.259700000000000000e+04
1.201300000000000000e+04
1.128100000000000000e+04
1.036500000000000000e+04
9.749000000000000000e+03
9.297000000000000000e+03
8.650000000000000000e+03
8.075000000000000000e+03
7.557000000000000000e+03
7.340000000000000000e+03
6.876000000000000000e+03
6.437000000000000000e+03
6.199000000000000000e+03
6.029000000000000000e+03
5.594000000000000000e+03
5.488000000000000000e+03
5.229000000000000000e+03
5.027000000000000000e+03
4.625000000000000000e+03
4.565000000000000000e+03
4.277000000000000000e+03
4.255000000000000000e+03
4.080000000000000000e+03
4.046000000000000000e+03
4.141000000000000000e+03
4.246000000000000000e+03
4.496000000000000000e+03
4.765000000000000000e+03
5.075000000000000000e+03
5.125000000000000000e+03
5.486000000000000000e+03
5.657000000000000000e+03
6.168000000000000000e+03
6.361000000000000000e+03
6.486000000000000000e+03
6.908000000000000000e+03
7.306000000000000000e+03
7.848000000000000000e+03
8.041000000000000000e+03
8.644000000000000000e+03
9.230000000000000000e+03
9.903000000000000000e+03
1.034800000000000000e+04
1.112800000000000000e+04
1.207100000000000000e+04
1.270500000000000000e+04
1.360700000000000000e+04
1.457600000000000000e+04
1.617900000000000000e+04
1.726400000000000000e+04
1.867800000000000000e+04
2.046900000000000000e+04
2.243400000000000000e+04
2.424800000000000000e+04
2.689600000000000000e+04
3.007100000000000000e+04
3.350800000000000000e+04
3.765300000000000000e+04
4.250600000000000000e+04
4.821300000000000000e+04
5.516600000000000000e+04
6.335500000000000000e+04
7.389800000000000000e+04
8.658000000000000000e+04
1.033270000000000000e+05
1.227240000000000000e+05
1.481610000000000000e+05
1.801980000000000000e+05
2.196430000000000000e+05
2.662390000000000000e+05
3.184150000000000000e+05
3.641840000000000000e+05
3.926360000000000000e+05
3.931510000000000000e+05
3.647000000000000000e+05
3.175870000000000000e+05
2.681590000000000000e+05
2.203870000000000000e+05
1.799660000000000000e+05
1.476630000000000000e+05
1.220800000000000000e+05
1.022470000000000000e+05
8.667000000000000000e+04
7.378700000000000000e+04
6.362500000000000000e+04
5.525800000000000000e+04
4.791500000000000000e+04
4.200500000000000000e+04
3.742800000000000000e+04
3.339300000000000000e+04
3.003100000000000000e+04
2.708400000000000000e+04
2.443400000000000000e+04
2.249100000000000000e+04
2.042400000000000000e+04
1.888600000000000000e+04
1.701200000000000000e+04
1.596800000000000000e+04
1.485700000000000000e+04
1.377400000000000000e+04
1.259700000000000000e+04
1.201300000000000000e+04
1.128100000000000000e+04
1.036500000000000000e+04
9.749000000000000000e+03
9.297000000000000000e+03
8.650000000000000000e+03
8.075000000000000000e+03
7.557000000000000000e+03
7.340000000000000000e+03
6.876000000000000000e+03
6.437000000000000000e+03
6.199000000000000000e+03
6.029000000000000000e+03
5.594000000000000000e+03
5.488000000000000000e+03
5.229000000000000000e+03
5.027000000000000000e+03
4.625000000000000000e+03
4.565000000000000000e+03
4.277000000000000000e+03
4.255000000000000000e+03
4.080000000000000000e+03
4.046000000000000000e+03
4.141000000000000000e+03
4.246000000000000000e+03
4.496000000000000000e+03
4.765000000000000000e+03
5.075000000000000000e+03
5.125000000000000000e+03
5.486000000000000000e+03
5.657000000000000000e+03
6.168000000000000000e+03
6.361000000000000000e+03
6.486000000000000000e+03
6.908000000000000000e+03
7.306000000000000000e+03
7.848000000000000000e+03
8.041000000000000000e+03
8.644000000000000000e+03
9.230000000000000000e+03
9.903000000000000000e+03
1.034800000000000000e+04
1.112800000000000000e+04
1.207100000000000000e+04
1.270500000000000000e+04
1.360700000000000000e+04
1.457600000000000000e+04
1.617900000000000000e+04
1.726400000000000000e+04
1.867800000000000000e+04
2.046900000000000000e+04
2.243400000000000000e+04
2.424800000000000000e+04
2.689600000000000000e+04
3.007100000000000000e+04
3.350800000000000000e+04
3.765300000000000000e+04
4.250600000000000000e+04
4.821300000000000000e+04
5.516600000000000000e+04
6.335500000000000000e+04
7.389800000000000000e+04
8.658000000000000000e+04
1.033270000000000000e+05
1.227240000000000000e+05
1.481610000000000000e+05
1.801980000000000000e+05
2.196430000000000000e+05
2.662390000000000000e+05
3.184150000000000000e+05
3.641840000000000000e+05
3.926360000000000000e+05
3.931510000000000000e+05
3.647000000000000000e+05
3.175870000000000000e+05
2.681590000000000000e+05
2.203870000000000000e+05
1.799660000000000000e+05
1.476630000000000000e+05
1.220800000000000000e+05
1.022470000000000000e+05
8.667000000000000000e+04
7.378700000000000000e+04
6.362500000000000000e+04
5.525800000000000000e+04
4.791500000000000000e+04
4.200500000000000000e+04
3.742800000000000000e+04
3.339300000000000000e+04
3.003100000000000000e+04
2.708400000000000000e+04
2.443400000000000000e+04
2.249100000000000000e+04
2.042400000000000000e+04
1.888600000000000000e+04
1.701200000000000000e+04
1.596800000000000000e+04
1.485700000000000000e+04
1.377400000000000000e+04
1.259700000000000000e+04
1.201300000000000000e+04
1.128100000000000000e+04
1.036500000000000000e+04
9.749000000000000000e+03
9.297000000000000000e+03
8.650000000000000000e+03
8.075000000000000000e+03
7.557000000000000000e+03
7.340000000000000000e+03
6.876000000000000000e+03
6.437000000000000000e+03
6.199000000000000000e+03
6.029000000000000000e+03
5.594000000000000000e+03
5.488000000000000000e+03
5.229000000000000000e+03
5.027000000000000000e+03
4.625000000000000000e+03
4.565000000000000000e+03
4.277000000000000000e+03
4.255000000000000000e+03
4.080000000000000000e+03
4.046000000000000000e+03
4.141000000000000000e+03
4.246000000000000000e+03
4.496000000000000000e+03
4.765000000000000000e+03
5.075000000000000000e+03
5.125000000000000000e+03
5.486000000000000000e+03
5.657000000000000000e+03
6.168000000000000000e+03
6.361000000000000000e+03
6.486000000000000000e+03
6.908000000000000000e+03
7.306000000000000000e+03
7.848000000000000000e+03
8.041000000000000000e+03
8.644000000000000000e+03
9.230000000000000000e+03
9.903000000000000000e+03
1.034800000000000000e+04
1.112800000000000000e+04
1.207100000000000000e+04
1.270500000000000000e+04
1.360700000000000000e+04
1.457600000000000000e+04
1.617900000000000000e+04
1.726400000000000000e+04
1.867800000000000000e+04
2.046900000000000000e+04
2.243400000000000000e+04
2.424800000000000000e+04
2.689600000000000000e+04
3.007100000000000000e+04
3.350800000000000000e+04
3.765300000000000000e+04
4.250600000000000000e+04
4.821300000000000000e+04
5.516600000000000000e+04
6.335500000000000000e+04
7.389800000000000000e+04
8.658000000000000000e+04
1.033270000000000000e+05
1.227240000000000000e+05
1.481610000000000000e+05
1.801980000000000000e+05
2.196430000000000000e+05
2.662390000000000000e+05
3.184150000000000000e+05
3.641840000000000000e+05
3.926360000000000000e+05
3.931510000000000000e+05
3.647000000000000000e+05
3.175870000000000000e+05
2.681590000000000000e+05
2.203870000000000000e+05
1.799660000000000000e+05
1.476630000000000000e+05
1.220800000000000000e+05
1.022470000000000000e+05
8.667000000000000000e+04
7.378700000000000000e+04
6.362500000000000000e+04
5.525800000000000000e+04
4.791500000000000000e+04
4.200500000000000000e+04
3.742800000000000000e+04
3.339300000000000000e+04
3.003100000000000000e+04
2.708400000000000000e+04
2.443400000000000000e+04
2.249100000000000000e+04
2.042400000000000000e+04
1.888600000000000000e+04
1.701200000000000000e+04
1.596800000000000000e+04
1.485700000000000000e+04
1.377400000000000000e+04
1.259700000000000000e+04
1.201300000000000000e+04
1.128100000000000000e+04
1.036500000000000000e+04
9.749000000000000000e+03
9.297000000000000000e+03
8.650000000000000000e+03
8.075000000000000000e+03
7.557000000000000000e+03
7.340000000000000000e+03
6.876000000000000000e+03
6.437000000000000000e+03
6.199000000000000000e+03
6.029000000000000000e+03
5.594000000000000000e+03
5.488000000000000000e+03
5.229000000000000000e+03
5.027000000000000000e+03
4.625000000000000000e+03
4.565000000000000000e+03
4.277000000000000000e+03
4.255000000000000000e+03
4.080000000000000000e+03
