7.979000000000000000e+03
8.408000000000000000e+03
8.761000000000000000e+03
9.193000000000000000e+03
9.333000000000000000e+03
9.806000000000000000e+03
1.031900000000000000e+04
1.090500000000000000e+04
1.148900000000000000e+04
1.191300000000000000e+04
1.249400000000000000e+04
1.314200000000000000e+04
1.407200000000000000e+04
1.446900000000000000e+04
1.565900000000000000e+04
1.647200000000000000e+04
1.735700000000000000e+04
1.837500000000000000e+04
1.957300000000000000e+04
2.099100000000000000e+04
2.211400000000000000e+04
2.406400000000000000e+04
2.544500000000000000e+04
2.755000000000000000e+04
2.939200000000000000e+04
3.173400000000000000e+04
3.466700000000000000e+04
3.744900000000000000e+04
4.077300000000000000e+04
4.463400000000000000e+04
4.911800000000000000e+04
5.453300000000000000e+04
6.009500000000000000e+04
6.730700000000000000e+04
7.515700000000000000e+04
8.411900000000000000e+04
9.545900000000000000e+04
1.094590000000000000e+05
1.262670000000000000e+05
1.472040000000000000e+05
1.735860000000000000e+05
2.049080000000000000e+05
2.458380000000000000e+05
2.968280000000000000e+05
3.604450000000000000e+05
4.405530000000000000e+05
5.347680000000000000e+05
6.362260000000000000e+05
7.291620000000000000e+05
7.855450000000000000e+05
7.852090000000000000e+05
7.285750000000000000e+05
6.366850000000000000e+05
5.334030000000000000e+05
4.394080000000000000e+05
3.605670000000000000e+05
2.961050000000000000e+05
2.449780000000000000e+05
2.050780000000000000e+05
1.721140000000000000e+05
1.467990000000000000e+05
1.267830000000000000e+05
1.101770000000000000e+05
9.637300000000000000e+04
8.490500000000000000e+04
7.534000000000000000e+04
6.718700000000000000e+04
6.047700000000000000e+04
5.439500000000000000e+04
4.919800000000000000e+04
4.485200000000000000e+04
4.100700000000000000e+04
3.723100000000000000e+04
3.454700000000000000e+04
3.173600000000000000e+04
2.923400000000000000e+04
2.734000000000000000e+04
2.549400000000000000e+04
2.388800000000000000e+04
2.224500000000000000e+04
2.070500000000000000e+04
1.973200000000000000e+04
1.839300000000000000e+04
1.722100000000000000e+04
1.637300000000000000e+04
1.529000000000000000e+04
1.464600000000000000e+04
1.393600000000000000e+04
1.319800000000000000e+04
1.279400000000000000e+04
1.176200000000000000e+04
1.137200000000000000e+04
1.070700000000000000e+04
1.030600000000000000e+04
9.903000000000000000e+03
9.608000000000000000e+03
9.120000000000000000e+03
8.745000000000000000e+03
8.211000000000000000e+03
7.976000000000000000e+03
7.979000000000000000e+03
8.408000000000000000e+03
8.761000000000000000e+03
9.193000000000000000e+03
9.333000000000000000e+03
9.806000000000000000e+03
1.031900000000000000e+04
1.090500000000000000e+04
1.148900000000000000e+04
1.191300000000000000e+04
1.249400000000000000e+04
1.314200000000000000e+04
1.407200000000000000e+04
1.446900000000000000e+04
1.565900000000000000e+04
1.647200000000000000e+04
1.735700000000000000e+04
1.837500000000000000e+04
1.957300000000000000e+04
2.099100000000000000e+04
2.211400000000000000e+04
2.406400000000000000e+04
2.544500000000000000e+04
2.755000000000000000e+04
2.939200000000000000e+04
3.173400000000000000e+04
3.466700000000000000e+04
3.744900000000000000e+04
4.077300000000000000e+04
4.463400000000000000e+04
4.911800000000000000e+04
5.453300000000000000e+04
6.009500000000000000e+04
6.730700000000000000e+04
7.515700000000000000e+04
8.411900000000000000e+04
9.545900000000000000e+04
1.094590000000000000e+05
1.262670000000000000e+05
1.472040000000000000e+05
1.735860000000000000e+05
2.049080000000000000e+05
2.458380000000000000e+05
2.968280000000000000e+05
3.604450000000000000e+05
4.405530000000000000e+05
5.347680000000000000e+05
6.362260000000000000e+05
7.291620000000000000e+05
7.855450000000000000e+05
7.852090000000000000e+05
7.285750000000000000e+05
6.366850000000000000e+05
5.334030000000000000e+05
4.394080000000000000e+05
3.605670000000000000e+05
2.961050000000000000e+05
2.449780000000000000e+05
2.050780000000000000e+05
1.721140000000000000e+05
1.467990000000000000e+05
1.267830000000000000e+05
1.101770000000000000e+05
9.637300000000000000e+04
8.490500000000000000e+04
7.534000000000000000e+04
6.718700000000000000e+04
6.047700000000000000e+04
5.439500000000000000e+04
4.919800000000000000e+04
4.485200000000000000e+04
4.100700000000000000e+04
3.723100000000000000e+04
3.454700000000000000e+04
3.173600000000000000e+04
2.923400000000000000e+04
2.734000000000000000e+04
2.549400000000000000e+04
2.388800000000000000e+04
2.224500000000000000e+04
2.070500000000000000e+04
1.973200000000000000e+04
1.839300000000000000e+04
1.722100000000000000e+04
1.637300000000000000e+04
1.529000000000000000e+04
1.464600000000000000e+04
1.393600000000000000e+04
1.319800000000000000e+04
1.279400000000000000e+04
1.176200000000000000e+04
1.137200000000000000e+04
1.070700000000000000e+04
1.030600000000000000e+04
9.903000000000000000e+03
9.608000000000000000e+03
9.120000000000000000e+03
8.745000000000000000e+03
8.211000000000000000e+03
7.976000000000000000e+03
7.979000000000000000e+03
8.408000000000000000e+03
8.761000000000000000e+03
9.193000000000000000e+03
9.333000000000000000e+03
9.806000000000000000e+03
1.031900000000000000e+04
1.090500000000000000e+04
1.148900000000000000e+04
1.191300000000000000e+04
1.249400000000000000e+04
1.314200000000000000e+04
1.407200000000000000e+04
1.446900000000000000e+04
1.565900000000000000e+04
1.647200000000000000e+04
1.735700000000000000e+04
1.837500000000000000e+04
1.957300000000000000e+04
2.099100000000000000e+04
2.211400000000000000e+04
2.406400000000000000e+04
2.544500000000000000e+04
2.755000000000000000e+04
2.939200000000000000e+04
3.173400000000000000e+04
3.466700000000000000e+04
3.744900000000000000e+04
4.077300000000000000e+04
4.463400000000000000e+04
4.911800000000000000e+04
5.453300000000000000e+04
6.009500000000000000e+04
6.730700000000000000e+04
7.515700000000000000e+04
8.411900000000000000e+04
9.545900000000000000e+04
1.094590000000000000e+05
1.262670000000000000e+05
1.472040000000000000e+05
1.735860000000000000e+05
2.049080000000000000e+05
2.458380000000000000e+05
2.968280000000000000e+05
3.604450000000000000e+05
4.405530000000000000e+05
5.347680000000000000e+05
6.362260000000000000e+05
7.291620000000000000e+05
7.855450000000000000e+05
7.852090000000000000e+05
7.285750000000000000e+05
6.366850000000000000e+05
5.334030000000000000e+05
4.394080000000000000e+05
3.605670000000000000e+05
2.961050000000000000e+05
2.449780000000000000e+05
2.050780000000000000e+05
1.721140000000000000e+05
1.467990000000000000e+05
1.267830000000000000e+05
1.101770000000000000e+05
9.637300000000000000e+04
8.490500000000000000e+04
7.534000000000000000e+04
6.718700000000000000e+04
6.047700000000000000e+04
5.439500000000000000e+04
4.919800000000000000e+04
4.485200000000000000e+04
4.100700000000000000e+04
3.723100000000000000e+04
3.454700000000000000e+04
3.173600000000000000e+04
2.923400000000000000e+04
2.734000000000000000e+04
2.549400000000000000e+04
2.388800000000000000e+04
2.224500000000000000e+04
2.070500000000000000e+04
1.973200000000000000e+04
1.839300000000000000e+04
1.722100000000000000e+04
1.637300000000000000e+04
1.529000000000000000e+04
1.464600000000000000e+04
1.393600000000000000e+04
1.319800000000000000e+04
1.279400000000000000e+04
1.176200000000000000e+04
1.137200000000000000e+04
1.070700000000000000e+04
1.030600000000000000e+04
9.903000000000000000e+03
9.608000000000000000e+03
9.120000000000000000e+03
8.745000000000000000e+03
8.211000000000000000e+03
7.976000000000000000e+03
7.979000000000000000e+03
8.408000000000000000e+03
8.761000000000000000e+03
9.193000000000000000e+03
9.333000000000000000e+03
9.806000000000000000e+03
1.031900000000000000e+04
1.090500000000000000e+04
1.148900000000000000e+04
1.191300000000000000e+04
1.249400000000000000e+04
1.314200000000000000e+04
1.407200000000000000e+04
1.446900000000000000e+04
1.565900000000000000e+04
1.647200000000000000e+04
1.735700000000000000e+04
1.837500000000000000e+04
1.957300000000000000e+04
2.099100000000000000e+04
2.211400000000000000e+04
2.406400000000000000e+04
2.544500000000000000e+04
2.755000000000000000e+04
2.939200000000000000e+04
3.173400000000000000e+04
3.466700000000000000e+04
3.744900000000000000e+04
4.077300000000000000e+04
4.463400000000000000e+04
4.911800000000000000e+04
5.453300000000000000e+04
6.009500000000000000e+04
6.730700000000000000e+04
7.515700000000000000e+04
8.411900000000000000e+04
9.545900000000000000e+04
1.094590000000000000e+05
1.262670000000000000e+05
1.472040000000000000e+05
1.735860000000000000e+05
2.049080000000000000e+05
2.458380000000000000e+05
2.968280000000000000e+05
3.604450000000000000e+05
4.405530000000000000e+05
5.347680000000000000e+05
6.362260000000000000e+05
7.291620000000000000e+05
7.855450000000000000e+05
7.852090000000000000e+05
7.285750000000000000e+05
6.366850000000000000e+05
5.334030000000000000e+05
4.394080000000000000e+05
3.605670000000000000e+05
2.961050000000000000e+05
2.449780000000000000e+05
2.050780000000000000e+05
1.721140000000000000e+05
1.467990000000000000e+05
1.267830000000000000e+05
1.101770000000000000e+05
9.637300000000000000e+04
8.490500000000000000e+04
7.534000000000000000e+04
6.718700000000000000e+04
6.047700000000000000e+04
5.439500000000000000e+04
4.919800000000000000e+04
4.485200000000000000e+04
4.100700000000000000e+04
3.723100000000000000e+04
3.454700000000000000e+04
3.173600000000000000e+04
2.923400000000000000e+04
2.734000000000000000e+04
2.549400000000000000e+04
2.388800000000000000e+04
2.224500000000000000e+04
2.070500000000000000e+04
1.973200000000000000e+04
1.839300000000000000e+04
1.722100000000000000e+04
1.637300000000000000e+04
1.529000000000000000e+04
1.464600000000000000e+04
1.393600000000000000e+04
1.319800000000000000e+04
1.279400000000000000e+04
1.176200000000000000e+04
1.137200000000000000e+04
1.070700000000000000e+04
1.030600000000000000e+04
9.903000000000000000e+03
9.608000000000000000e+03
9.120000000000000000e+03
8.745000000000000000e+03
8.211000000000000000e+03
7.976000000000000000e+03
7.979000000000000000e+03
8.408000000000000000e+03
8.761000000000000000e+03
9.193000000000000000e+03
9.333000000000000000e+03
9.806000000000000000e+03
1.031900000000000000e+04
1.090500000000000000e+04
1.148900000000000000e+04
1.191300000000000000e+04
1.249400000000000000e+04
1.314200000000000000e+04
1.407200000000000000e+04
1.446900000000000000e+04
1.565900000000000000e+04
1.647200000000000000e+04
1.735700000000000000e+04
1.837500000000000000e+04
1.957300000000000000e+04
2.099100000000000000e+04
2.211400000000000000e+04
2.406400000000000000e+04
2.544500000000000000e+04
2.755000000000000000e+04
2.939200000000000000e+04
3.173400000000000000e+04
3.466700000000000000e+04
3.744900000000000000e+04
4.077300000000000000e+04
4.463400000000000000e+04
4.911800000000000000e+04
5.453300000000000000e+04
6.009500000000000000e+04
6.730700000000000000e+04
7.515700000000000000e+04
8.411900000000000000e+04
9.545900000000000000e+04
1.094590000000000000e+05
1.262670000000000000e+05
1.472040000000000000e+05
1.735860000000000000e+05
2.049080000000000000e+05
2.458380000000000000e+05
2.968280000000000000e+05
3.604450000000000000e+05
4.405530000000000000e+05
5.347680000000000000e+05
6.362260000000000000e+05
7.291620000000000000e+05
7.855450000000000000e+05
7.852090000000000000e+05
7.285750000000000000e+05
6.366850000000000000e+05
5.334030000000000000e+05
4.394080000000000000e+05
3.605670000000000000e+05
2.961050000000000000e+05
2.449780000000000000e+05
2.050780000000000000e+05
1.721140000000000000e+05
1.467990000000000000e+05
1.267830000000000000e+05
1.101770000000000000e+05
9.637300000000000000e+04
8.490500000000000000e+04
7.534000000000000000e+04
6.718700000000000000e+04
6.047700000000000000e+04
5.439500000000000000e+04
4.919800000000000000e+04
4.485200000000000000e+04
4.100700000000000000e+04
3.723100000000000000e+04
3.454700000000000000e+04
3.173600000000000000e+04
2.923400000000000000e+04
2.734000000000000000e+04
2.549400000000000000e+04
2.388800000000000000e+04
2.224500000000000000e+04
2.070500000000000000e+04
1.973200000000000000e+04
1.839300000000000000e+04
1.722100000000000000e+04
1.637300000000000000e+04
1.529000000000000000e+04
1.464600000000000000e+04
1.393600000000000000e+04
1.319800000000000000e+04
1.279400000000000000e+04
1.176200000000000000e+04
1.137200000000000000e+04
1.070700000000000000e+04
1.030600000000000000e+04
9.903000000000000000e+03
9.608000000000000000e+03
9.120000000000000000e+03
8.745000000000000000e+03
8.211000000000000000e+03
7.976000000000000000e+03
7.979000000000000000e+03
8.408000000000000000e+03
8.761000000000000000e+03
9.193000000000000000e+03
9.333000000000000000e+03
9.806000000000000000e+03
1.031900000000000000e+04
1.090500000000000000e+04
1.148900000000000000e+04
1.191300000000000000e+04
1.249400000000000000e+04
1.314200000000000000e+04
1.407200000000000000e+04
1.446900000000000000e+04
1.565900000000000000e+04
1.647200000000000000e+04
1.735700000000000000e+04
1.837500000000000000e+04
1.957300000000000000e+04
2.099100000000000000e+04
2.211400000000000000e+04
2.406400000000000000e+04
2.544500000000000000e+04
2.755000000000000000e+04
2.939200000000000000e+04
3.173400000000000000e+04
3.466700000000000000e+04
3.744900000000000000e+04
4.077300000000000000e+04
4.463400000000000000e+04
4.911800000000000000e+04
5.453300000000000000e+04
6.009500000000000000e+04
6.730700000000000000e+04
7.515700000000000000e+04
8.411900000000000000e+04
9.545900000000000000e+04
1.094590000000000000e+05
1.262670000000000000e+05
1.472040000000000000e+05
1.735860000000000000e+05
2.049080000000000000e+05
2.458380000000000000e+05
2.968280000000000000e+05
3.604450000000000000e+05
4.405530000000000000e+05
5.347680000000000000e+05
6.362260000000000000e+05
7.291620000000000000e+05
7.855450000000000000e+05
7.852090000000000000e+05
7.285750000000000000e+05
6.366850000000000000e+05
5.334030000000000000e+05
4.394080000000000000e+05
3.605670000000000000e+05
2.961050000000000000e+05
2.449780000000000000e+05
2.050780000000000000e+05
1.721140000000000000e+05
1.467990000000000000e+05
1.267830000000000000e+05
1.101770000000000000e+05
9.637300000000000000e+04
8.490500000000000000e+04
7.534000000000000000e+04
6.718700000000000000e+04
6.047700000000000000e+04
5.439500000000000000e+04
4.919800000000000000e+04
4.485200000000000000e+04
4.100700000000000000e+04
3.723100000000000000e+04
3.454700000000000000e+04
3.173600000000000000e+04
2.923400000000000000e+04
2.734000000000000000e+04
2.549400000000000000e+04
2.388800000000000000e+04
2.224500000000000000e+04
2.070500000000000000e+04
1.973200000000000000e+04
1.839300000000000000e+04
1.722100000000000000e+04
1.637300000000000000e+04
1.529000000000000000e+04
1.464600000000000000e+04
1.393600000000000000e+04
1.319800000000000000e+04
1.279400000000000000e+04
1.176200000000000000e+04
1.137200000000000000e+04
1.070700000000000000e+04
1.030600000000000000e+04
9.903000000000000000e+03
9.608000000000000000e+03
9.120000000000000000e+03
8.745000000000000000e+03
8.211000000000000000e+03
7.976000000000000000e+03
7.979000000000000000e+03
8.408000000000000000e+03
8.761000000000000000e+03
9.193000000000000000e+03
9.333000000000000000e+03
9.806000000000000000e+03
1.031900000000000000e+04
1.090500000000000000e+04
1.148900000000000000e+04
1.191300000000000000e+04
1.249400000000000000e+04
1.314200000000000000e+04
1.407200000000000000e+04
1.446900000000000000e+04
1.565900000000000000e+04
1.647200000000000000e+04
1.735700000000000000e+04
1.837500000000000000e+04
1.957300000000000000e+04
2.099100000000000000e+04
2.211400000000000000e+04
2.406400000000000000e+04
2.544500000000000000e+04
2.755000000000000000e+04
2.939200000000000000e+04
3.173400000000000000e+04
3.466700000000000000e+04
3.744900000000000000e+04
4.077300000000000000e+04
4.463400000000000000e+04
4.911800000000000000e+04
5.453300000000000000e+04
6.009500000000000000e+04
6.730700000000000000e+04
7.515700000000000000e+04
8.411900000000000000e+04
9.545900000000000000e+04
1.094590000000000000e+05
1.262670000000000000e+05
1.472040000000000000e+05
1.735860000000000000e+05
2.049080000000000000e+05
2.458380000000000000e+05
2.968280000000000000e+05
3.604450000000000000e+05
4.405530000000000000e+05
5.347680000000000000e+05
6.362260000000000000e+05
7.291620000000000000e+05
7.855450000000000000e+05
7.852090000000000000e+05
7.285750000000000000e+05
6.366850000000000000e+05
5.334030000000000000e+05
4.394080000000000000e+05
3.605670000000000000e+05
2.961050000000000000e+05
2.449780000000000000e+05
2.050780000000000000e+05
1.721140000000000000e+05
1.467990000000000000e+05
1.267830000000000000e+05
1.101770000000000000e+05
9.637300000000000000e+04
8.490500000000000000e+04
7.534000000000000000e+04
6.718700000000000000e+04
6.047700000000000000e+04
5.439500000000000000e+04
4.919800000000000000e+04
4.485200000000000000e+04
4.100700000000000000e+04
3.723100000000000000e+04
3.454700000000000000e+04
3.173600000000000000e+04
2.923400000000000000e+04
2.734000000000000000e+04
2.549400000000000000e+04
2.388800000000000000e+04
2.224500000000000000e+04
2.070500000000000000e+04
1.973200000000000000e+04
1.839300000000000000e+04
1.722100000000000000e+04
1.637300000000000000e+04
1.529000000000000000e+04
1.464600000000000000e+04
1.393600000000000000e+04
1.319800000000000000e+04
1.279400000000000000e+04
1.176200000000000000e+04
1.137200000000000000e+04
1.070700000000000000e+04
1.030600000000000000e+04
9.903000000000000000e+03
9.608000000000000000e+03
9.120000000000000000e+03
8.745000000000000000e+03
8.211000000000000000e+03
7.976000000000000000e+03
7.979000000000000000e+03
8.408000000000000000e+03
8.761000000000000000e+03
9.193000000000000000e+03
9.333000000000000000e+03
9.806000000000000000e+03
1.031900000000000000e+04
1.090500000000000000e+04
1.148900000000000000e+04
1.191300000000000000e+04
1.249400000000000000e+04
1.314200000000000000e+04
1.407200000000000000e+04
1.446900000000000000e+04
1.565900000000000000e+04
1.647200000000000000e+04
1.735700000000000000e+04
1.837500000000000000e+04
1.957300000000000000e+04
2.099100000000000000e+04
2.211400000000000000e+04
2.406400000000000000e+04
2.544500000000000000e+04
2.755000000000000000e+04
2.939200000000000000e+04
3.173400000000000000e+04
3.466700000000000000e+04
3.744900000000000000e+04
4.077300000000000000e+04
4.463400000000000000e+04
4.911800000000000000e+04
5.453300000000000000e+04
6.009500000000000000e+04
6.730700000000000000e+04
7.515700000000000000e+04
8.411900000000000000e+04
9.545900000000000000e+04
1.094590000000000000e+05
1.262670000000000000e+05
1.472040000000000000e+05
1.735860000000000000e+05
2.049080000000000000e+05
2.458380000000000000e+05
2.968280000000000000e+05
3.604450000000000000e+05
4.405530000000000000e+05
5.347680000000000000e+05
6.362260000000000000e+05
7.291620000000000000e+05
7.855450000000000000e+05
7.852090000000000000e+05
7.285750000000000000e+05
6.366850000000000000e+05
5.334030000000000000e+05
4.394080000000000000e+05
3.605670000000000000e+05
2.961050000000000000e+05
2.449780000000000000e+05
2.050780000000000000e+05
1.721140000000000000e+05
1.467990000000000000e+05
1.267830000000000000e+05
1.101770000000000000e+05
9.637300000000000000e+04
8.490500000000000000e+04
7.534000000000000000e+04
6.718700000000000000e+04
6.047700000000000000e+04
5.439500000000000000e+04
4.919800000000000000e+04
4.485200000000000000e+04
4.100700000000000000e+04
3.723100000000000000e+04
3.454700000000000000e+04
3.173600000000000000e+04
2.923400000000000000e+04
2.734000000000000000e+04
2.549400000000000000e+04
2.388800000000000000e+04
2.224500000000000000e+04
2.070500000000000000e+04
1.973200000000000000e+04
1.839300000000000000e+04
1.722100000000000000e+04
1.637300000000000000e+04
1.529000000000000000e+04
1.464600000000000000e+04
1.393600000000000000e+04
1.319800000000000000e+04
1.279400000000000000e+04
1.176200000000000000e+04
1.137200000000000000e+04
1.070700000000000000e+04
1.030600000000000000e+04
9.903000000000000000e+03
9.608000000000000000e+03
9.120000000000000000e+03
8.745000000000000000e+03
8.211000000000000000e+03
7.976000000000000000e+03
