3.972000000000000000e+03
3.990000000000000000e+03
4.229000000000000000e+03
4.475000000000000000e+03
4.637000000000000000e+03
4.882000000000000000e+03
5.260000000000000000e+03
5.518000000000000000e+03
5.691000000000000000e+03
5.956000000000000000e+03
6.317000000000000000e+03
6.471000000000000000e+03
6.827000000000000000e+03
7.304000000000000000e+03
7.657000000000000000e+03
8.319000000000000000e+03
8.676000000000000000e+03
9.263000000000000000e+03
9.742000000000000000e+03
1.037000000000000000e+04
1.097500000000000000e+04
1.189900000000000000e+04
1.282100000000000000e+04
1.363500000000000000e+04
1.483900000000000000e+04
1.602600000000000000e+04
1.738300000000000000e+04
1.871100000000000000e+04
2.025200000000000000e+04
2.260900000000000000e+04
2.464800000000000000e+04
2.734900000000000000e+04
2.999500000000000000e+04
3.348600000000000000e+04
3.775700000000000000e+04
4.237800000000000000e+04
4.812800000000000000e+04
5.468200000000000000e+04
6.362900000000000000e+04
7.329700000000000000e+04
8.583900000000000000e+04
1.027400000000000000e+05
1.225840000000000000e+05
1.482560000000000000e+05
1.801350000000000000e+05
2.203990000000000000e+05
2.679570000000000000e+05
3.181780000000000000e+05
3.641920000000000000e+05
3.934270000000000000e+05
3.935940000000000000e+05
3.645500000000000000e+05
3.181810000000000000e+05
2.667150000000000000e+05
2.191190000000000000e+05
1.796920000000000000e+05
1.475900000000000000e+05
1.223970000000000000e+05
1.028250000000000000e+05
8.635200000000000000e+04
7.335100000000000000e+04
6.329600000000000000e+04
5.498500000000000000e+04
4.798900000000000000e+04
4.212500000000000000e+04
3.777900000000000000e+04
3.342400000000000000e+04
2.996900000000000000e+04
2.717000000000000000e+04
2.434300000000000000e+04
2.239200000000000000e+04
2.054800000000000000e+04
1.896800000000000000e+04
1.747400000000000000e+04
1.596800000000000000e+04
1.466800000000000000e+04
1.363900000000000000e+04
1.281300000000000000e+04
1.189300000000000000e+04
1.104600000000000000e+04
1.043800000000000000e+04
9.843000000000000000e+03
9.231000000000000000e+03
8.854000000000000000e+03
8.102000000000000000e+03
7.859000000000000000e+03
7.342000000000000000e+03
6.970000000000000000e+03
6.728000000000000000e+03
6.273000000000000000e+03
5.902000000000000000e+03
5.537000000000000000e+03
5.322000000000000000e+03
5.195000000000000000e+03
4.872000000000000000e+03
4.845000000000000000e+03
4.518000000000000000e+03
4.428000000000000000e+03
4.192000000000000000e+03
3.973000000000000000e+03
3.972000000000000000e+03
3.990000000000000000e+03
4.229000000000000000e+03
4.475000000000000000e+03
4.637000000000000000e+03
4.882000000000000000e+03
5.260000000000000000e+03
5.518000000000000000e+03
5.691000000000000000e+03
5.956000000000000000e+03
6.317000000000000000e+03
6.471000000000000000e+03
6.827000000000000000e+03
7.304000000000000000e+03
7.657000000000000000e+03
8.319000000000000000e+03
8.676000000000000000e+03
9.263000000000000000e+03
9.742000000000000000e+03
1.037000000000000000e+04
1.097500000000000000e+04
1.189900000000000000e+04
1.282100000000000000e+04
1.363500000000000000e+04
1.483900000000000000e+04
1.602600000000000000e+04
1.738300000000000000e+04
1.871100000000000000e+04
2.025200000000000000e+04
2.260900000000000000e+04
2.464800000000000000e+04
2.734900000000000000e+04
2.999500000000000000e+04
3.348600000000000000e+04
3.775700000000000000e+04
4.237800000000000000e+04
4.812800000000000000e+04
5.468200000000000000e+04
6.362900000000000000e+04
7.329700000000000000e+04
8.583900000000000000e+04
1.027400000000000000e+05
1.225840000000000000e+05
1.482560000000000000e+05
1.801350000000000000e+05
2.203990000000000000e+05
2.679570000000000000e+05
3.181780000000000000e+05
3.641920000000000000e+05
3.934270000000000000e+05
3.935940000000000000e+05
3.645500000000000000e+05
3.181810000000000000e+05
2.667150000000000000e+05
2.191190000000000000e+05
1.796920000000000000e+05
1.475900000000000000e+05
1.223970000000000000e+05
1.028250000000000000e+05
8.635200000000000000e+04
7.335100000000000000e+04
6.329600000000000000e+04
5.498500000000000000e+04
4.798900000000000000e+04
4.212500000000000000e+04
3.777900000000000000e+04
3.342400000000000000e+04
2.996900000000000000e+04
2.717000000000000000e+04
2.434300000000000000e+04
2.239200000000000000e+04
2.054800000000000000e+04
1.896800000000000000e+04
1.747400000000000000e+04
1.596800000000000000e+04
1.466800000000000000e+04
1.363900000000000000e+04
1.281300000000000000e+04
1.189300000000000000e+04
1.104600000000000000e+04
1.043800000000000000e+04
9.843000000000000000e+03
9.231000000000000000e+03
8.854000000000000000e+03
8.102000000000000000e+03
7.859000000000000000e+03
7.342000000000000000e+03
6.970000000000000000e+03
6.728000000000000000e+03
6.273000000000000000e+03
5.902000000000000000e+03
5.537000000000000000e+03
5.322000000000000000e+03
5.195000000000000000e+03
4.872000000000000000e+03
4.845000000000000000e+03
4.518000000000000000e+03
4.428000000000000000e+03
4.192000000000000000e+03
3.973000000000000000e+03
3.972000000000000000e+03
3.990000000000000000e+03
4.229000000000000000e+03
4.475000000000000000e+03
4.637000000000000000e+03
4.882000000000000000e+03
5.260000000000000000e+03
5.518000000000000000e+03
5.691000000000000000e+03
5.956000000000000000e+03
6.317000000000000000e+03
6.471000000000000000e+03
6.827000000000000000e+03
7.304000000000000000e+03
7.657000000000000000e+03
8.319000000000000000e+03
8.676000000000000000e+03
9.263000000000000000e+03
9.742000000000000000e+03
1.037000000000000000e+04
1.097500000000000000e+04
1.189900000000000000e+04
1.282100000000000000e+04
1.363500000000000000e+04
1.483900000000000000e+04
1.602600000000000000e+04
1.738300000000000000e+04
1.871100000000000000e+04
2.025200000000000000e+04
2.260900000000000000e+04
2.464800000000000000e+04
2.734900000000000000e+04
2.999500000000000000e+04
3.348600000000000000e+04
3.775700000000000000e+04
4.237800000000000000e+04
4.812800000000000000e+04
5.468200000000000000e+04
6.362900000000000000e+04
7.329700000000000000e+04
8.583900000000000000e+04
1.027400000000000000e+05
1.225840000000000000e+05
1.482560000000000000e+05
1.801350000000000000e+05
2.203990000000000000e+05
2.679570000000000000e+05
3.181780000000000000e+05
3.641920000000000000e+05
3.934270000000000000e+05
3.935940000000000000e+05
3.645500000000000000e+05
3.181810000000000000e+05
2.667150000000000000e+05
2.191190000000000000e+05
1.796920000000000000e+05
1.475900000000000000e+05
1.223970000000000000e+05
1.028250000000000000e+05
8.635200000000000000e+04
7.335100000000000000e+04
6.329600000000000000e+04
5.498500000000000000e+04
4.798900000000000000e+04
4.212500000000000000e+04
3.777900000000000000e+04
3.342400000000000000e+04
2.996900000000000000e+04
2.717000000000000000e+04
2.434300000000000000e+04
2.239200000000000000e+04
2.054800000000000000e+04
1.896800000000000000e+04
1.747400000000000000e+04
1.596800000000000000e+04
1.466800000000000000e+04
1.363900000000000000e+04
1.281300000000000000e+04
1.189300000000000000e+04
1.104600000000000000e+04
1.043800000000000000e+04
9.843000000000000000e+03
9.231000000000000000e+03
8.854000000000000000e+03
8.102000000000000000e+03
7.859000000000000000e+03
7.342000000000000000e+03
6.970000000000000000e+03
6.728000000000000000e+03
6.273000000000000000e+03
5.902000000000000000e+03
5.537000000000000000e+03
5.322000000000000000e+03
5.195000000000000000e+03
4.872000000000000000e+03
4.845000000000000000e+03
4.518000000000000000e+03
4.428000000000000000e+03
4.192000000000000000e+03
3.973000000000000000e+03
3.972000000000000000e+03
3.990000000000000000e+03
4.229000000000000000e+03
4.475000000000000000e+03
4.637000000000000000e+03
4.882000000000000000e+03
5.260000000000000000e+03
5.518000000000000000e+03
5.691000000000000000e+03
5.956000000000000000e+03
6.317000000000000000e+03
6.471000000000000000e+03
6.827000000000000000e+03
7.304000000000000000e+03
7.657000000000000000e+03
8.319000000000000000e+03
8.676000000000000000e+03
9.263000000000000000e+03
9.742000000000000000e+03
1.037000000000000000e+04
1.097500000000000000e+04
1.189900000000000000e+04
1.282100000000000000e+04
1.363500000000000000e+04
1.483900000000000000e+04
1.602600000000000000e+04
1.738300000000000000e+04
1.871100000000000000e+04
2.025200000000000000e+04
2.260900000000000000e+04
2.464800000000000000e+04
2.734900000000000000e+04
2.999500000000000000e+04
3.348600000000000000e+04
3.775700000000000000e+04
4.237800000000000000e+04
4.812800000000000000e+04
5.468200000000000000e+04
6.362900000000000000e+04
7.329700000000000000e+04
8.583900000000000000e+04
1.027400000000000000e+05
1.225840000000000000e+05
1.482560000000000000e+05
1.801350000000000000e+05
2.203990000000000000e+05
2.679570000000000000e+05
3.181780000000000000e+05
3.641920000000000000e+05
3.934270000000000000e+05
3.935940000000000000e+05
3.645500000000000000e+05
3.181810000000000000e+05
2.667150000000000000e+05
2.191190000000000000e+05
1.796920000000000000e+05
1.475900000000000000e+05
1.223970000000000000e+05
1.028250000000000000e+05
8.635200000000000000e+04
7.335100000000000000e+04
6.329600000000000000e+04
5.498500000000000000e+04
4.798900000000000000e+04
4.212500000000000000e+04
3.777900000000000000e+04
3.342400000000000000e+04
2.996900000000000000e+04
2.717000000000000000e+04
2.434300000000000000e+04
2.239200000000000000e+04
2.054800000000000000e+04
1.896800000000000000e+04
1.747400000000000000e+04
1.596800000000000000e+04
1.466800000000000000e+04
1.363900000000000000e+04
1.281300000000000000e+04
1.189300000000000000e+04
1.104600000000000000e+04
1.043800000000000000e+04
9.843000000000000000e+03
9.231000000000000000e+03
8.854000000000000000e+03
8.102000000000000000e+03
7.859000000000000000e+03
7.342000000000000000e+03
6.970000000000000000e+03
6.728000000000000000e+03
6.273000000000000000e+03
5.902000000000000000e+03
5.537000000000000000e+03
5.322000000000000000e+03
5.195000000000000000e+03
4.872000000000000000e+03
4.845000000000000000e+03
4.518000000000000000e+03
4.428000000000000000e+03
4.192000000000000000e+03
3.973000000000000000e+03
3.972000000000000000e+03
3.990000000000000000e+03
4.229000000000000000e+03
4.475000000000000000e+03
4.637000000000000000e+03
4.882000000000000000e+03
5.260000000000000000e+03
5.518000000000000000e+03
5.691000000000000000e+03
5.956000000000000000e+03
6.317000000000000000e+03
6.471000000000000000e+03
6.827000000000000000e+03
7.304000000000000000e+03
7.657000000000000000e+03
8.319000000000000000e+03
8.676000000000000000e+03
9.263000000000000000e+03
9.742000000000000000e+03
1.037000000000000000e+04
1.097500000000000000e+04
1.189900000000000000e+04
1.282100000000000000e+04
1.363500000000000000e+04
1.483900000000000000e+04
1.602600000000000000e+04
1.738300000000000000e+04
1.871100000000000000e+04
2.025200000000000000e+04
2.260900000000000000e+04
2.464800000000000000e+04
2.734900000000000000e+04
2.999500000000000000e+04
3.348600000000000000e+04
3.775700000000000000e+04
4.237800000000000000e+04
4.812800000000000000e+04
5.468200000000000000e+04
6.362900000000000000e+04
7.329700000000000000e+04
8.583900000000000000e+04
1.027400000000000000e+05
1.225840000000000000e+05
1.482560000000000000e+05
1.801350000000000000e+05
2.203990000000000000e+05
2.679570000000000000e+05
3.181780000000000000e+05
3.641920000000000000e+05
3.934270000000000000e+05
3.935940000000000000e+05
3.645500000000000000e+05
3.181810000000000000e+05
2.667150000000000000e+05
2.191190000000000000e+05
1.796920000000000000e+05
1.475900000000000000e+05
1.223970000000000000e+05
1.028250000000000000e+05
8.635200000000000000e+04
7.335100000000000000e+04
6.329600000000000000e+04
5.498500000000000000e+04
4.798900000000000000e+04
4.212500000000000000e+04
3.777900000000000000e+04
3.342400000000000000e+04
2.996900000000000000e+04
2.717000000000000000e+04
2.434300000000000000e+04
2.239200000000000000e+04
2.054800000000000000e+04
1.896800000000000000e+04
1.747400000000000000e+04
1.596800000000000000e+04
1.466800000000000000e+04
1.363900000000000000e+04
1.281300000000000000e+04
1.189300000000000000e+04
1.104600000000000000e+04
1.043800000000000000e+04
9.843000000000000000e+03
9.231000000000000000e+03
8.854000000000000000e+03
8.102000000000000000e+03
7.859000000000000000e+03
7.342000000000000000e+03
6.970000000000000000e+03
6.728000000000000000e+03
6.273000000000000000e+03
5.902000000000000000e+03
5.537000000000000000e+03
5.322000000000000000e+03
5.195000000000000000e+03
4.872000000000000000e+03
4.845000000000000000e+03
4.518000000000000000e+03
4.428000000000000000e+03
4.192000000000000000e+03
3.973000000000000000e+03
3.972000000000000000e+03
3.990000000000000000e+03
4.229000000000000000e+03
4.475000000000000000e+03
4.637000000000000000e+03
4.882000000000000000e+03
5.260000000000000000e+03
5.518000000000000000e+03
5.691000000000000000e+03
5.956000000000000000e+03
6.317000000000000000e+03
6.471000000000000000e+03
6.827000000000000000e+03
7.304000000000000000e+03
7.657000000000000000e+03
8.319000000000000000e+03
8.676000000000000000e+03
9.263000000000000000e+03
9.742000000000000000e+03
1.037000000000000000e+04
1.097500000000000000e+04
1.189900000000000000e+04
1.282100000000000000e+04
1.363500000000000000e+04
1.483900000000000000e+04
1.602600000000000000e+04
1.738300000000000000e+04
1.871100000000000000e+04
2.025200000000000000e+04
2.260900000000000000e+04
2.464800000000000000e+04
2.734900000000000000e+04
2.999500000000000000e+04
3.348600000000000000e+04
3.775700000000000000e+04
4.237800000000000000e+04
4.812800000000000000e+04
5.468200000000000000e+04
6.362900000000000000e+04
7.329700000000000000e+04
8.583900000000000000e+04
1.027400000000000000e+05
1.225840000000000000e+05
1.482560000000000000e+05
1.801350000000000000e+05
2.203990000000000000e+05
2.679570000000000000e+05
3.181780000000000000e+05
3.641920000000000000e+05
3.934270000000000000e+05
3.935940000000000000e+05
3.645500000000000000e+05
3.181810000000000000e+05
2.667150000000000000e+05
2.191190000000000000e+05
1.796920000000000000e+05
1.475900000000000000e+05
1.223970000000000000e+05
1.028250000000000000e+05
8.635200000000000000e+04
7.335100000000000000e+04
6.329600000000000000e+04
5.498500000000000000e+04
4.798900000000000000e+04
4.212500000000000000e+04
3.777900000000000000e+04
3.342400000000000000e+04
2.996900000000000000e+04
2.717000000000000000e+04
2.434300000000000000e+04
2.239200000000000000e+04
2.054800000000000000e+04
1.896800000000000000e+04
1.747400000000000000e+04
1.596800000000000000e+04
1.466800000000000000e+04
1.363900000000000000e+04
1.281300000000000000e+04
1.189300000000000000e+04
1.104600000000000000e+04
1.043800000000000000e+04
9.843000000000000000e+03
9.231000000000000000e+03
8.854000000000000000e+03
8.102000000000000000e+03
7.859000000000000000e+03
7.342000000000000000e+03
6.970000000000000000e+03
6.728000000000000000e+03
6.273000000000000000e+03
5.902000000000000000e+03
5.537000000000000000e+03
5.322000000000000000e+03
5.195000000000000000e+03
4.872000000000000000e+03
4.845000000000000000e+03
4.518000000000000000e+03
4.428000000000000000e+03
4.192000000000000000e+03
3.973000000000000000e+03
3.972000000000000000e+03
3.990000000000000000e+03
4.229000000000000000e+03
4.475000000000000000e+03
4.637000000000000000e+03
4.882000000000000000e+03
5.260000000000000000e+03
5.518000000000000000e+03
5.691000000000000000e+03
5.956000000000000000e+03
6.317000000000000000e+03
6.471000000000000000e+03
6.827000000000000000e+03
7.304000000000000000e+03
7.657000000000000000e+03
8.319000000000000000e+03
8.676000000000000000e+03
9.263000000000000000e+03
9.742000000000000000e+03
1.037000000000000000e+04
1.097500000000000000e+04
1.189900000000000000e+04
1.282100000000000000e+04
1.363500000000000000e+04
1.483900000000000000e+04
1.602600000000000000e+04
1.738300000000000000e+04
1.871100000000000000e+04
2.025200000000000000e+04
2.260900000000000000e+04
2.464800000000000000e+04
2.734900000000000000e+04
2.999500000000000000e+04
3.348600000000000000e+04
3.775700000000000000e+04
4.237800000000000000e+04
4.812800000000000000e+04
5.468200000000000000e+04
6.362900000000000000e+04
7.329700000000000000e+04
8.583900000000000000e+04
1.027400000000000000e+05
1.225840000000000000e+05
1.482560000000000000e+05
1.801350000000000000e+05
2.203990000000000000e+05
2.679570000000000000e+05
3.181780000000000000e+05
3.641920000000000000e+05
3.934270000000000000e+05
3.935940000000000000e+05
3.645500000000000000e+05
3.181810000000000000e+05
2.667150000000000000e+05
2.191190000000000000e+05
1.796920000000000000e+05
1.475900000000000000e+05
1.223970000000000000e+05
1.028250000000000000e+05
8.635200000000000000e+04
7.335100000000000000e+04
6.329600000000000000e+04
5.498500000000000000e+04
4.798900000000000000e+04
4.212500000000000000e+04
3.777900000000000000e+04
3.342400000000000000e+04
2.996900000000000000e+04
2.717000000000000000e+04
2.434300000000000000e+04
2.239200000000000000e+04
2.054800000000000000e+04
1.896800000000000000e+04
1.747400000000000000e+04
1.596800000000000000e+04
1.466800000000000000e+04
1.363900000000000000e+04
1.281300000000000000e+04
1.189300000000000000e+04
1.104600000000000000e+04
1.043800000000000000e+04
9.843000000000000000e+03
9.231000000000000000e+03
8.854000000000000000e+03
8.102000000000000000e+03
7.859000000000000000e+03
7.342000000000000000e+03
6.970000000000000000e+03
6.728000000000000000e+03
6.273000000000000000e+03
5.902000000000000000e+03
5.537000000000000000e+03
5.322000000000000000e+03
5.195000000000000000e+03
4.872000000000000000e+03
4.845000000000000000e+03
4.518000000000000000e+03
4.428000000000000000e+03
4.192000000000000000e+03
3.973000000000000000e+03
3.972000000000000000e+03
3.990000000000000000e+03
4.229000000000000000e+03
4.475000000000000000e+03
4.637000000000000000e+03
4.882000000000000000e+03
5.260000000000000000e+03
5.518000000000000000e+03
5.691000000000000000e+03
5.956000000000000000e+03
6.317000000000000000e+03
6.471000000000000000e+03
6.827000000000000000e+03
7.304000000000000000e+03
7.657000000000000000e+03
8.319000000000000000e+03
8.676000000000000000e+03
9.263000000000000000e+03
9.742000000000000000e+03
1.037000000000000000e+04
1.097500000000000000e+04
1.189900000000000000e+04
1.282100000000000000e+04
1.363500000000000000e+04
1.483900000000000000e+04
1.602600000000000000e+04
1.738300000000000000e+04
1.871100000000000000e+04
2.025200000000000000e+04
2.260900000000000000e+04
2.464800000000000000e+04
2.734900000000000000e+04
2.999500000000000000e+04
3.348600000000000000e+04
3.775700000000000000e+04
4.237800000000000000e+04
4.812800000000000000e+04
5.468200000000000000e+04
6.362900000000000000e+04
7.329700000000000000e+04
8.583900000000000000e+04
1.027400000000000000e+05
1.225840000000000000e+05
1.482560000000000000e+05
1.801350000000000000e+05
2.203990000000000000e+05
2.679570000000000000e+05
3.181780000000000000e+05
3.641920000000000000e+05
3.934270000000000000e+05
3.935940000000000000e+05
3.645500000000000000e+05
3.181810000000000000e+05
2.667150000000000000e+05
2.191190000000000000e+05
1.796920000000000000e+05
1.475900000000000000e+05
1.223970000000000000e+05
1.028250000000000000e+05
8.635200000000000000e+04
7.335100000000000000e+04
6.329600000000000000e+04
5.498500000000000000e+04
4.798900000000000000e+04
4.212500000000000000e+04
3.777900000000000000e+04
3.342400000000000000e+04
2.996900000000000000e+04
2.717000000000000000e+04
2.434300000000000000e+04
2.239200000000000000e+04
2.054800000000000000e+04
1.896800000000000000e+04
1.747400000000000000e+04
1.596800000000000000e+04
1.466800000000000000e+04
1.363900000000000000e+04
1.281300000000000000e+04
1.189300000000000000e+04
1.104600000000000000e+04
1.043800000000000000e+04
9.843000000000000000e+03
9.231000000000000000e+03
8.854000000000000000e+03
8.102000000000000000e+03
7.859000000000000000e+03
7.342000000000000000e+03
6.970000000000000000e+03
6.728000000000000000e+03
6.273000000000000000e+03
5.902000000000000000e+03
5.537000000000000000e+03
5.322000000000000000e+03
5.195000000000000000e+03
4.872000000000000000e+03
4.845000000000000000e+03
4.518000000000000000e+03
4.428000000000000000e+03
4.192000000000000000e+03
3.973000000000000000e+03
3.972000000000000000e+03
3.990000000000000000e+03
4.229000000000000000e+03
4.475000000000000000e+03
4.637000000000000000e+03
4.882000000000000000e+03
5.260000000000000000e+03
5.518000000000000000e+03
5.691000000000000000e+03
5.956000000000000000e+03
6.317000000000000000e+03
6.471000000000000000e+03
6.827000000000000000e+03
7.304000000000000000e+03
7.657000000000000000e+03
8.319000000000000000e+03
8.676000000000000000e+03
9.263000000000000000e+03
9.742000000000000000e+03
1.037000000000000000e+04
1.097500000000000000e+04
1.189900000000000000e+04
1.282100000000000000e+04
1.363500000000000000e+04
1.483900000000000000e+04
1.602600000000000000e+04
1.738300000000000000e+04
1.871100000000000000e+04
2.025200000000000000e+04
2.260900000000000000e+04
2.464800000000000000e+04
2.734900000000000000e+04
2.999500000000000000e+04
3.348600000000000000e+04
3.775700000000000000e+04
4.237800000000000000e+04
4.812800000000000000e+04
5.468200000000000000e+04
6.362900000000000000e+04
7.329700000000000000e+04
8.583900000000000000e+04
1.027400000000000000e+05
1.225840000000000000e+05
1.482560000000000000e+05
1.801350000000000000e+05
2.203990000000000000e+05
2.679570000000000000e+05
3.181780000000000000e+05
3.641920000000000000e+05
3.934270000000000000e+05
3.935940000000000000e+05
3.645500000000000000e+05
3.181810000000000000e+05
2.667150000000000000e+05
2.191190000000000000e+05
1.796920000000000000e+05
1.475900000000000000e+05
1.223970000000000000e+05
1.028250000000000000e+05
8.635200000000000000e+04
7.335100000000000000e+04
6.329600000000000000e+04
5.498500000000000000e+04
4.798900000000000000e+04
4.212500000000000000e+04
3.777900000000000000e+04
3.342400000000000000e+04
2.996900000000000000e+04
2.717000000000000000e+04
2.434300000000000000e+04
2.239200000000000000e+04
2.054800000000000000e+04
1.896800000000000000e+04
1.747400000000000000e+04
1.596800000000000000e+04
1.466800000000000000e+04
1.363900000000000000e+04
1.281300000000000000e+04
1.189300000000000000e+04
1.104600000000000000e+04
1.043800000000000000e+04
9.843000000000000000e+03
9.231000000000000000e+03
8.854000000000000000e+03
8.102000000000000000e+03
7.859000000000000000e+03
7.342000000000000000e+03
6.970000000000000000e+03
6.728000000000000000e+03
6.273000000000000000e+03
5.902000000000000000e+03
5.537000000000000000e+03
5.322000000000000000e+03
5.195000000000000000e+03
4.872000000000000000e+03
4.845000000000000000e+03
4.518000000000000000e+03
4.428000000000000000e+03
4.192000000000000000e+03
3.973000000000000000e+03
3.972000000000000000e+03
3.990000000000000000e+03
4.229000000000000000e+03
4.475000000000000000e+03
4.637000000000000000e+03
4.882000000000000000e+03
5.260000000000000000e+03
5.518000000000000000e+03
5.691000000000000000e+03
5.956000000000000000e+03
6.317000000000000000e+03
6.471000000000000000e+03
6.827000000000000000e+03
7.304000000000000000e+03
7.657000000000000000e+03
8.319000000000000000e+03
8.676000000000000000e+03
9.263000000000000000e+03
9.742000000000000000e+03
1.037000000000000000e+04
1.097500000000000000e+04
1.189900000000000000e+04
1.282100000000000000e+04
1.363500000000000000e+04
1.483900000000000000e+04
1.602600000000000000e+04
1.738300000000000000e+04
1.871100000000000000e+04
2.025200000000000000e+04
2.260900000000000000e+04
2.464800000000000000e+04
2.734900000000000000e+04
2.999500000000000000e+04
3.348600000000000000e+04
3.775700000000000000e+04
4.237800000000000000e+04
4.812800000000000000e+04
5.468200000000000000e+04
6.362900000000000000e+04
7.329700000000000000e+04
8.583900000000000000e+04
1.027400000000000000e+05
1.225840000000000000e+05
1.482560000000000000e+05
1.801350000000000000e+05
2.203990000000000000e+05
2.679570000000000000e+05
3.181780000000000000e+05
3.641920000000000000e+05
3.934270000000000000e+05
3.935940000000000000e+05
3.645500000000000000e+05
3.181810000000000000e+05
2.667150000000000000e+05
2.191190000000000000e+05
1.796920000000000000e+05
1.475900000000000000e+05
1.223970000000000000e+05
1.028250000000000000e+05
8.635200000000000000e+04
7.335100000000000000e+04
6.329600000000000000e+04
5.498500000000000000e+04
4.798900000000000000e+04
4.212500000000000000e+04
3.777900000000000000e+04
3.342400000000000000e+04
2.996900000000000000e+04
2.717000000000000000e+04
2.434300000000000000e+04
2.239200000000000000e+04
2.054800000000000000e+04
1.896800000000000000e+04
1.747400000000000000e+04
1.596800000000000000e+04
1.466800000000000000e+04
1.363900000000000000e+04
1.281300000000000000e+04
1.189300000000000000e+04
1.104600000000000000e+04
1.043800000000000000e+04
9.843000000000000000e+03
9.231000000000000000e+03
8.854000000000000000e+03
8.102000000000000000e+03
7.859000000000000000e+03
7.342000000000000000e+03
6.970000000000000000e+03
6.728000000000000000e+03
6.273000000000000000e+03
5.902000000000000000e+03
5.537000000000000000e+03
5.322000000000000000e+03
5.195000000000000000e+03
4.872000000000000000e+03
4.845000000000000000e+03
4.518000000000000000e+03
4.428000000000000000e+03
4.192000000000000000e+03
3.973000000000000000e+03
3.972000000000000000e+03
3.990000000000000000e+03
4.229000000000000000e+03
4.475000000000000000e+03
4.637000000000000000e+03
4.882000000000000000e+03
5.260000000000000000e+03
5.518000000000000000e+03
5.691000000000000000e+03
5.956000000000000000e+03
6.317000000000000000e+03
6.471000000000000000e+03
6.827000000000000000e+03
7.304000000000000000e+03
7.657000000000000000e+03
8.319000000000000000e+03
8.676000000000000000e+03
9.263000000000000000e+03
9.742000000000000000e+03
1.037000000000000000e+04
1.097500000000000000e+04
1.189900000000000000e+04
1.282100000000000000e+04
1.363500000000000000e+04
1.483900000000000000e+04
1.602600000000000000e+04
1.738300000000000000e+04
1.871100000000000000e+04
2.025200000000000000e+04
2.260900000000000000e+04
2.464800000000000000e+04
2.734900000000000000e+04
2.999500000000000000e+04
3.348600000000000000e+04
3.775700000000000000e+04
4.237800000000000000e+04
4.812800000000000000e+04
5.468200000000000000e+04
6.362900000000000000e+04
7.329700000000000000e+04
8.583900000000000000e+04
1.027400000000000000e+05
1.225840000000000000e+05
1.482560000000000000e+05
1.801350000000000000e+05
2.203990000000000000e+05
2.679570000000000000e+05
3.181780000000000000e+05
3.641920000000000000e+05
3.934270000000000000e+05
3.935940000000000000e+05
3.645500000000000000e+05
3.181810000000000000e+05
2.667150000000000000e+05
2.191190000000000000e+05
1.796920000000000000e+05
1.475900000000000000e+05
1.223970000000000000e+05
1.028250000000000000e+05
8.635200000000000000e+04
7.335100000000000000e+04
6.329600000000000000e+04
5.498500000000000000e+04
4.798900000000000000e+04
4.212500000000000000e+04
3.777900000000000000e+04
3.342400000000000000e+04
2.996900000000000000e+04
2.717000000000000000e+04
2.434300000000000000e+04
2.239200000000000000e+04
2.054800000000000000e+04
1.896800000000000000e+04
1.747400000000000000e+04
1.596800000000000000e+04
1.466800000000000000e+04
1.363900000000000000e+04
1.281300000000000000e+04
1.189300000000000000e+04
1.104600000000000000e+04
1.043800000000000000e+04
9.843000000000000000e+03
9.231000000000000000e+03
8.854000000000000000e+03
8.102000000000000000e+03
7.859000000000000000e+03
7.342000000000000000e+03
6.970000000000000000e+03
6.728000000000000000e+03
6.273000000000000000e+03
5.902000000000000000e+03
5.537000000000000000e+03
5.322000000000000000e+03
5.195000000000000000e+03
4.872000000000000000e+03
4.845000000000000000e+03
4.518000000000000000e+03
4.428000000000000000e+03
4.192000000000000000e+03
3.973000000000000000e+03
3.972000000000000000e+03
3.990000000000000000e+03
4.229000000000000000e+03
4.475000000000000000e+03
4.637000000000000000e+03
4.882000000000000000e+03
5.260000000000000000e+03
5.518000000000000000e+03
5.691000000000000000e+03
5.956000000000000000e+03
6.317000000000000000e+03
6.471000000000000000e+03
6.827000000000000000e+03
7.304000000000000000e+03
7.657000000000000000e+03
8.319000000000000000e+03
8.676000000000000000e+03
9.263000000000000000e+03
9.742000000000000000e+03
1.037000000000000000e+04
1.097500000000000000e+04
1.189900000000000000e+04
1.282100000000000000e+04
1.363500000000000000e+04
1.483900000000000000e+04
1.602600000000000000e+04
1.738300000000000000e+04
1.871100000000000000e+04
2.025200000000000000e+04
2.260900000000000000e+04
2.464800000000000000e+04
2.734900000000000000e+04
2.999500000000000000e+04
3.348600000000000000e+04
3.775700000000000000e+04
4.237800000000000000e+04
4.812800000000000000e+04
5.468200000000000000e+04
6.362900000000000000e+04
7.329700000000000000e+04
8.583900000000000000e+04
1.027400000000000000e+05
1.225840000000000000e+05
1.482560000000000000e+05
1.801350000000000000e+05
2.203990000000000000e+05
2.679570000000000000e+05
3.181780000000000000e+05
3.641920000000000000e+05
3.934270000000000000e+05
3.935940000000000000e+05
3.645500000000000000e+05
3.181810000000000000e+05
2.667150000000000000e+05
2.191190000000000000e+05
1.796920000000000000e+05
1.475900000000000000e+05
1.223970000000000000e+05
1.028250000000000000e+05
8.635200000000000000e+04
7.335100000000000000e+04
6.329600000000000000e+04
5.498500000000000000e+04
4.798900000000000000e+04
4.212500000000000000e+04
3.777900000000000000e+04
3.342400000000000000e+04
2.996900000000000000e+04
2.717000000000000000e+04
2.434300000000000000e+04
2.239200000000000000e+04
2.054800000000000000e+04
1.896800000000000000e+04
1.747400000000000000e+04
1.596800000000000000e+04
1.466800000000000000e+04
1.363900000000000000e+04
1.281300000000000000e+04
1.189300000000000000e+04
1.104600000000000000e+04
1.043800000000000000e+04
9.843000000000000000e+03
9.231000000000000000e+03
8.854000000000000000e+03
8.102000000000000000e+03
7.859000000000000000e+03
7.342000000000000000e+03
6.970000000000000000e+03
6.728000000000000000e+03
6.273000000000000000e+03
5.902000000000000000e+03
5.537000000000000000e+03
5.322000000000000000e+03
5.195000000000000000e+03
4.872000000000000000e+03
4.845000000000000000e+03
4.518000000000000000e+03
4.428000000000000000e+03
4.192000000000000000e+03
3.973000000000000000e+03
3.972000000000000000e+03
3.990000000000000000e+03
4.229000000000000000e+03
4.475000000000000000e+03
4.637000000000000000e+03
4.882000000000000000e+03
5.260000000000000000e+03
5.518000000000000000e+03
5.691000000000000000e+03
5.956000000000000000e+03
6.317000000000000000e+03
6.471000000000000000e+03
6.827000000000000000e+03
7.304000000000000000e+03
7.657000000000000000e+03
8.319000000000000000e+03
8.676000000000000000e+03
9.263000000000000000e+03
9.742000000000000000e+03
1.037000000000000000e+04
1.097500000000000000e+04
1.189900000000000000e+04
1.282100000000000000e+04
1.363500000000000000e+04
1.483900000000000000e+04
1.602600000000000000e+04
1.738300000000000000e+04
1.871100000000000000e+04
2.025200000000000000e+04
2.260900000000000000e+04
2.464800000000000000e+04
2.734900000000000000e+04
2.999500000000000000e+04
3.348600000000000000e+04
3.775700000000000000e+04
4.237800000000000000e+04
4.812800000000000000e+04
5.468200000000000000e+04
6.362900000000000000e+04
7.329700000000000000e+04
8.583900000000000000e+04
1.027400000000000000e+05
1.225840000000000000e+05
1.482560000000000000e+05
1.801350000000000000e+05
2.203990000000000000e+05
2.679570000000000000e+05
3.181780000000000000e+05
3.641920000000000000e+05
3.934270000000000000e+05
3.935940000000000000e+05
3.645500000000000000e+05
3.181810000000000000e+05
2.667150000000000000e+05
2.191190000000000000e+05
1.796920000000000000e+05
1.475900000000000000e+05
1.223970000000000000e+05
1.028250000000000000e+05
8.635200000000000000e+04
7.335100000000000000e+04
6.329600000000000000e+04
5.498500000000000000e+04
4.798900000000000000e+04
4.212500000000000000e+04
3.777900000000000000e+04
3.342400000000000000e+04
2.996900000000000000e+04
2.717000000000000000e+04
2.434300000000000000e+04
2.239200000000000000e+04
2.054800000000000000e+04
1.896800000000000000e+04
1.747400000000000000e+04
1.596800000000000000e+04
1.466800000000000000e+04
1.363900000000000000e+04
1.281300000000000000e+04
1.189300000000000000e+04
1.104600000000000000e+04
1.043800000000000000e+04
9.843000000000000000e+03
9.231000000000000000e+03
8.854000000000000000e+03
8.102000000000000000e+03
7.859000000000000000e+03
7.342000000000000000e+03
6.970000000000000000e+03
6.728000000000000000e+03
6.273000000000000000e+03
5.902000000000000000e+03
5.537000000000000000e+03
5.322000000000000000e+03
5.195000000000000000e+03
4.872000000000000000e+03
4.845000000000000000e+03
4.518000000000000000e+03
4.428000000000000000e+03
4.192000000000000000e+03
3.973000000000000000e+03
3.972000000000000000e+03
3.990000000000000000e+03
4.229000000000000000e+03
4.475000000000000000e+03
4.637000000000000000e+03
4.882000000000000000e+03
5.260000000000000000e+03
5.518000000000000000e+03
5.691000000000000000e+03
5.956000000000000000e+03
6.317000000000000000e+03
6.471000000000000000e+03
6.827000000000000000e+03
7.304000000000000000e+03
7.657000000000000000e+03
8.319000000000000000e+03
8.676000000000000000e+03
9.263000000000000000e+03
9.742000000000000000e+03
1.037000000000000000e+04
1.097500000000000000e+04
1.189900000000000000e+04
1.282100000000000000e+04
1.363500000000000000e+04
1.483900000000000000e+04
1.602600000000000000e+04
1.738300000000000000e+04
1.871100000000000000e+04
2.025200000000000000e+04
2.260900000000000000e+04
2.464800000000000000e+04
2.734900000000000000e+04
2.999500000000000000e+04
3.348600000000000000e+04
3.775700000000000000e+04
4.237800000000000000e+04
4.812800000000000000e+04
5.468200000000000000e+04
6.362900000000000000e+04
7.329700000000000000e+04
8.583900000000000000e+04
1.027400000000000000e+05
1.225840000000000000e+05
1.482560000000000000e+05
1.801350000000000000e+05
2.203990000000000000e+05
2.679570000000000000e+05
3.181780000000000000e+05
3.641920000000000000e+05
3.934270000000000000e+05
3.935940000000000000e+05
3.645500000000000000e+05
3.181810000000000000e+05
2.667150000000000000e+05
2.191190000000000000e+05
1.796920000000000000e+05
1.475900000000000000e+05
1.223970000000000000e+05
1.028250000000000000e+05
8.635200000000000000e+04
7.335100000000000000e+04
6.329600000000000000e+04
5.498500000000000000e+04
4.798900000000000000e+04
4.212500000000000000e+04
3.777900000000000000e+04
3.342400000000000000e+04
2.996900000000000000e+04
2.717000000000000000e+04
2.434300000000000000e+04
2.239200000000000000e+04
2.054800000000000000e+04
1.896800000000000000e+04
1.747400000000000000e+04
1.596800000000000000e+04
1.466800000000000000e+04
1.363900000000000000e+04
1.281300000000000000e+04
1.189300000000000000e+04
1.104600000000000000e+04
1.043800000000000000e+04
9.843000000000000000e+03
9.231000000000000000e+03
8.854000000000000000e+03
8.102000000000000000e+03
7.859000000000000000e+03
7.342000000000000000e+03
6.970000000000000000e+03
6.728000000000000000e+03
6.273000000000000000e+03
5.902000000000000000e+03
5.537000000000000000e+03
5.322000000000000000e+03
5.195000000000000000e+03
4.872000000000000000e+03
4.845000000000000000e+03
4.518000000000000000e+03
4.428000000000000000e+03
4.192000000000000000e+03
3.973000000000000000e+03
3.972000000000000000e+03
3.990000000000000000e+03
4.229000000000000000e+03
4.475000000000000000e+03
4.637000000000000000e+03
4.882000000000000000e+03
5.260000000000000000e+03
5.518000000000000000e+03
5.691000000000000000e+03
5.956000000000000000e+03
6.317000000000000000e+03
6.471000000000000000e+03
6.827000000000000000e+03
7.304000000000000000e+03
7.657000000000000000e+03
8.319000000000000000e+03
8.676000000000000000e+03
9.263000000000000000e+03
9.742000000000000000e+03
1.037000000000000000e+04
1.097500000000000000e+04
1.189900000000000000e+04
1.282100000000000000e+04
1.363500000000000000e+04
1.483900000000000000e+04
1.602600000000000000e+04
1.738300000000000000e+04
1.871100000000000000e+04
2.025200000000000000e+04
2.260900000000000000e+04
2.464800000000000000e+04
2.734900000000000000e+04
2.999500000000000000e+04
3.348600000000000000e+04
3.775700000000000000e+04
4.237800000000000000e+04
4.812800000000000000e+04
5.468200000000000000e+04
6.362900000000000000e+04
7.329700000000000000e+04
8.583900000000000000e+04
1.027400000000000000e+05
1.225840000000000000e+05
1.482560000000000000e+05
1.801350000000000000e+05
2.203990000000000000e+05
2.679570000000000000e+05
3.181780000000000000e+05
3.641920000000000000e+05
3.934270000000000000e+05
3.935940000000000000e+05
3.645500000000000000e+05
3.181810000000000000e+05
2.667150000000000000e+05
2.191190000000000000e+05
1.796920000000000000e+05
1.475900000000000000e+05
1.223970000000000000e+05
1.028250000000000000e+05
8.635200000000000000e+04
7.335100000000000000e+04
6.329600000000000000e+04
5.498500000000000000e+04
4.798900000000000000e+04
4.212500000000000000e+04
3.777900000000000000e+04
3.342400000000000000e+04
2.996900000000000000e+04
2.717000000000000000e+04
2.434300000000000000e+04
2.239200000000000000e+04
2.054800000000000000e+04
1.896800000000000000e+04
1.747400000000000000e+04
1.596800000000000000e+04
1.466800000000000000e+04
1.363900000000000000e+04
1.281300000000000000e+04
1.189300000000000000e+04
1.104600000000000000e+04
1.043800000000000000e+04
9.843000000000000000e+03
9.231000000000000000e+03
8.854000000000000000e+03
8.102000000000000000e+03
7.859000000000000000e+03
7.342000000000000000e+03
6.970000000000000000e+03
6.728000000000000000e+03
6.273000000000000000e+03
5.902000000000000000e+03
5.537000000000000000e+03
5.322000000000000000e+03
5.195000000000000000e+03
4.872000000000000000e+03
4.845000000000000000e+03
4.518000000000000000e+03
4.428000000000000000e+03
4.192000000000000000e+03
3.973000000000000000e+03
3.972000000000000000e+03
3.990000000000000000e+03
4.229000000000000000e+03
4.475000000000000000e+03
4.637000000000000000e+03
4.882000000000000000e+03
5.260000000000000000e+03
5.518000000000000000e+03
5.691000000000000000e+03
5.956000000000000000e+03
6.317000000000000000e+03
6.471000000000000000e+03
6.827000000000000000e+03
7.304000000000000000e+03
7.657000000000000000e+03
8.319000000000000000e+03
8.676000000000000000e+03
9.263000000000000000e+03
9.742000000000000000e+03
1.037000000000000000e+04
1.097500000000000000e+04
1.189900000000000000e+04
1.282100000000000000e+04
1.363500000000000000e+04
1.483900000000000000e+04
1.602600000000000000e+04
1.738300000000000000e+04
1.871100000000000000e+04
2.025200000000000000e+04
2.260900000000000000e+04
2.464800000000000000e+04
2.734900000000000000e+04
2.999500000000000000e+04
3.348600000000000000e+04
3.775700000000000000e+04
4.237800000000000000e+04
4.812800000000000000e+04
5.468200000000000000e+04
6.362900000000000000e+04
7.329700000000000000e+04
8.583900000000000000e+04
1.027400000000000000e+05
1.225840000000000000e+05
1.482560000000000000e+05
1.801350000000000000e+05
2.203990000000000000e+05
2.679570000000000000e+05
3.181780000000000000e+05
3.641920000000000000e+05
3.934270000000000000e+05
3.935940000000000000e+05
3.645500000000000000e+05
3.181810000000000000e+05
2.667150000000000000e+05
2.191190000000000000e+05
1.796920000000000000e+05
1.475900000000000000e+05
1.223970000000000000e+05
1.028250000000000000e+05
8.635200000000000000e+04
7.335100000000000000e+04
6.329600000000000000e+04
5.498500000000000000e+04
4.798900000000000000e+04
4.212500000000000000e+04
3.777900000000000000e+04
3.342400000000000000e+04
2.996900000000000000e+04
2.717000000000000000e+04
2.434300000000000000e+04
2.239200000000000000e+04
2.054800000000000000e+04
1.896800000000000000e+04
1.747400000000000000e+04
1.596800000000000000e+04
1.466800000000000000e+04
1.363900000000000000e+04
1.281300000000000000e+04
1.189300000000000000e+04
1.104600000000000000e+04
1.043800000000000000e+04
9.843000000000000000e+03
9.231000000000000000e+03
8.854000000000000000e+03
8.102000000000000000e+03
7.859000000000000000e+03
7.342000000000000000e+03
6.970000000000000000e+03
6.728000000000000000e+03
6.273000000000000000e+03
5.902000000000000000e+03
5.537000000000000000e+03
5.322000000000000000e+03
5.195000000000000000e+03
4.872000000000000000e+03
4.845000000000000000e+03
4.518000000000000000e+03
4.428000000000000000e+03
4.192000000000000000e+03
3.973000000000000000e+03
