3.203900000000000000e+04
3.351100000000000000e+04
3.465700000000000000e+04
3.633400000000000000e+04
3.816400000000000000e+04
3.939800000000000000e+04
4.168400000000000000e+04
4.349300000000000000e+04
4.562900000000000000e+04
4.738800000000000000e+04
5.021800000000000000e+04
5.293800000000000000e+04
5.585600000000000000e+04
5.867400000000000000e+04
6.247600000000000000e+04
6.564000000000000000e+04
6.939600000000000000e+04
7.354900000000000000e+04
7.772400000000000000e+04
8.298300000000000000e+04
8.868000000000000000e+04
9.457200000000000000e+04
1.020850000000000000e+05
1.094240000000000000e+05
1.185820000000000000e+05
1.270960000000000000e+05
1.380950000000000000e+05
1.500000000000000000e+05
1.637710000000000000e+05
1.781450000000000000e+05
1.960620000000000000e+05
2.162050000000000000e+05
2.411780000000000000e+05
2.676700000000000000e+05
3.008100000000000000e+05
3.391380000000000000e+05
3.848690000000000000e+05
4.392800000000000000e+05
5.088680000000000000e+05
5.884760000000000000e+05
6.915020000000000000e+05
8.206160000000000000e+05
9.827020000000000000e+05
1.185229000000000000e+06
1.442861000000000000e+06
1.760647000000000000e+06
2.137522000000000000e+06
2.545476000000000000e+06
2.916026000000000000e+06
3.140326000000000000e+06
3.139283000000000000e+06
2.915657000000000000e+06
2.544212000000000000e+06
2.139245000000000000e+06
1.761916000000000000e+06
1.442671000000000000e+06
1.184265000000000000e+06
9.805080000000000000e+05
8.184750000000000000e+05
6.919600000000000000e+05
5.885020000000000000e+05
5.060280000000000000e+05
4.387660000000000000e+05
3.839300000000000000e+05
3.379920000000000000e+05
2.999030000000000000e+05
2.677530000000000000e+05
2.410040000000000000e+05
2.166320000000000000e+05
1.967820000000000000e+05
1.793470000000000000e+05
1.633130000000000000e+05
1.494790000000000000e+05
1.375920000000000000e+05
1.276440000000000000e+05
1.182780000000000000e+05
1.099700000000000000e+05
1.021810000000000000e+05
9.478500000000000000e+04
8.883500000000000000e+04
8.329700000000000000e+04
7.810900000000000000e+04
7.416900000000000000e+04
6.920000000000000000e+04
6.572500000000000000e+04
6.187000000000000000e+04
5.843800000000000000e+04
5.604700000000000000e+04
5.319700000000000000e+04
5.018600000000000000e+04
4.795800000000000000e+04
4.530200000000000000e+04
4.371300000000000000e+04
4.101800000000000000e+04
4.022800000000000000e+04
3.795800000000000000e+04
3.618000000000000000e+04
3.503300000000000000e+04
3.356800000000000000e+04
3.200700000000000000e+04
3.203900000000000000e+04
3.351100000000000000e+04
3.465700000000000000e+04
3.633400000000000000e+04
3.816400000000000000e+04
3.939800000000000000e+04
4.168400000000000000e+04
4.349300000000000000e+04
4.562900000000000000e+04
4.738800000000000000e+04
5.021800000000000000e+04
5.293800000000000000e+04
5.585600000000000000e+04
5.867400000000000000e+04
6.247600000000000000e+04
6.564000000000000000e+04
6.939600000000000000e+04
7.354900000000000000e+04
7.772400000000000000e+04
8.298300000000000000e+04
8.868000000000000000e+04
9.457200000000000000e+04
1.020850000000000000e+05
1.094240000000000000e+05
1.185820000000000000e+05
1.270960000000000000e+05
1.380950000000000000e+05
1.500000000000000000e+05
1.637710000000000000e+05
1.781450000000000000e+05
1.960620000000000000e+05
2.162050000000000000e+05
2.411780000000000000e+05
2.676700000000000000e+05
3.008100000000000000e+05
3.391380000000000000e+05
3.848690000000000000e+05
4.392800000000000000e+05
5.088680000000000000e+05
5.884760000000000000e+05
6.915020000000000000e+05
8.206160000000000000e+05
9.827020000000000000e+05
1.185229000000000000e+06
1.442861000000000000e+06
1.760647000000000000e+06
2.137522000000000000e+06
2.545476000000000000e+06
2.916026000000000000e+06
3.140326000000000000e+06
3.139283000000000000e+06
2.915657000000000000e+06
2.544212000000000000e+06
2.139245000000000000e+06
1.761916000000000000e+06
1.442671000000000000e+06
1.184265000000000000e+06
9.805080000000000000e+05
8.184750000000000000e+05
6.919600000000000000e+05
5.885020000000000000e+05
5.060280000000000000e+05
4.387660000000000000e+05
3.839300000000000000e+05
3.379920000000000000e+05
2.999030000000000000e+05
2.677530000000000000e+05
2.410040000000000000e+05
2.166320000000000000e+05
1.967820000000000000e+05
1.793470000000000000e+05
1.633130000000000000e+05
1.494790000000000000e+05
1.375920000000000000e+05
1.276440000000000000e+05
1.182780000000000000e+05
1.099700000000000000e+05
1.021810000000000000e+05
9.478500000000000000e+04
8.883500000000000000e+04
8.329700000000000000e+04
7.810900000000000000e+04
7.416900000000000000e+04
6.920000000000000000e+04
6.572500000000000000e+04
6.187000000000000000e+04
5.843800000000000000e+04
5.604700000000000000e+04
5.319700000000000000e+04
5.018600000000000000e+04
4.795800000000000000e+04
4.530200000000000000e+04
4.371300000000000000e+04
4.101800000000000000e+04
4.022800000000000000e+04
3.795800000000000000e+04
3.618000000000000000e+04
3.503300000000000000e+04
3.356800000000000000e+04
3.200700000000000000e+04
