3.230300000000000000e+04
3.345100000000000000e+04
3.493100000000000000e+04
3.649500000000000000e+04
3.793200000000000000e+04
3.999300000000000000e+04
4.138800000000000000e+04
4.334100000000000000e+04
4.559900000000000000e+04
4.754500000000000000e+04
5.016100000000000000e+04
5.276200000000000000e+04
5.552200000000000000e+04
5.880500000000000000e+04
6.189500000000000000e+04
6.550300000000000000e+04
6.967600000000000000e+04
7.335500000000000000e+04
7.781800000000000000e+04
8.320600000000000000e+04
8.883200000000000000e+04
9.466000000000000000e+04
1.021600000000000000e+05
1.094150000000000000e+05
1.184900000000000000e+05
1.268010000000000000e+05
1.375000000000000000e+05
1.490550000000000000e+05
1.633260000000000000e+05
1.791700000000000000e+05
1.961580000000000000e+05
2.175660000000000000e+05
2.403220000000000000e+05
2.678190000000000000e+05
2.997930000000000000e+05
3.377380000000000000e+05
3.849230000000000000e+05
4.396510000000000000e+05
5.072740000000000000e+05
5.872860000000000000e+05
6.933230000000000000e+05
8.198390000000000000e+05
9.812400000000000000e+05
1.186603000000000000e+06
1.443604000000000000e+06
1.760238000000000000e+06
2.138847000000000000e+06
2.545572000000000000e+06
2.915327000000000000e+06
3.140223000000000000e+06
3.141312000000000000e+06
2.915512000000000000e+06
2.542732000000000000e+06
2.138648000000000000e+06
1.760377000000000000e+06
1.440933000000000000e+06
1.184320000000000000e+06
9.821770000000000000e+05
8.190790000000000000e+05
6.937350000000000000e+05
5.893440000000000000e+05
5.068610000000000000e+05
4.394360000000000000e+05
3.847290000000000000e+05
3.399860000000000000e+05
3.006930000000000000e+05
2.681330000000000000e+05
2.405040000000000000e+05
2.171930000000000000e+05
1.961140000000000000e+05
1.787060000000000000e+05
1.641490000000000000e+05
1.505520000000000000e+05
1.378070000000000000e+05
1.277200000000000000e+05
1.181430000000000000e+05
1.099230000000000000e+05
1.018750000000000000e+05
9.567000000000000000e+04
8.914800000000000000e+04
8.308900000000000000e+04
7.803100000000000000e+04
7.308700000000000000e+04
6.938600000000000000e+04
6.524800000000000000e+04
6.203600000000000000e+04
5.834500000000000000e+04
5.545900000000000000e+04
5.243000000000000000e+04
5.010000000000000000e+04
4.780300000000000000e+04
4.511900000000000000e+04
4.352300000000000000e+04
4.145100000000000000e+04
3.988000000000000000e+04
3.803400000000000000e+04
3.643500000000000000e+04
3.496300000000000000e+04
3.352200000000000000e+04
3.193700000000000000e+04
3.230300000000000000e+04
3.345100000000000000e+04
3.493100000000000000e+04
3.649500000000000000e+04
3.793200000000000000e+04
3.999300000000000000e+04
4.138800000000000000e+04
4.334100000000000000e+04
4.559900000000000000e+04
4.754500000000000000e+04
5.016100000000000000e+04
5.276200000000000000e+04
5.552200000000000000e+04
5.880500000000000000e+04
6.189500000000000000e+04
6.550300000000000000e+04
6.967600000000000000e+04
7.335500000000000000e+04
7.781800000000000000e+04
8.320600000000000000e+04
8.883200000000000000e+04
9.466000000000000000e+04
1.021600000000000000e+05
1.094150000000000000e+05
1.184900000000000000e+05
1.268010000000000000e+05
1.375000000000000000e+05
1.490550000000000000e+05
1.633260000000000000e+05
1.791700000000000000e+05
1.961580000000000000e+05
2.175660000000000000e+05
2.403220000000000000e+05
2.678190000000000000e+05
2.997930000000000000e+05
3.377380000000000000e+05
3.849230000000000000e+05
4.396510000000000000e+05
5.072740000000000000e+05
5.872860000000000000e+05
6.933230000000000000e+05
8.198390000000000000e+05
9.812400000000000000e+05
1.186603000000000000e+06
1.443604000000000000e+06
1.760238000000000000e+06
2.138847000000000000e+06
2.545572000000000000e+06
2.915327000000000000e+06
3.140223000000000000e+06
3.141312000000000000e+06
2.915512000000000000e+06
2.542732000000000000e+06
2.138648000000000000e+06
1.760377000000000000e+06
1.440933000000000000e+06
1.184320000000000000e+06
9.821770000000000000e+05
8.190790000000000000e+05
6.937350000000000000e+05
5.893440000000000000e+05
5.068610000000000000e+05
4.394360000000000000e+05
3.847290000000000000e+05
3.399860000000000000e+05
3.006930000000000000e+05
2.681330000000000000e+05
2.405040000000000000e+05
2.171930000000000000e+05
1.961140000000000000e+05
1.787060000000000000e+05
1.641490000000000000e+05
1.505520000000000000e+05
1.378070000000000000e+05
1.277200000000000000e+05
1.181430000000000000e+05
1.099230000000000000e+05
1.018750000000000000e+05
9.567000000000000000e+04
8.914800000000000000e+04
8.308900000000000000e+04
7.803100000000000000e+04
7.308700000000000000e+04
6.938600000000000000e+04
6.524800000000000000e+04
6.203600000000000000e+04
5.834500000000000000e+04
5.545900000000000000e+04
5.243000000000000000e+04
5.010000000000000000e+04
4.780300000000000000e+04
4.511900000000000000e+04
4.352300000000000000e+04
4.145100000000000000e+04
3.988000000000000000e+04
3.803400000000000000e+04
3.643500000000000000e+04
3.496300000000000000e+04
3.352200000000000000e+04
3.193700000000000000e+04
