6.416200000000000000e+04
6.648400000000000000e+04
7.019600000000000000e+04
7.251600000000000000e+04
7.637400000000000000e+04
7.919600000000000000e+04
8.358500000000000000e+04
8.681200000000000000e+04
9.102700000000000000e+04
9.553000000000000000e+04
1.001990000000000000e+05
1.056060000000000000e+05
1.112740000000000000e+05
1.177110000000000000e+05
1.243670000000000000e+05
1.310010000000000000e+05
1.388490000000000000e+05
1.481950000000000000e+05
1.563400000000000000e+05
1.669770000000000000e+05
1.780330000000000000e+05
1.908440000000000000e+05
2.040780000000000000e+05
2.188200000000000000e+05
2.356380000000000000e+05
2.546210000000000000e+05
2.749340000000000000e+05
2.996870000000000000e+05
3.266610000000000000e+05
3.567560000000000000e+05
3.922250000000000000e+05
4.315680000000000000e+05
4.797640000000000000e+05
5.363240000000000000e+05
6.015350000000000000e+05
6.769700000000000000e+05
7.683270000000000000e+05
8.783770000000000000e+05
1.012546000000000000e+06
1.179786000000000000e+06
1.381939000000000000e+06
1.640421000000000000e+06
1.963717000000000000e+06
2.370429000000000000e+06
2.886829000000000000e+06
3.525039000000000000e+06
4.275508000000000000e+06
5.085995000000000000e+06
5.831894000000000000e+06
6.283314000000000000e+06
6.286663000000000000e+06
5.830741000000000000e+06
5.087105000000000000e+06
4.272972000000000000e+06
3.525548000000000000e+06
2.885554000000000000e+06
2.368055000000000000e+06
1.961831000000000000e+06
1.639263000000000000e+06
1.381660000000000000e+06
1.178411000000000000e+06
1.014064000000000000e+06
8.783650000000000000e+05
7.684910000000000000e+05
6.776070000000000000e+05
6.021350000000000000e+05
5.361780000000000000e+05
4.803450000000000000e+05
4.338990000000000000e+05
3.924620000000000000e+05
3.577260000000000000e+05
3.261220000000000000e+05
2.997150000000000000e+05
2.759310000000000000e+05
2.552520000000000000e+05
2.358390000000000000e+05
2.193870000000000000e+05
2.038680000000000000e+05
1.899790000000000000e+05
1.781150000000000000e+05
1.664970000000000000e+05
1.569500000000000000e+05
1.472700000000000000e+05
1.388910000000000000e+05
1.309780000000000000e+05
1.233030000000000000e+05
1.163830000000000000e+05
1.109720000000000000e+05
1.053070000000000000e+05
1.006770000000000000e+05
9.576400000000000000e+04
9.131100000000000000e+04
8.723600000000000000e+04
8.274000000000000000e+04
7.934600000000000000e+04
7.559600000000000000e+04
7.256700000000000000e+04
6.958000000000000000e+04
6.687900000000000000e+04
6.406000000000000000e+04
