2.007000000000000000e+03
2.068000000000000000e+03
2.123000000000000000e+03
2.276000000000000000e+03
2.389000000000000000e+03
2.483000000000000000e+03
2.580000000000000000e+03
2.740000000000000000e+03
2.899000000000000000e+03
2.894000000000000000e+03
3.263000000000000000e+03
3.272000000000000000e+03
3.551000000000000000e+03
3.684000000000000000e+03
3.870000000000000000e+03
4.026000000000000000e+03
4.268000000000000000e+03
4.515000000000000000e+03
4.839000000000000000e+03
5.207000000000000000e+03
5.514000000000000000e+03
5.926000000000000000e+03
6.448000000000000000e+03
6.893000000000000000e+03
7.364000000000000000e+03
7.952000000000000000e+03
8.697000000000000000e+03
9.421000000000000000e+03
1.017100000000000000e+04
1.110200000000000000e+04
1.234000000000000000e+04
1.353600000000000000e+04
1.510500000000000000e+04
1.673200000000000000e+04
1.875200000000000000e+04
2.114600000000000000e+04
2.399500000000000000e+04
2.747800000000000000e+04
3.175500000000000000e+04
3.682800000000000000e+04
4.320100000000000000e+04
5.115000000000000000e+04
6.129900000000000000e+04
7.412700000000000000e+04
9.001400000000000000e+04
1.102350000000000000e+05
1.341740000000000000e+05
1.590430000000000000e+05
1.822640000000000000e+05
1.961650000000000000e+05
1.964590000000000000e+05
1.815730000000000000e+05
1.585680000000000000e+05
1.335750000000000000e+05
1.104220000000000000e+05
8.972200000000000000e+04
7.416400000000000000e+04
6.180300000000000000e+04
5.150600000000000000e+04
4.320300000000000000e+04
3.693100000000000000e+04
3.188000000000000000e+04
2.754800000000000000e+04
2.390600000000000000e+04
2.099100000000000000e+04
1.876700000000000000e+04
1.692900000000000000e+04
1.498800000000000000e+04
1.353900000000000000e+04
1.223000000000000000e+04
1.103000000000000000e+04
1.003700000000000000e+04
9.394000000000000000e+03
8.731000000000000000e+03
7.883000000000000000e+03
7.230000000000000000e+03
6.684000000000000000e+03
6.403000000000000000e+03
5.962000000000000000e+03
5.510000000000000000e+03
5.208000000000000000e+03
4.839000000000000000e+03
4.716000000000000000e+03
4.257000000000000000e+03
4.075000000000000000e+03
3.978000000000000000e+03
3.773000000000000000e+03
3.466000000000000000e+03
3.228000000000000000e+03
3.130000000000000000e+03
2.967000000000000000e+03
2.847000000000000000e+03
2.725000000000000000e+03
2.515000000000000000e+03
2.499000000000000000e+03
2.295000000000000000e+03
2.321000000000000000e+03
2.206000000000000000e+03
2.032000000000000000e+03
2.000000000000000000e+03
2.007000000000000000e+03
2.068000000000000000e+03
2.123000000000000000e+03
2.276000000000000000e+03
2.389000000000000000e+03
2.483000000000000000e+03
2.580000000000000000e+03
2.740000000000000000e+03
2.899000000000000000e+03
2.894000000000000000e+03
3.263000000000000000e+03
3.272000000000000000e+03
3.551000000000000000e+03
3.684000000000000000e+03
3.870000000000000000e+03
4.026000000000000000e+03
4.268000000000000000e+03
4.515000000000000000e+03
4.839000000000000000e+03
5.207000000000000000e+03
5.514000000000000000e+03
5.926000000000000000e+03
6.448000000000000000e+03
6.893000000000000000e+03
7.364000000000000000e+03
7.952000000000000000e+03
8.697000000000000000e+03
9.421000000000000000e+03
1.017100000000000000e+04
1.110200000000000000e+04
1.234000000000000000e+04
1.353600000000000000e+04
1.510500000000000000e+04
1.673200000000000000e+04
1.875200000000000000e+04
2.114600000000000000e+04
2.399500000000000000e+04
2.747800000000000000e+04
3.175500000000000000e+04
3.682800000000000000e+04
4.320100000000000000e+04
5.115000000000000000e+04
6.129900000000000000e+04
7.412700000000000000e+04
9.001400000000000000e+04
1.102350000000000000e+05
1.341740000000000000e+05
1.590430000000000000e+05
1.822640000000000000e+05
1.961650000000000000e+05
1.964590000000000000e+05
1.815730000000000000e+05
1.585680000000000000e+05
1.335750000000000000e+05
1.104220000000000000e+05
8.972200000000000000e+04
7.416400000000000000e+04
6.180300000000000000e+04
5.150600000000000000e+04
4.320300000000000000e+04
3.693100000000000000e+04
3.188000000000000000e+04
2.754800000000000000e+04
2.390600000000000000e+04
2.099100000000000000e+04
1.876700000000000000e+04
1.692900000000000000e+04
1.498800000000000000e+04
1.353900000000000000e+04
1.223000000000000000e+04
1.103000000000000000e+04
1.003700000000000000e+04
9.394000000000000000e+03
8.731000000000000000e+03
7.883000000000000000e+03
7.230000000000000000e+03
6.684000000000000000e+03
6.403000000000000000e+03
5.962000000000000000e+03
5.510000000000000000e+03
5.208000000000000000e+03
4.839000000000000000e+03
4.716000000000000000e+03
4.257000000000000000e+03
4.075000000000000000e+03
3.978000000000000000e+03
3.773000000000000000e+03
3.466000000000000000e+03
3.228000000000000000e+03
3.130000000000000000e+03
2.967000000000000000e+03
2.847000000000000000e+03
2.725000000000000000e+03
2.515000000000000000e+03
2.499000000000000000e+03
2.295000000000000000e+03
2.321000000000000000e+03
2.206000000000000000e+03
2.032000000000000000e+03
2.000000000000000000e+03
2.007000000000000000e+03
2.068000000000000000e+03
2.123000000000000000e+03
2.276000000000000000e+03
2.389000000000000000e+03
2.483000000000000000e+03
2.580000000000000000e+03
2.740000000000000000e+03
2.899000000000000000e+03
2.894000000000000000e+03
3.263000000000000000e+03
3.272000000000000000e+03
3.551000000000000000e+03
3.684000000000000000e+03
3.870000000000000000e+03
4.026000000000000000e+03
4.268000000000000000e+03
4.515000000000000000e+03
4.839000000000000000e+03
5.207000000000000000e+03
5.514000000000000000e+03
5.926000000000000000e+03
6.448000000000000000e+03
6.893000000000000000e+03
7.364000000000000000e+03
7.952000000000000000e+03
8.697000000000000000e+03
9.421000000000000000e+03
1.017100000000000000e+04
1.110200000000000000e+04
1.234000000000000000e+04
1.353600000000000000e+04
1.510500000000000000e+04
1.673200000000000000e+04
1.875200000000000000e+04
2.114600000000000000e+04
2.399500000000000000e+04
2.747800000000000000e+04
3.175500000000000000e+04
3.682800000000000000e+04
4.320100000000000000e+04
5.115000000000000000e+04
6.129900000000000000e+04
7.412700000000000000e+04
9.001400000000000000e+04
1.102350000000000000e+05
1.341740000000000000e+05
1.590430000000000000e+05
1.822640000000000000e+05
1.961650000000000000e+05
1.964590000000000000e+05
1.815730000000000000e+05
1.585680000000000000e+05
1.335750000000000000e+05
1.104220000000000000e+05
8.972200000000000000e+04
7.416400000000000000e+04
6.180300000000000000e+04
5.150600000000000000e+04
4.320300000000000000e+04
3.693100000000000000e+04
3.188000000000000000e+04
2.754800000000000000e+04
2.390600000000000000e+04
2.099100000000000000e+04
1.876700000000000000e+04
1.692900000000000000e+04
1.498800000000000000e+04
1.353900000000000000e+04
1.223000000000000000e+04
1.103000000000000000e+04
1.003700000000000000e+04
9.394000000000000000e+03
8.731000000000000000e+03
7.883000000000000000e+03
7.230000000000000000e+03
6.684000000000000000e+03
6.403000000000000000e+03
5.962000000000000000e+03
5.510000000000000000e+03
5.208000000000000000e+03
4.839000000000000000e+03
4.716000000000000000e+03
4.257000000000000000e+03
4.075000000000000000e+03
3.978000000000000000e+03
3.773000000000000000e+03
3.466000000000000000e+03
3.228000000000000000e+03
3.130000000000000000e+03
2.967000000000000000e+03
2.847000000000000000e+03
2.725000000000000000e+03
2.515000000000000000e+03
2.499000000000000000e+03
2.295000000000000000e+03
2.321000000000000000e+03
2.206000000000000000e+03
2.032000000000000000e+03
2.000000000000000000e+03
2.007000000000000000e+03
2.068000000000000000e+03
2.123000000000000000e+03
2.276000000000000000e+03
2.389000000000000000e+03
2.483000000000000000e+03
2.580000000000000000e+03
2.740000000000000000e+03
2.899000000000000000e+03
2.894000000000000000e+03
3.263000000000000000e+03
3.272000000000000000e+03
3.551000000000000000e+03
3.684000000000000000e+03
3.870000000000000000e+03
4.026000000000000000e+03
4.268000000000000000e+03
4.515000000000000000e+03
4.839000000000000000e+03
5.207000000000000000e+03
5.514000000000000000e+03
5.926000000000000000e+03
6.448000000000000000e+03
6.893000000000000000e+03
7.364000000000000000e+03
7.952000000000000000e+03
8.697000000000000000e+03
9.421000000000000000e+03
1.017100000000000000e+04
1.110200000000000000e+04
1.234000000000000000e+04
1.353600000000000000e+04
1.510500000000000000e+04
1.673200000000000000e+04
1.875200000000000000e+04
2.114600000000000000e+04
2.399500000000000000e+04
2.747800000000000000e+04
3.175500000000000000e+04
3.682800000000000000e+04
4.320100000000000000e+04
5.115000000000000000e+04
6.129900000000000000e+04
7.412700000000000000e+04
9.001400000000000000e+04
1.102350000000000000e+05
1.341740000000000000e+05
1.590430000000000000e+05
1.822640000000000000e+05
1.961650000000000000e+05
1.964590000000000000e+05
1.815730000000000000e+05
1.585680000000000000e+05
1.335750000000000000e+05
1.104220000000000000e+05
8.972200000000000000e+04
7.416400000000000000e+04
6.180300000000000000e+04
5.150600000000000000e+04
4.320300000000000000e+04
3.693100000000000000e+04
3.188000000000000000e+04
2.754800000000000000e+04
2.390600000000000000e+04
2.099100000000000000e+04
1.876700000000000000e+04
1.692900000000000000e+04
1.498800000000000000e+04
1.353900000000000000e+04
1.223000000000000000e+04
1.103000000000000000e+04
1.003700000000000000e+04
9.394000000000000000e+03
8.731000000000000000e+03
7.883000000000000000e+03
7.230000000000000000e+03
6.684000000000000000e+03
6.403000000000000000e+03
5.962000000000000000e+03
5.510000000000000000e+03
5.208000000000000000e+03
4.839000000000000000e+03
4.716000000000000000e+03
4.257000000000000000e+03
4.075000000000000000e+03
3.978000000000000000e+03
3.773000000000000000e+03
3.466000000000000000e+03
3.228000000000000000e+03
3.130000000000000000e+03
2.967000000000000000e+03
2.847000000000000000e+03
2.725000000000000000e+03
2.515000000000000000e+03
2.499000000000000000e+03
2.295000000000000000e+03
2.321000000000000000e+03
2.206000000000000000e+03
2.032000000000000000e+03
2.000000000000000000e+03
2.007000000000000000e+03
2.068000000000000000e+03
2.123000000000000000e+03
2.276000000000000000e+03
2.389000000000000000e+03
2.483000000000000000e+03
2.580000000000000000e+03
2.740000000000000000e+03
2.899000000000000000e+03
2.894000000000000000e+03
3.263000000000000000e+03
3.272000000000000000e+03
3.551000000000000000e+03
3.684000000000000000e+03
3.870000000000000000e+03
4.026000000000000000e+03
4.268000000000000000e+03
4.515000000000000000e+03
4.839000000000000000e+03
5.207000000000000000e+03
5.514000000000000000e+03
5.926000000000000000e+03
6.448000000000000000e+03
6.893000000000000000e+03
7.364000000000000000e+03
7.952000000000000000e+03
8.697000000000000000e+03
9.421000000000000000e+03
1.017100000000000000e+04
1.110200000000000000e+04
1.234000000000000000e+04
1.353600000000000000e+04
1.510500000000000000e+04
1.673200000000000000e+04
1.875200000000000000e+04
2.114600000000000000e+04
2.399500000000000000e+04
2.747800000000000000e+04
3.175500000000000000e+04
3.682800000000000000e+04
4.320100000000000000e+04
5.115000000000000000e+04
6.129900000000000000e+04
7.412700000000000000e+04
9.001400000000000000e+04
1.102350000000000000e+05
1.341740000000000000e+05
1.590430000000000000e+05
1.822640000000000000e+05
1.961650000000000000e+05
1.964590000000000000e+05
1.815730000000000000e+05
1.585680000000000000e+05
1.335750000000000000e+05
1.104220000000000000e+05
8.972200000000000000e+04
7.416400000000000000e+04
6.180300000000000000e+04
5.150600000000000000e+04
4.320300000000000000e+04
3.693100000000000000e+04
3.188000000000000000e+04
2.754800000000000000e+04
2.390600000000000000e+04
2.099100000000000000e+04
1.876700000000000000e+04
1.692900000000000000e+04
1.498800000000000000e+04
1.353900000000000000e+04
1.223000000000000000e+04
1.103000000000000000e+04
1.003700000000000000e+04
9.394000000000000000e+03
8.731000000000000000e+03
7.883000000000000000e+03
7.230000000000000000e+03
6.684000000000000000e+03
6.403000000000000000e+03
5.962000000000000000e+03
5.510000000000000000e+03
5.208000000000000000e+03
4.839000000000000000e+03
4.716000000000000000e+03
4.257000000000000000e+03
4.075000000000000000e+03
3.978000000000000000e+03
3.773000000000000000e+03
3.466000000000000000e+03
3.228000000000000000e+03
3.130000000000000000e+03
2.967000000000000000e+03
2.847000000000000000e+03
2.725000000000000000e+03
2.515000000000000000e+03
2.499000000000000000e+03
2.295000000000000000e+03
2.321000000000000000e+03
2.206000000000000000e+03
2.032000000000000000e+03
2.000000000000000000e+03
2.007000000000000000e+03
2.068000000000000000e+03
2.123000000000000000e+03
2.276000000000000000e+03
2.389000000000000000e+03
2.483000000000000000e+03
2.580000000000000000e+03
2.740000000000000000e+03
2.899000000000000000e+03
2.894000000000000000e+03
3.263000000000000000e+03
3.272000000000000000e+03
3.551000000000000000e+03
3.684000000000000000e+03
3.870000000000000000e+03
4.026000000000000000e+03
4.268000000000000000e+03
4.515000000000000000e+03
4.839000000000000000e+03
5.207000000000000000e+03
5.514000000000000000e+03
5.926000000000000000e+03
6.448000000000000000e+03
6.893000000000000000e+03
7.364000000000000000e+03
7.952000000000000000e+03
8.697000000000000000e+03
9.421000000000000000e+03
1.017100000000000000e+04
1.110200000000000000e+04
1.234000000000000000e+04
1.353600000000000000e+04
1.510500000000000000e+04
1.673200000000000000e+04
1.875200000000000000e+04
2.114600000000000000e+04
2.399500000000000000e+04
2.747800000000000000e+04
3.175500000000000000e+04
3.682800000000000000e+04
4.320100000000000000e+04
5.115000000000000000e+04
6.129900000000000000e+04
7.412700000000000000e+04
9.001400000000000000e+04
1.102350000000000000e+05
1.341740000000000000e+05
1.590430000000000000e+05
1.822640000000000000e+05
1.961650000000000000e+05
1.964590000000000000e+05
1.815730000000000000e+05
1.585680000000000000e+05
1.335750000000000000e+05
1.104220000000000000e+05
8.972200000000000000e+04
7.416400000000000000e+04
6.180300000000000000e+04
5.150600000000000000e+04
4.320300000000000000e+04
3.693100000000000000e+04
3.188000000000000000e+04
2.754800000000000000e+04
2.390600000000000000e+04
2.099100000000000000e+04
1.876700000000000000e+04
1.692900000000000000e+04
1.498800000000000000e+04
1.353900000000000000e+04
1.223000000000000000e+04
1.103000000000000000e+04
1.003700000000000000e+04
9.394000000000000000e+03
8.731000000000000000e+03
7.883000000000000000e+03
7.230000000000000000e+03
6.684000000000000000e+03
6.403000000000000000e+03
5.962000000000000000e+03
5.510000000000000000e+03
5.208000000000000000e+03
4.839000000000000000e+03
4.716000000000000000e+03
4.257000000000000000e+03
4.075000000000000000e+03
3.978000000000000000e+03
3.773000000000000000e+03
3.466000000000000000e+03
3.228000000000000000e+03
3.130000000000000000e+03
2.967000000000000000e+03
2.847000000000000000e+03
2.725000000000000000e+03
2.515000000000000000e+03
2.499000000000000000e+03
2.295000000000000000e+03
2.321000000000000000e+03
2.206000000000000000e+03
2.032000000000000000e+03
2.000000000000000000e+03
2.007000000000000000e+03
2.068000000000000000e+03
2.123000000000000000e+03
2.276000000000000000e+03
2.389000000000000000e+03
2.483000000000000000e+03
2.580000000000000000e+03
2.740000000000000000e+03
2.899000000000000000e+03
2.894000000000000000e+03
3.263000000000000000e+03
3.272000000000000000e+03
3.551000000000000000e+03
3.684000000000000000e+03
3.870000000000000000e+03
4.026000000000000000e+03
4.268000000000000000e+03
4.515000000000000000e+03
4.839000000000000000e+03
5.207000000000000000e+03
5.514000000000000000e+03
5.926000000000000000e+03
6.448000000000000000e+03
6.893000000000000000e+03
7.364000000000000000e+03
7.952000000000000000e+03
8.697000000000000000e+03
9.421000000000000000e+03
1.017100000000000000e+04
1.110200000000000000e+04
1.234000000000000000e+04
1.353600000000000000e+04
1.510500000000000000e+04
1.673200000000000000e+04
1.875200000000000000e+04
2.114600000000000000e+04
2.399500000000000000e+04
2.747800000000000000e+04
3.175500000000000000e+04
3.682800000000000000e+04
4.320100000000000000e+04
5.115000000000000000e+04
6.129900000000000000e+04
7.412700000000000000e+04
9.001400000000000000e+04
1.102350000000000000e+05
1.341740000000000000e+05
1.590430000000000000e+05
1.822640000000000000e+05
1.961650000000000000e+05
1.964590000000000000e+05
1.815730000000000000e+05
1.585680000000000000e+05
1.335750000000000000e+05
1.104220000000000000e+05
8.972200000000000000e+04
7.416400000000000000e+04
6.180300000000000000e+04
5.150600000000000000e+04
4.320300000000000000e+04
3.693100000000000000e+04
3.188000000000000000e+04
2.754800000000000000e+04
2.390600000000000000e+04
2.099100000000000000e+04
1.876700000000000000e+04
1.692900000000000000e+04
1.498800000000000000e+04
1.353900000000000000e+04
1.223000000000000000e+04
1.103000000000000000e+04
1.003700000000000000e+04
9.394000000000000000e+03
8.731000000000000000e+03
7.883000000000000000e+03
7.230000000000000000e+03
6.684000000000000000e+03
6.403000000000000000e+03
5.962000000000000000e+03
5.510000000000000000e+03
5.208000000000000000e+03
4.839000000000000000e+03
4.716000000000000000e+03
4.257000000000000000e+03
4.075000000000000000e+03
3.978000000000000000e+03
3.773000000000000000e+03
3.466000000000000000e+03
3.228000000000000000e+03
3.130000000000000000e+03
2.967000000000000000e+03
2.847000000000000000e+03
2.725000000000000000e+03
2.515000000000000000e+03
2.499000000000000000e+03
2.295000000000000000e+03
2.321000000000000000e+03
2.206000000000000000e+03
2.032000000000000000e+03
2.000000000000000000e+03
2.007000000000000000e+03
2.068000000000000000e+03
2.123000000000000000e+03
2.276000000000000000e+03
2.389000000000000000e+03
2.483000000000000000e+03
2.580000000000000000e+03
2.740000000000000000e+03
2.899000000000000000e+03
2.894000000000000000e+03
3.263000000000000000e+03
3.272000000000000000e+03
3.551000000000000000e+03
3.684000000000000000e+03
3.870000000000000000e+03
4.026000000000000000e+03
4.268000000000000000e+03
4.515000000000000000e+03
4.839000000000000000e+03
5.207000000000000000e+03
5.514000000000000000e+03
5.926000000000000000e+03
6.448000000000000000e+03
6.893000000000000000e+03
7.364000000000000000e+03
7.952000000000000000e+03
8.697000000000000000e+03
9.421000000000000000e+03
1.017100000000000000e+04
1.110200000000000000e+04
1.234000000000000000e+04
1.353600000000000000e+04
1.510500000000000000e+04
1.673200000000000000e+04
1.875200000000000000e+04
2.114600000000000000e+04
2.399500000000000000e+04
2.747800000000000000e+04
3.175500000000000000e+04
3.682800000000000000e+04
4.320100000000000000e+04
5.115000000000000000e+04
6.129900000000000000e+04
7.412700000000000000e+04
9.001400000000000000e+04
1.102350000000000000e+05
1.341740000000000000e+05
1.590430000000000000e+05
1.822640000000000000e+05
1.961650000000000000e+05
1.964590000000000000e+05
1.815730000000000000e+05
1.585680000000000000e+05
1.335750000000000000e+05
1.104220000000000000e+05
8.972200000000000000e+04
7.416400000000000000e+04
6.180300000000000000e+04
5.150600000000000000e+04
4.320300000000000000e+04
3.693100000000000000e+04
3.188000000000000000e+04
2.754800000000000000e+04
2.390600000000000000e+04
2.099100000000000000e+04
1.876700000000000000e+04
1.692900000000000000e+04
1.498800000000000000e+04
1.353900000000000000e+04
1.223000000000000000e+04
1.103000000000000000e+04
1.003700000000000000e+04
9.394000000000000000e+03
8.731000000000000000e+03
7.883000000000000000e+03
7.230000000000000000e+03
6.684000000000000000e+03
6.403000000000000000e+03
5.962000000000000000e+03
5.510000000000000000e+03
5.208000000000000000e+03
4.839000000000000000e+03
4.716000000000000000e+03
4.257000000000000000e+03
4.075000000000000000e+03
3.978000000000000000e+03
3.773000000000000000e+03
3.466000000000000000e+03
3.228000000000000000e+03
3.130000000000000000e+03
2.967000000000000000e+03
2.847000000000000000e+03
2.725000000000000000e+03
2.515000000000000000e+03
2.499000000000000000e+03
2.295000000000000000e+03
2.321000000000000000e+03
2.206000000000000000e+03
2.032000000000000000e+03
2.000000000000000000e+03
2.007000000000000000e+03
2.068000000000000000e+03
2.123000000000000000e+03
2.276000000000000000e+03
2.389000000000000000e+03
2.483000000000000000e+03
2.580000000000000000e+03
2.740000000000000000e+03
2.899000000000000000e+03
2.894000000000000000e+03
3.263000000000000000e+03
3.272000000000000000e+03
3.551000000000000000e+03
3.684000000000000000e+03
3.870000000000000000e+03
4.026000000000000000e+03
4.268000000000000000e+03
4.515000000000000000e+03
4.839000000000000000e+03
5.207000000000000000e+03
5.514000000000000000e+03
5.926000000000000000e+03
6.448000000000000000e+03
6.893000000000000000e+03
7.364000000000000000e+03
7.952000000000000000e+03
8.697000000000000000e+03
9.421000000000000000e+03
1.017100000000000000e+04
1.110200000000000000e+04
1.234000000000000000e+04
1.353600000000000000e+04
1.510500000000000000e+04
1.673200000000000000e+04
1.875200000000000000e+04
2.114600000000000000e+04
2.399500000000000000e+04
2.747800000000000000e+04
3.175500000000000000e+04
3.682800000000000000e+04
4.320100000000000000e+04
5.115000000000000000e+04
6.129900000000000000e+04
7.412700000000000000e+04
9.001400000000000000e+04
1.102350000000000000e+05
1.341740000000000000e+05
1.590430000000000000e+05
1.822640000000000000e+05
1.961650000000000000e+05
1.964590000000000000e+05
1.815730000000000000e+05
1.585680000000000000e+05
1.335750000000000000e+05
1.104220000000000000e+05
8.972200000000000000e+04
7.416400000000000000e+04
6.180300000000000000e+04
5.150600000000000000e+04
4.320300000000000000e+04
3.693100000000000000e+04
3.188000000000000000e+04
2.754800000000000000e+04
2.390600000000000000e+04
2.099100000000000000e+04
1.876700000000000000e+04
1.692900000000000000e+04
1.498800000000000000e+04
1.353900000000000000e+04
1.223000000000000000e+04
1.103000000000000000e+04
1.003700000000000000e+04
9.394000000000000000e+03
8.731000000000000000e+03
7.883000000000000000e+03
7.230000000000000000e+03
6.684000000000000000e+03
6.403000000000000000e+03
5.962000000000000000e+03
5.510000000000000000e+03
5.208000000000000000e+03
4.839000000000000000e+03
4.716000000000000000e+03
4.257000000000000000e+03
4.075000000000000000e+03
3.978000000000000000e+03
3.773000000000000000e+03
3.466000000000000000e+03
3.228000000000000000e+03
3.130000000000000000e+03
2.967000000000000000e+03
2.847000000000000000e+03
2.725000000000000000e+03
2.515000000000000000e+03
2.499000000000000000e+03
2.295000000000000000e+03
2.321000000000000000e+03
2.206000000000000000e+03
2.032000000000000000e+03
2.000000000000000000e+03
2.007000000000000000e+03
2.068000000000000000e+03
2.123000000000000000e+03
2.276000000000000000e+03
2.389000000000000000e+03
2.483000000000000000e+03
2.580000000000000000e+03
2.740000000000000000e+03
2.899000000000000000e+03
2.894000000000000000e+03
3.263000000000000000e+03
3.272000000000000000e+03
3.551000000000000000e+03
3.684000000000000000e+03
3.870000000000000000e+03
4.026000000000000000e+03
4.268000000000000000e+03
4.515000000000000000e+03
4.839000000000000000e+03
5.207000000000000000e+03
5.514000000000000000e+03
5.926000000000000000e+03
6.448000000000000000e+03
6.893000000000000000e+03
7.364000000000000000e+03
7.952000000000000000e+03
8.697000000000000000e+03
9.421000000000000000e+03
1.017100000000000000e+04
1.110200000000000000e+04
1.234000000000000000e+04
1.353600000000000000e+04
1.510500000000000000e+04
1.673200000000000000e+04
1.875200000000000000e+04
2.114600000000000000e+04
2.399500000000000000e+04
2.747800000000000000e+04
3.175500000000000000e+04
3.682800000000000000e+04
4.320100000000000000e+04
5.115000000000000000e+04
6.129900000000000000e+04
7.412700000000000000e+04
9.001400000000000000e+04
1.102350000000000000e+05
1.341740000000000000e+05
1.590430000000000000e+05
1.822640000000000000e+05
1.961650000000000000e+05
1.964590000000000000e+05
1.815730000000000000e+05
1.585680000000000000e+05
1.335750000000000000e+05
1.104220000000000000e+05
8.972200000000000000e+04
7.416400000000000000e+04
6.180300000000000000e+04
5.150600000000000000e+04
4.320300000000000000e+04
3.693100000000000000e+04
3.188000000000000000e+04
2.754800000000000000e+04
2.390600000000000000e+04
2.099100000000000000e+04
1.876700000000000000e+04
1.692900000000000000e+04
1.498800000000000000e+04
1.353900000000000000e+04
1.223000000000000000e+04
1.103000000000000000e+04
1.003700000000000000e+04
9.394000000000000000e+03
8.731000000000000000e+03
7.883000000000000000e+03
7.230000000000000000e+03
6.684000000000000000e+03
6.403000000000000000e+03
5.962000000000000000e+03
5.510000000000000000e+03
5.208000000000000000e+03
4.839000000000000000e+03
4.716000000000000000e+03
4.257000000000000000e+03
4.075000000000000000e+03
3.978000000000000000e+03
3.773000000000000000e+03
3.466000000000000000e+03
3.228000000000000000e+03
3.130000000000000000e+03
2.967000000000000000e+03
2.847000000000000000e+03
2.725000000000000000e+03
2.515000000000000000e+03
2.499000000000000000e+03
2.295000000000000000e+03
2.321000000000000000e+03
2.206000000000000000e+03
2.032000000000000000e+03
2.000000000000000000e+03
2.007000000000000000e+03
2.068000000000000000e+03
2.123000000000000000e+03
2.276000000000000000e+03
2.389000000000000000e+03
2.483000000000000000e+03
2.580000000000000000e+03
2.740000000000000000e+03
2.899000000000000000e+03
2.894000000000000000e+03
3.263000000000000000e+03
3.272000000000000000e+03
3.551000000000000000e+03
3.684000000000000000e+03
3.870000000000000000e+03
4.026000000000000000e+03
4.268000000000000000e+03
4.515000000000000000e+03
4.839000000000000000e+03
5.207000000000000000e+03
5.514000000000000000e+03
5.926000000000000000e+03
6.448000000000000000e+03
6.893000000000000000e+03
7.364000000000000000e+03
7.952000000000000000e+03
8.697000000000000000e+03
9.421000000000000000e+03
1.017100000000000000e+04
1.110200000000000000e+04
1.234000000000000000e+04
1.353600000000000000e+04
1.510500000000000000e+04
1.673200000000000000e+04
1.875200000000000000e+04
2.114600000000000000e+04
2.399500000000000000e+04
2.747800000000000000e+04
3.175500000000000000e+04
3.682800000000000000e+04
4.320100000000000000e+04
5.115000000000000000e+04
6.129900000000000000e+04
7.412700000000000000e+04
9.001400000000000000e+04
1.102350000000000000e+05
1.341740000000000000e+05
1.590430000000000000e+05
1.822640000000000000e+05
1.961650000000000000e+05
1.964590000000000000e+05
1.815730000000000000e+05
1.585680000000000000e+05
1.335750000000000000e+05
1.104220000000000000e+05
8.972200000000000000e+04
7.416400000000000000e+04
6.180300000000000000e+04
5.150600000000000000e+04
4.320300000000000000e+04
3.693100000000000000e+04
3.188000000000000000e+04
2.754800000000000000e+04
2.390600000000000000e+04
2.099100000000000000e+04
1.876700000000000000e+04
1.692900000000000000e+04
1.498800000000000000e+04
1.353900000000000000e+04
1.223000000000000000e+04
1.103000000000000000e+04
1.003700000000000000e+04
9.394000000000000000e+03
8.731000000000000000e+03
7.883000000000000000e+03
7.230000000000000000e+03
6.684000000000000000e+03
6.403000000000000000e+03
5.962000000000000000e+03
5.510000000000000000e+03
5.208000000000000000e+03
4.839000000000000000e+03
4.716000000000000000e+03
4.257000000000000000e+03
4.075000000000000000e+03
3.978000000000000000e+03
3.773000000000000000e+03
3.466000000000000000e+03
3.228000000000000000e+03
3.130000000000000000e+03
2.967000000000000000e+03
2.847000000000000000e+03
2.725000000000000000e+03
2.515000000000000000e+03
2.499000000000000000e+03
2.295000000000000000e+03
2.321000000000000000e+03
2.206000000000000000e+03
2.032000000000000000e+03
2.000000000000000000e+03
2.007000000000000000e+03
2.068000000000000000e+03
2.123000000000000000e+03
2.276000000000000000e+03
2.389000000000000000e+03
2.483000000000000000e+03
2.580000000000000000e+03
2.740000000000000000e+03
2.899000000000000000e+03
2.894000000000000000e+03
3.263000000000000000e+03
3.272000000000000000e+03
3.551000000000000000e+03
3.684000000000000000e+03
3.870000000000000000e+03
4.026000000000000000e+03
4.268000000000000000e+03
4.515000000000000000e+03
4.839000000000000000e+03
5.207000000000000000e+03
5.514000000000000000e+03
5.926000000000000000e+03
6.448000000000000000e+03
6.893000000000000000e+03
7.364000000000000000e+03
7.952000000000000000e+03
8.697000000000000000e+03
9.421000000000000000e+03
1.017100000000000000e+04
1.110200000000000000e+04
1.234000000000000000e+04
1.353600000000000000e+04
1.510500000000000000e+04
1.673200000000000000e+04
1.875200000000000000e+04
2.114600000000000000e+04
2.399500000000000000e+04
2.747800000000000000e+04
3.175500000000000000e+04
3.682800000000000000e+04
4.320100000000000000e+04
5.115000000000000000e+04
6.129900000000000000e+04
7.412700000000000000e+04
9.001400000000000000e+04
1.102350000000000000e+05
1.341740000000000000e+05
1.590430000000000000e+05
1.822640000000000000e+05
1.961650000000000000e+05
1.964590000000000000e+05
1.815730000000000000e+05
1.585680000000000000e+05
1.335750000000000000e+05
1.104220000000000000e+05
8.972200000000000000e+04
7.416400000000000000e+04
6.180300000000000000e+04
5.150600000000000000e+04
4.320300000000000000e+04
3.693100000000000000e+04
3.188000000000000000e+04
2.754800000000000000e+04
2.390600000000000000e+04
2.099100000000000000e+04
1.876700000000000000e+04
1.692900000000000000e+04
1.498800000000000000e+04
1.353900000000000000e+04
1.223000000000000000e+04
1.103000000000000000e+04
1.003700000000000000e+04
9.394000000000000000e+03
8.731000000000000000e+03
7.883000000000000000e+03
7.230000000000000000e+03
6.684000000000000000e+03
6.403000000000000000e+03
5.962000000000000000e+03
5.510000000000000000e+03
5.208000000000000000e+03
4.839000000000000000e+03
4.716000000000000000e+03
4.257000000000000000e+03
4.075000000000000000e+03
3.978000000000000000e+03
3.773000000000000000e+03
3.466000000000000000e+03
3.228000000000000000e+03
3.130000000000000000e+03
2.967000000000000000e+03
2.847000000000000000e+03
2.725000000000000000e+03
2.515000000000000000e+03
2.499000000000000000e+03
2.295000000000000000e+03
2.321000000000000000e+03
2.206000000000000000e+03
2.032000000000000000e+03
2.000000000000000000e+03
2.007000000000000000e+03
2.068000000000000000e+03
2.123000000000000000e+03
2.276000000000000000e+03
2.389000000000000000e+03
2.483000000000000000e+03
2.580000000000000000e+03
2.740000000000000000e+03
2.899000000000000000e+03
2.894000000000000000e+03
3.263000000000000000e+03
3.272000000000000000e+03
3.551000000000000000e+03
3.684000000000000000e+03
3.870000000000000000e+03
4.026000000000000000e+03
4.268000000000000000e+03
4.515000000000000000e+03
4.839000000000000000e+03
5.207000000000000000e+03
5.514000000000000000e+03
5.926000000000000000e+03
6.448000000000000000e+03
6.893000000000000000e+03
7.364000000000000000e+03
7.952000000000000000e+03
8.697000000000000000e+03
9.421000000000000000e+03
1.017100000000000000e+04
1.110200000000000000e+04
1.234000000000000000e+04
1.353600000000000000e+04
1.510500000000000000e+04
1.673200000000000000e+04
1.875200000000000000e+04
2.114600000000000000e+04
2.399500000000000000e+04
2.747800000000000000e+04
3.175500000000000000e+04
3.682800000000000000e+04
4.320100000000000000e+04
5.115000000000000000e+04
6.129900000000000000e+04
7.412700000000000000e+04
9.001400000000000000e+04
1.102350000000000000e+05
1.341740000000000000e+05
1.590430000000000000e+05
1.822640000000000000e+05
1.961650000000000000e+05
1.964590000000000000e+05
1.815730000000000000e+05
1.585680000000000000e+05
1.335750000000000000e+05
1.104220000000000000e+05
8.972200000000000000e+04
7.416400000000000000e+04
6.180300000000000000e+04
5.150600000000000000e+04
4.320300000000000000e+04
3.693100000000000000e+04
3.188000000000000000e+04
2.754800000000000000e+04
2.390600000000000000e+04
2.099100000000000000e+04
1.876700000000000000e+04
1.692900000000000000e+04
1.498800000000000000e+04
1.353900000000000000e+04
1.223000000000000000e+04
1.103000000000000000e+04
1.003700000000000000e+04
9.394000000000000000e+03
8.731000000000000000e+03
7.883000000000000000e+03
7.230000000000000000e+03
6.684000000000000000e+03
6.403000000000000000e+03
5.962000000000000000e+03
5.510000000000000000e+03
5.208000000000000000e+03
4.839000000000000000e+03
4.716000000000000000e+03
4.257000000000000000e+03
4.075000000000000000e+03
3.978000000000000000e+03
3.773000000000000000e+03
3.466000000000000000e+03
3.228000000000000000e+03
3.130000000000000000e+03
2.967000000000000000e+03
2.847000000000000000e+03
2.725000000000000000e+03
2.515000000000000000e+03
2.499000000000000000e+03
2.295000000000000000e+03
2.321000000000000000e+03
2.206000000000000000e+03
2.032000000000000000e+03
2.000000000000000000e+03
2.007000000000000000e+03
2.068000000000000000e+03
2.123000000000000000e+03
2.276000000000000000e+03
2.389000000000000000e+03
2.483000000000000000e+03
2.580000000000000000e+03
2.740000000000000000e+03
2.899000000000000000e+03
2.894000000000000000e+03
3.263000000000000000e+03
3.272000000000000000e+03
3.551000000000000000e+03
3.684000000000000000e+03
3.870000000000000000e+03
4.026000000000000000e+03
4.268000000000000000e+03
4.515000000000000000e+03
4.839000000000000000e+03
5.207000000000000000e+03
5.514000000000000000e+03
5.926000000000000000e+03
6.448000000000000000e+03
6.893000000000000000e+03
7.364000000000000000e+03
7.952000000000000000e+03
8.697000000000000000e+03
9.421000000000000000e+03
1.017100000000000000e+04
1.110200000000000000e+04
1.234000000000000000e+04
1.353600000000000000e+04
1.510500000000000000e+04
1.673200000000000000e+04
1.875200000000000000e+04
2.114600000000000000e+04
2.399500000000000000e+04
2.747800000000000000e+04
3.175500000000000000e+04
3.682800000000000000e+04
4.320100000000000000e+04
5.115000000000000000e+04
6.129900000000000000e+04
7.412700000000000000e+04
9.001400000000000000e+04
1.102350000000000000e+05
1.341740000000000000e+05
1.590430000000000000e+05
1.822640000000000000e+05
1.961650000000000000e+05
1.964590000000000000e+05
1.815730000000000000e+05
1.585680000000000000e+05
1.335750000000000000e+05
1.104220000000000000e+05
8.972200000000000000e+04
7.416400000000000000e+04
6.180300000000000000e+04
5.150600000000000000e+04
4.320300000000000000e+04
3.693100000000000000e+04
3.188000000000000000e+04
2.754800000000000000e+04
2.390600000000000000e+04
2.099100000000000000e+04
1.876700000000000000e+04
1.692900000000000000e+04
1.498800000000000000e+04
1.353900000000000000e+04
1.223000000000000000e+04
1.103000000000000000e+04
1.003700000000000000e+04
9.394000000000000000e+03
8.731000000000000000e+03
7.883000000000000000e+03
7.230000000000000000e+03
6.684000000000000000e+03
6.403000000000000000e+03
5.962000000000000000e+03
5.510000000000000000e+03
5.208000000000000000e+03
4.839000000000000000e+03
4.716000000000000000e+03
4.257000000000000000e+03
4.075000000000000000e+03
3.978000000000000000e+03
3.773000000000000000e+03
3.466000000000000000e+03
3.228000000000000000e+03
3.130000000000000000e+03
2.967000000000000000e+03
2.847000000000000000e+03
2.725000000000000000e+03
2.515000000000000000e+03
2.499000000000000000e+03
2.295000000000000000e+03
2.321000000000000000e+03
2.206000000000000000e+03
2.032000000000000000e+03
2.000000000000000000e+03
2.007000000000000000e+03
2.068000000000000000e+03
2.123000000000000000e+03
2.276000000000000000e+03
2.389000000000000000e+03
2.483000000000000000e+03
2.580000000000000000e+03
2.740000000000000000e+03
2.899000000000000000e+03
2.894000000000000000e+03
3.263000000000000000e+03
3.272000000000000000e+03
3.551000000000000000e+03
3.684000000000000000e+03
3.870000000000000000e+03
4.026000000000000000e+03
4.268000000000000000e+03
4.515000000000000000e+03
4.839000000000000000e+03
5.207000000000000000e+03
5.514000000000000000e+03
5.926000000000000000e+03
6.448000000000000000e+03
6.893000000000000000e+03
7.364000000000000000e+03
7.952000000000000000e+03
8.697000000000000000e+03
9.421000000000000000e+03
1.017100000000000000e+04
1.110200000000000000e+04
1.234000000000000000e+04
1.353600000000000000e+04
1.510500000000000000e+04
1.673200000000000000e+04
1.875200000000000000e+04
2.114600000000000000e+04
2.399500000000000000e+04
2.747800000000000000e+04
3.175500000000000000e+04
3.682800000000000000e+04
4.320100000000000000e+04
5.115000000000000000e+04
6.129900000000000000e+04
7.412700000000000000e+04
9.001400000000000000e+04
1.102350000000000000e+05
1.341740000000000000e+05
1.590430000000000000e+05
1.822640000000000000e+05
1.961650000000000000e+05
1.964590000000000000e+05
1.815730000000000000e+05
1.585680000000000000e+05
1.335750000000000000e+05
1.104220000000000000e+05
8.972200000000000000e+04
7.416400000000000000e+04
6.180300000000000000e+04
5.150600000000000000e+04
4.320300000000000000e+04
3.693100000000000000e+04
3.188000000000000000e+04
2.754800000000000000e+04
2.390600000000000000e+04
2.099100000000000000e+04
1.876700000000000000e+04
1.692900000000000000e+04
1.498800000000000000e+04
1.353900000000000000e+04
1.223000000000000000e+04
1.103000000000000000e+04
1.003700000000000000e+04
9.394000000000000000e+03
8.731000000000000000e+03
7.883000000000000000e+03
7.230000000000000000e+03
6.684000000000000000e+03
6.403000000000000000e+03
5.962000000000000000e+03
5.510000000000000000e+03
5.208000000000000000e+03
4.839000000000000000e+03
4.716000000000000000e+03
4.257000000000000000e+03
4.075000000000000000e+03
3.978000000000000000e+03
3.773000000000000000e+03
3.466000000000000000e+03
3.228000000000000000e+03
3.130000000000000000e+03
2.967000000000000000e+03
2.847000000000000000e+03
2.725000000000000000e+03
2.515000000000000000e+03
2.499000000000000000e+03
2.295000000000000000e+03
2.321000000000000000e+03
2.206000000000000000e+03
2.032000000000000000e+03
2.000000000000000000e+03
2.007000000000000000e+03
2.068000000000000000e+03
2.123000000000000000e+03
2.276000000000000000e+03
2.389000000000000000e+03
2.483000000000000000e+03
2.580000000000000000e+03
2.740000000000000000e+03
2.899000000000000000e+03
2.894000000000000000e+03
3.263000000000000000e+03
3.272000000000000000e+03
3.551000000000000000e+03
3.684000000000000000e+03
3.870000000000000000e+03
4.026000000000000000e+03
4.268000000000000000e+03
4.515000000000000000e+03
4.839000000000000000e+03
5.207000000000000000e+03
5.514000000000000000e+03
5.926000000000000000e+03
6.448000000000000000e+03
6.893000000000000000e+03
7.364000000000000000e+03
7.952000000000000000e+03
8.697000000000000000e+03
9.421000000000000000e+03
1.017100000000000000e+04
1.110200000000000000e+04
1.234000000000000000e+04
1.353600000000000000e+04
1.510500000000000000e+04
1.673200000000000000e+04
1.875200000000000000e+04
2.114600000000000000e+04
2.399500000000000000e+04
2.747800000000000000e+04
3.175500000000000000e+04
3.682800000000000000e+04
4.320100000000000000e+04
5.115000000000000000e+04
6.129900000000000000e+04
7.412700000000000000e+04
9.001400000000000000e+04
1.102350000000000000e+05
1.341740000000000000e+05
1.590430000000000000e+05
1.822640000000000000e+05
1.961650000000000000e+05
1.964590000000000000e+05
1.815730000000000000e+05
1.585680000000000000e+05
1.335750000000000000e+05
1.104220000000000000e+05
8.972200000000000000e+04
7.416400000000000000e+04
6.180300000000000000e+04
5.150600000000000000e+04
4.320300000000000000e+04
3.693100000000000000e+04
3.188000000000000000e+04
2.754800000000000000e+04
2.390600000000000000e+04
2.099100000000000000e+04
1.876700000000000000e+04
1.692900000000000000e+04
1.498800000000000000e+04
1.353900000000000000e+04
1.223000000000000000e+04
1.103000000000000000e+04
1.003700000000000000e+04
9.394000000000000000e+03
8.731000000000000000e+03
7.883000000000000000e+03
7.230000000000000000e+03
6.684000000000000000e+03
6.403000000000000000e+03
5.962000000000000000e+03
5.510000000000000000e+03
5.208000000000000000e+03
4.839000000000000000e+03
4.716000000000000000e+03
4.257000000000000000e+03
4.075000000000000000e+03
3.978000000000000000e+03
3.773000000000000000e+03
3.466000000000000000e+03
3.228000000000000000e+03
3.130000000000000000e+03
2.967000000000000000e+03
2.847000000000000000e+03
2.725000000000000000e+03
2.515000000000000000e+03
2.499000000000000000e+03
2.295000000000000000e+03
2.321000000000000000e+03
2.206000000000000000e+03
2.032000000000000000e+03
2.000000000000000000e+03
2.007000000000000000e+03
2.068000000000000000e+03
2.123000000000000000e+03
2.276000000000000000e+03
2.389000000000000000e+03
2.483000000000000000e+03
2.580000000000000000e+03
2.740000000000000000e+03
2.899000000000000000e+03
2.894000000000000000e+03
3.263000000000000000e+03
3.272000000000000000e+03
3.551000000000000000e+03
3.684000000000000000e+03
3.870000000000000000e+03
4.026000000000000000e+03
4.268000000000000000e+03
4.515000000000000000e+03
4.839000000000000000e+03
5.207000000000000000e+03
5.514000000000000000e+03
5.926000000000000000e+03
6.448000000000000000e+03
6.893000000000000000e+03
7.364000000000000000e+03
7.952000000000000000e+03
8.697000000000000000e+03
9.421000000000000000e+03
1.017100000000000000e+04
1.110200000000000000e+04
1.234000000000000000e+04
1.353600000000000000e+04
1.510500000000000000e+04
1.673200000000000000e+04
1.875200000000000000e+04
2.114600000000000000e+04
2.399500000000000000e+04
2.747800000000000000e+04
3.175500000000000000e+04
3.682800000000000000e+04
4.320100000000000000e+04
5.115000000000000000e+04
6.129900000000000000e+04
7.412700000000000000e+04
9.001400000000000000e+04
1.102350000000000000e+05
1.341740000000000000e+05
1.590430000000000000e+05
1.822640000000000000e+05
1.961650000000000000e+05
1.964590000000000000e+05
1.815730000000000000e+05
1.585680000000000000e+05
1.335750000000000000e+05
1.104220000000000000e+05
8.972200000000000000e+04
7.416400000000000000e+04
6.180300000000000000e+04
5.150600000000000000e+04
4.320300000000000000e+04
3.693100000000000000e+04
3.188000000000000000e+04
2.754800000000000000e+04
2.390600000000000000e+04
2.099100000000000000e+04
1.876700000000000000e+04
1.692900000000000000e+04
1.498800000000000000e+04
1.353900000000000000e+04
1.223000000000000000e+04
1.103000000000000000e+04
1.003700000000000000e+04
9.394000000000000000e+03
8.731000000000000000e+03
7.883000000000000000e+03
7.230000000000000000e+03
6.684000000000000000e+03
6.403000000000000000e+03
5.962000000000000000e+03
5.510000000000000000e+03
5.208000000000000000e+03
4.839000000000000000e+03
4.716000000000000000e+03
4.257000000000000000e+03
4.075000000000000000e+03
3.978000000000000000e+03
3.773000000000000000e+03
3.466000000000000000e+03
3.228000000000000000e+03
3.130000000000000000e+03
2.967000000000000000e+03
2.847000000000000000e+03
2.725000000000000000e+03
2.515000000000000000e+03
2.499000000000000000e+03
2.295000000000000000e+03
2.321000000000000000e+03
2.206000000000000000e+03
2.032000000000000000e+03
2.000000000000000000e+03
2.007000000000000000e+03
2.068000000000000000e+03
2.123000000000000000e+03
2.276000000000000000e+03
2.389000000000000000e+03
2.483000000000000000e+03
2.580000000000000000e+03
2.740000000000000000e+03
2.899000000000000000e+03
2.894000000000000000e+03
3.263000000000000000e+03
3.272000000000000000e+03
3.551000000000000000e+03
3.684000000000000000e+03
3.870000000000000000e+03
4.026000000000000000e+03
4.268000000000000000e+03
4.515000000000000000e+03
4.839000000000000000e+03
5.207000000000000000e+03
5.514000000000000000e+03
5.926000000000000000e+03
6.448000000000000000e+03
6.893000000000000000e+03
7.364000000000000000e+03
7.952000000000000000e+03
8.697000000000000000e+03
9.421000000000000000e+03
1.017100000000000000e+04
1.110200000000000000e+04
1.234000000000000000e+04
1.353600000000000000e+04
1.510500000000000000e+04
1.673200000000000000e+04
1.875200000000000000e+04
2.114600000000000000e+04
2.399500000000000000e+04
2.747800000000000000e+04
3.175500000000000000e+04
3.682800000000000000e+04
4.320100000000000000e+04
5.115000000000000000e+04
6.129900000000000000e+04
7.412700000000000000e+04
9.001400000000000000e+04
1.102350000000000000e+05
1.341740000000000000e+05
1.590430000000000000e+05
1.822640000000000000e+05
1.961650000000000000e+05
1.964590000000000000e+05
1.815730000000000000e+05
1.585680000000000000e+05
1.335750000000000000e+05
1.104220000000000000e+05
8.972200000000000000e+04
7.416400000000000000e+04
6.180300000000000000e+04
5.150600000000000000e+04
4.320300000000000000e+04
3.693100000000000000e+04
3.188000000000000000e+04
2.754800000000000000e+04
2.390600000000000000e+04
2.099100000000000000e+04
1.876700000000000000e+04
1.692900000000000000e+04
1.498800000000000000e+04
1.353900000000000000e+04
1.223000000000000000e+04
1.103000000000000000e+04
1.003700000000000000e+04
9.394000000000000000e+03
8.731000000000000000e+03
7.883000000000000000e+03
7.230000000000000000e+03
6.684000000000000000e+03
6.403000000000000000e+03
5.962000000000000000e+03
5.510000000000000000e+03
5.208000000000000000e+03
4.839000000000000000e+03
4.716000000000000000e+03
4.257000000000000000e+03
4.075000000000000000e+03
3.978000000000000000e+03
3.773000000000000000e+03
3.466000000000000000e+03
3.228000000000000000e+03
3.130000000000000000e+03
2.967000000000000000e+03
2.847000000000000000e+03
2.725000000000000000e+03
2.515000000000000000e+03
2.499000000000000000e+03
2.295000000000000000e+03
2.321000000000000000e+03
2.206000000000000000e+03
2.032000000000000000e+03
2.000000000000000000e+03
2.007000000000000000e+03
2.068000000000000000e+03
2.123000000000000000e+03
2.276000000000000000e+03
2.389000000000000000e+03
2.483000000000000000e+03
2.580000000000000000e+03
2.740000000000000000e+03
2.899000000000000000e+03
2.894000000000000000e+03
3.263000000000000000e+03
3.272000000000000000e+03
3.551000000000000000e+03
3.684000000000000000e+03
3.870000000000000000e+03
4.026000000000000000e+03
4.268000000000000000e+03
4.515000000000000000e+03
4.839000000000000000e+03
5.207000000000000000e+03
5.514000000000000000e+03
5.926000000000000000e+03
6.448000000000000000e+03
6.893000000000000000e+03
7.364000000000000000e+03
7.952000000000000000e+03
8.697000000000000000e+03
9.421000000000000000e+03
1.017100000000000000e+04
1.110200000000000000e+04
1.234000000000000000e+04
1.353600000000000000e+04
1.510500000000000000e+04
1.673200000000000000e+04
1.875200000000000000e+04
2.114600000000000000e+04
2.399500000000000000e+04
2.747800000000000000e+04
3.175500000000000000e+04
3.682800000000000000e+04
4.320100000000000000e+04
5.115000000000000000e+04
6.129900000000000000e+04
7.412700000000000000e+04
9.001400000000000000e+04
1.102350000000000000e+05
1.341740000000000000e+05
1.590430000000000000e+05
1.822640000000000000e+05
1.961650000000000000e+05
1.964590000000000000e+05
1.815730000000000000e+05
1.585680000000000000e+05
1.335750000000000000e+05
1.104220000000000000e+05
8.972200000000000000e+04
7.416400000000000000e+04
6.180300000000000000e+04
5.150600000000000000e+04
4.320300000000000000e+04
3.693100000000000000e+04
3.188000000000000000e+04
2.754800000000000000e+04
2.390600000000000000e+04
2.099100000000000000e+04
1.876700000000000000e+04
1.692900000000000000e+04
1.498800000000000000e+04
1.353900000000000000e+04
1.223000000000000000e+04
1.103000000000000000e+04
1.003700000000000000e+04
9.394000000000000000e+03
8.731000000000000000e+03
7.883000000000000000e+03
7.230000000000000000e+03
6.684000000000000000e+03
6.403000000000000000e+03
5.962000000000000000e+03
5.510000000000000000e+03
5.208000000000000000e+03
4.839000000000000000e+03
4.716000000000000000e+03
4.257000000000000000e+03
4.075000000000000000e+03
3.978000000000000000e+03
3.773000000000000000e+03
3.466000000000000000e+03
3.228000000000000000e+03
3.130000000000000000e+03
2.967000000000000000e+03
2.847000000000000000e+03
2.725000000000000000e+03
2.515000000000000000e+03
2.499000000000000000e+03
2.295000000000000000e+03
2.321000000000000000e+03
2.206000000000000000e+03
2.032000000000000000e+03
2.000000000000000000e+03
2.007000000000000000e+03
2.068000000000000000e+03
2.123000000000000000e+03
2.276000000000000000e+03
2.389000000000000000e+03
2.483000000000000000e+03
2.580000000000000000e+03
2.740000000000000000e+03
2.899000000000000000e+03
2.894000000000000000e+03
3.263000000000000000e+03
3.272000000000000000e+03
3.551000000000000000e+03
3.684000000000000000e+03
3.870000000000000000e+03
4.026000000000000000e+03
4.268000000000000000e+03
4.515000000000000000e+03
4.839000000000000000e+03
5.207000000000000000e+03
5.514000000000000000e+03
5.926000000000000000e+03
6.448000000000000000e+03
6.893000000000000000e+03
7.364000000000000000e+03
7.952000000000000000e+03
8.697000000000000000e+03
9.421000000000000000e+03
1.017100000000000000e+04
1.110200000000000000e+04
1.234000000000000000e+04
1.353600000000000000e+04
1.510500000000000000e+04
1.673200000000000000e+04
1.875200000000000000e+04
2.114600000000000000e+04
2.399500000000000000e+04
2.747800000000000000e+04
3.175500000000000000e+04
3.682800000000000000e+04
4.320100000000000000e+04
5.115000000000000000e+04
6.129900000000000000e+04
7.412700000000000000e+04
9.001400000000000000e+04
1.102350000000000000e+05
1.341740000000000000e+05
1.590430000000000000e+05
1.822640000000000000e+05
1.961650000000000000e+05
1.964590000000000000e+05
1.815730000000000000e+05
1.585680000000000000e+05
1.335750000000000000e+05
1.104220000000000000e+05
8.972200000000000000e+04
7.416400000000000000e+04
6.180300000000000000e+04
5.150600000000000000e+04
4.320300000000000000e+04
3.693100000000000000e+04
3.188000000000000000e+04
2.754800000000000000e+04
2.390600000000000000e+04
2.099100000000000000e+04
1.876700000000000000e+04
1.692900000000000000e+04
1.498800000000000000e+04
1.353900000000000000e+04
1.223000000000000000e+04
1.103000000000000000e+04
1.003700000000000000e+04
9.394000000000000000e+03
8.731000000000000000e+03
7.883000000000000000e+03
7.230000000000000000e+03
6.684000000000000000e+03
6.403000000000000000e+03
5.962000000000000000e+03
5.510000000000000000e+03
5.208000000000000000e+03
4.839000000000000000e+03
4.716000000000000000e+03
4.257000000000000000e+03
4.075000000000000000e+03
3.978000000000000000e+03
3.773000000000000000e+03
3.466000000000000000e+03
3.228000000000000000e+03
3.130000000000000000e+03
2.967000000000000000e+03
2.847000000000000000e+03
2.725000000000000000e+03
2.515000000000000000e+03
2.499000000000000000e+03
2.295000000000000000e+03
2.321000000000000000e+03
2.206000000000000000e+03
2.032000000000000000e+03
2.000000000000000000e+03
2.007000000000000000e+03
2.068000000000000000e+03
2.123000000000000000e+03
2.276000000000000000e+03
2.389000000000000000e+03
2.483000000000000000e+03
2.580000000000000000e+03
2.740000000000000000e+03
2.899000000000000000e+03
2.894000000000000000e+03
3.263000000000000000e+03
3.272000000000000000e+03
3.551000000000000000e+03
3.684000000000000000e+03
3.870000000000000000e+03
4.026000000000000000e+03
4.268000000000000000e+03
4.515000000000000000e+03
4.839000000000000000e+03
5.207000000000000000e+03
5.514000000000000000e+03
5.926000000000000000e+03
6.448000000000000000e+03
6.893000000000000000e+03
7.364000000000000000e+03
7.952000000000000000e+03
8.697000000000000000e+03
9.421000000000000000e+03
1.017100000000000000e+04
1.110200000000000000e+04
1.234000000000000000e+04
1.353600000000000000e+04
1.510500000000000000e+04
1.673200000000000000e+04
1.875200000000000000e+04
2.114600000000000000e+04
2.399500000000000000e+04
2.747800000000000000e+04
3.175500000000000000e+04
3.682800000000000000e+04
4.320100000000000000e+04
5.115000000000000000e+04
6.129900000000000000e+04
7.412700000000000000e+04
9.001400000000000000e+04
1.102350000000000000e+05
1.341740000000000000e+05
1.590430000000000000e+05
1.822640000000000000e+05
1.961650000000000000e+05
1.964590000000000000e+05
1.815730000000000000e+05
1.585680000000000000e+05
1.335750000000000000e+05
1.104220000000000000e+05
8.972200000000000000e+04
7.416400000000000000e+04
6.180300000000000000e+04
5.150600000000000000e+04
4.320300000000000000e+04
3.693100000000000000e+04
3.188000000000000000e+04
2.754800000000000000e+04
2.390600000000000000e+04
2.099100000000000000e+04
1.876700000000000000e+04
1.692900000000000000e+04
1.498800000000000000e+04
1.353900000000000000e+04
1.223000000000000000e+04
1.103000000000000000e+04
1.003700000000000000e+04
9.394000000000000000e+03
8.731000000000000000e+03
7.883000000000000000e+03
7.230000000000000000e+03
6.684000000000000000e+03
6.403000000000000000e+03
5.962000000000000000e+03
5.510000000000000000e+03
5.208000000000000000e+03
4.839000000000000000e+03
4.716000000000000000e+03
4.257000000000000000e+03
4.075000000000000000e+03
3.978000000000000000e+03
3.773000000000000000e+03
3.466000000000000000e+03
3.228000000000000000e+03
3.130000000000000000e+03
2.967000000000000000e+03
2.847000000000000000e+03
2.725000000000000000e+03
2.515000000000000000e+03
2.499000000000000000e+03
2.295000000000000000e+03
2.321000000000000000e+03
2.206000000000000000e+03
2.032000000000000000e+03
2.000000000000000000e+03
2.007000000000000000e+03
2.068000000000000000e+03
2.123000000000000000e+03
2.276000000000000000e+03
2.389000000000000000e+03
2.483000000000000000e+03
2.580000000000000000e+03
2.740000000000000000e+03
2.899000000000000000e+03
2.894000000000000000e+03
3.263000000000000000e+03
3.272000000000000000e+03
3.551000000000000000e+03
3.684000000000000000e+03
3.870000000000000000e+03
4.026000000000000000e+03
4.268000000000000000e+03
4.515000000000000000e+03
4.839000000000000000e+03
5.207000000000000000e+03
5.514000000000000000e+03
5.926000000000000000e+03
6.448000000000000000e+03
6.893000000000000000e+03
7.364000000000000000e+03
7.952000000000000000e+03
8.697000000000000000e+03
9.421000000000000000e+03
1.017100000000000000e+04
1.110200000000000000e+04
1.234000000000000000e+04
1.353600000000000000e+04
1.510500000000000000e+04
1.673200000000000000e+04
1.875200000000000000e+04
2.114600000000000000e+04
2.399500000000000000e+04
2.747800000000000000e+04
3.175500000000000000e+04
3.682800000000000000e+04
4.320100000000000000e+04
5.115000000000000000e+04
6.129900000000000000e+04
7.412700000000000000e+04
9.001400000000000000e+04
1.102350000000000000e+05
1.341740000000000000e+05
1.590430000000000000e+05
1.822640000000000000e+05
1.961650000000000000e+05
1.964590000000000000e+05
1.815730000000000000e+05
1.585680000000000000e+05
1.335750000000000000e+05
1.104220000000000000e+05
8.972200000000000000e+04
7.416400000000000000e+04
6.180300000000000000e+04
5.150600000000000000e+04
4.320300000000000000e+04
3.693100000000000000e+04
3.188000000000000000e+04
2.754800000000000000e+04
2.390600000000000000e+04
2.099100000000000000e+04
1.876700000000000000e+04
1.692900000000000000e+04
1.498800000000000000e+04
1.353900000000000000e+04
1.223000000000000000e+04
1.103000000000000000e+04
1.003700000000000000e+04
9.394000000000000000e+03
8.731000000000000000e+03
7.883000000000000000e+03
7.230000000000000000e+03
6.684000000000000000e+03
6.403000000000000000e+03
5.962000000000000000e+03
5.510000000000000000e+03
5.208000000000000000e+03
4.839000000000000000e+03
4.716000000000000000e+03
4.257000000000000000e+03
4.075000000000000000e+03
3.978000000000000000e+03
3.773000000000000000e+03
3.466000000000000000e+03
3.228000000000000000e+03
3.130000000000000000e+03
2.967000000000000000e+03
2.847000000000000000e+03
2.725000000000000000e+03
2.515000000000000000e+03
2.499000000000000000e+03
2.295000000000000000e+03
2.321000000000000000e+03
2.206000000000000000e+03
2.032000000000000000e+03
2.000000000000000000e+03
2.007000000000000000e+03
2.068000000000000000e+03
2.123000000000000000e+03
2.276000000000000000e+03
2.389000000000000000e+03
2.483000000000000000e+03
2.580000000000000000e+03
2.740000000000000000e+03
2.899000000000000000e+03
2.894000000000000000e+03
3.263000000000000000e+03
3.272000000000000000e+03
3.551000000000000000e+03
3.684000000000000000e+03
3.870000000000000000e+03
4.026000000000000000e+03
4.268000000000000000e+03
4.515000000000000000e+03
4.839000000000000000e+03
5.207000000000000000e+03
5.514000000000000000e+03
5.926000000000000000e+03
6.448000000000000000e+03
6.893000000000000000e+03
7.364000000000000000e+03
7.952000000000000000e+03
8.697000000000000000e+03
9.421000000000000000e+03
1.017100000000000000e+04
1.110200000000000000e+04
1.234000000000000000e+04
1.353600000000000000e+04
1.510500000000000000e+04
1.673200000000000000e+04
1.875200000000000000e+04
2.114600000000000000e+04
2.399500000000000000e+04
2.747800000000000000e+04
3.175500000000000000e+04
3.682800000000000000e+04
4.320100000000000000e+04
5.115000000000000000e+04
6.129900000000000000e+04
7.412700000000000000e+04
9.001400000000000000e+04
1.102350000000000000e+05
1.341740000000000000e+05
1.590430000000000000e+05
1.822640000000000000e+05
1.961650000000000000e+05
1.964590000000000000e+05
1.815730000000000000e+05
1.585680000000000000e+05
1.335750000000000000e+05
1.104220000000000000e+05
8.972200000000000000e+04
7.416400000000000000e+04
6.180300000000000000e+04
5.150600000000000000e+04
4.320300000000000000e+04
3.693100000000000000e+04
3.188000000000000000e+04
2.754800000000000000e+04
2.390600000000000000e+04
2.099100000000000000e+04
1.876700000000000000e+04
1.692900000000000000e+04
1.498800000000000000e+04
1.353900000000000000e+04
1.223000000000000000e+04
1.103000000000000000e+04
1.003700000000000000e+04
9.394000000000000000e+03
8.731000000000000000e+03
7.883000000000000000e+03
7.230000000000000000e+03
6.684000000000000000e+03
6.403000000000000000e+03
5.962000000000000000e+03
5.510000000000000000e+03
5.208000000000000000e+03
4.839000000000000000e+03
4.716000000000000000e+03
4.257000000000000000e+03
4.075000000000000000e+03
3.978000000000000000e+03
3.773000000000000000e+03
3.466000000000000000e+03
3.228000000000000000e+03
3.130000000000000000e+03
2.967000000000000000e+03
2.847000000000000000e+03
2.725000000000000000e+03
2.515000000000000000e+03
2.499000000000000000e+03
2.295000000000000000e+03
2.321000000000000000e+03
2.206000000000000000e+03
2.032000000000000000e+03
2.000000000000000000e+03
2.007000000000000000e+03
2.068000000000000000e+03
2.123000000000000000e+03
2.276000000000000000e+03
2.389000000000000000e+03
2.483000000000000000e+03
2.580000000000000000e+03
2.740000000000000000e+03
2.899000000000000000e+03
2.894000000000000000e+03
3.263000000000000000e+03
3.272000000000000000e+03
3.551000000000000000e+03
3.684000000000000000e+03
3.870000000000000000e+03
4.026000000000000000e+03
4.268000000000000000e+03
4.515000000000000000e+03
4.839000000000000000e+03
5.207000000000000000e+03
5.514000000000000000e+03
5.926000000000000000e+03
6.448000000000000000e+03
6.893000000000000000e+03
7.364000000000000000e+03
7.952000000000000000e+03
8.697000000000000000e+03
9.421000000000000000e+03
1.017100000000000000e+04
1.110200000000000000e+04
1.234000000000000000e+04
1.353600000000000000e+04
1.510500000000000000e+04
1.673200000000000000e+04
1.875200000000000000e+04
2.114600000000000000e+04
2.399500000000000000e+04
2.747800000000000000e+04
3.175500000000000000e+04
3.682800000000000000e+04
4.320100000000000000e+04
5.115000000000000000e+04
6.129900000000000000e+04
7.412700000000000000e+04
9.001400000000000000e+04
1.102350000000000000e+05
1.341740000000000000e+05
1.590430000000000000e+05
1.822640000000000000e+05
1.961650000000000000e+05
1.964590000000000000e+05
1.815730000000000000e+05
1.585680000000000000e+05
1.335750000000000000e+05
1.104220000000000000e+05
8.972200000000000000e+04
7.416400000000000000e+04
6.180300000000000000e+04
5.150600000000000000e+04
4.320300000000000000e+04
3.693100000000000000e+04
3.188000000000000000e+04
2.754800000000000000e+04
2.390600000000000000e+04
2.099100000000000000e+04
1.876700000000000000e+04
1.692900000000000000e+04
1.498800000000000000e+04
1.353900000000000000e+04
1.223000000000000000e+04
1.103000000000000000e+04
1.003700000000000000e+04
9.394000000000000000e+03
8.731000000000000000e+03
7.883000000000000000e+03
7.230000000000000000e+03
6.684000000000000000e+03
6.403000000000000000e+03
5.962000000000000000e+03
5.510000000000000000e+03
5.208000000000000000e+03
4.839000000000000000e+03
4.716000000000000000e+03
4.257000000000000000e+03
4.075000000000000000e+03
3.978000000000000000e+03
3.773000000000000000e+03
3.466000000000000000e+03
3.228000000000000000e+03
3.130000000000000000e+03
2.967000000000000000e+03
2.847000000000000000e+03
2.725000000000000000e+03
2.515000000000000000e+03
2.499000000000000000e+03
2.295000000000000000e+03
2.321000000000000000e+03
2.206000000000000000e+03
2.032000000000000000e+03
2.000000000000000000e+03
2.007000000000000000e+03
2.068000000000000000e+03
2.123000000000000000e+03
2.276000000000000000e+03
2.389000000000000000e+03
2.483000000000000000e+03
2.580000000000000000e+03
2.740000000000000000e+03
2.899000000000000000e+03
2.894000000000000000e+03
3.263000000000000000e+03
3.272000000000000000e+03
3.551000000000000000e+03
3.684000000000000000e+03
3.870000000000000000e+03
4.026000000000000000e+03
4.268000000000000000e+03
4.515000000000000000e+03
4.839000000000000000e+03
5.207000000000000000e+03
5.514000000000000000e+03
5.926000000000000000e+03
6.448000000000000000e+03
6.893000000000000000e+03
7.364000000000000000e+03
7.952000000000000000e+03
8.697000000000000000e+03
9.421000000000000000e+03
1.017100000000000000e+04
1.110200000000000000e+04
1.234000000000000000e+04
1.353600000000000000e+04
1.510500000000000000e+04
1.673200000000000000e+04
1.875200000000000000e+04
2.114600000000000000e+04
2.399500000000000000e+04
2.747800000000000000e+04
3.175500000000000000e+04
3.682800000000000000e+04
4.320100000000000000e+04
5.115000000000000000e+04
6.129900000000000000e+04
7.412700000000000000e+04
9.001400000000000000e+04
1.102350000000000000e+05
1.341740000000000000e+05
1.590430000000000000e+05
1.822640000000000000e+05
1.961650000000000000e+05
1.964590000000000000e+05
1.815730000000000000e+05
1.585680000000000000e+05
1.335750000000000000e+05
1.104220000000000000e+05
8.972200000000000000e+04
7.416400000000000000e+04
6.180300000000000000e+04
5.150600000000000000e+04
4.320300000000000000e+04
3.693100000000000000e+04
3.188000000000000000e+04
2.754800000000000000e+04
2.390600000000000000e+04
2.099100000000000000e+04
1.876700000000000000e+04
1.692900000000000000e+04
1.498800000000000000e+04
1.353900000000000000e+04
1.223000000000000000e+04
1.103000000000000000e+04
1.003700000000000000e+04
9.394000000000000000e+03
8.731000000000000000e+03
7.883000000000000000e+03
7.230000000000000000e+03
6.684000000000000000e+03
6.403000000000000000e+03
5.962000000000000000e+03
5.510000000000000000e+03
5.208000000000000000e+03
4.839000000000000000e+03
4.716000000000000000e+03
4.257000000000000000e+03
4.075000000000000000e+03
3.978000000000000000e+03
3.773000000000000000e+03
3.466000000000000000e+03
3.228000000000000000e+03
3.130000000000000000e+03
2.967000000000000000e+03
2.847000000000000000e+03
2.725000000000000000e+03
2.515000000000000000e+03
2.499000000000000000e+03
2.295000000000000000e+03
2.321000000000000000e+03
2.206000000000000000e+03
2.032000000000000000e+03
2.000000000000000000e+03
2.007000000000000000e+03
2.068000000000000000e+03
2.123000000000000000e+03
2.276000000000000000e+03
2.389000000000000000e+03
2.483000000000000000e+03
2.580000000000000000e+03
2.740000000000000000e+03
2.899000000000000000e+03
2.894000000000000000e+03
3.263000000000000000e+03
3.272000000000000000e+03
3.551000000000000000e+03
3.684000000000000000e+03
3.870000000000000000e+03
4.026000000000000000e+03
4.268000000000000000e+03
4.515000000000000000e+03
4.839000000000000000e+03
5.207000000000000000e+03
5.514000000000000000e+03
5.926000000000000000e+03
6.448000000000000000e+03
6.893000000000000000e+03
7.364000000000000000e+03
7.952000000000000000e+03
8.697000000000000000e+03
9.421000000000000000e+03
1.017100000000000000e+04
1.110200000000000000e+04
1.234000000000000000e+04
1.353600000000000000e+04
1.510500000000000000e+04
1.673200000000000000e+04
1.875200000000000000e+04
2.114600000000000000e+04
2.399500000000000000e+04
2.747800000000000000e+04
3.175500000000000000e+04
3.682800000000000000e+04
4.320100000000000000e+04
5.115000000000000000e+04
6.129900000000000000e+04
7.412700000000000000e+04
9.001400000000000000e+04
1.102350000000000000e+05
1.341740000000000000e+05
1.590430000000000000e+05
1.822640000000000000e+05
1.961650000000000000e+05
1.964590000000000000e+05
1.815730000000000000e+05
1.585680000000000000e+05
1.335750000000000000e+05
1.104220000000000000e+05
8.972200000000000000e+04
7.416400000000000000e+04
6.180300000000000000e+04
5.150600000000000000e+04
4.320300000000000000e+04
3.693100000000000000e+04
3.188000000000000000e+04
2.754800000000000000e+04
2.390600000000000000e+04
2.099100000000000000e+04
1.876700000000000000e+04
1.692900000000000000e+04
1.498800000000000000e+04
1.353900000000000000e+04
1.223000000000000000e+04
1.103000000000000000e+04
1.003700000000000000e+04
9.394000000000000000e+03
8.731000000000000000e+03
7.883000000000000000e+03
7.230000000000000000e+03
6.684000000000000000e+03
6.403000000000000000e+03
5.962000000000000000e+03
5.510000000000000000e+03
5.208000000000000000e+03
4.839000000000000000e+03
4.716000000000000000e+03
4.257000000000000000e+03
4.075000000000000000e+03
3.978000000000000000e+03
3.773000000000000000e+03
3.466000000000000000e+03
3.228000000000000000e+03
3.130000000000000000e+03
2.967000000000000000e+03
2.847000000000000000e+03
2.725000000000000000e+03
2.515000000000000000e+03
2.499000000000000000e+03
2.295000000000000000e+03
2.321000000000000000e+03
2.206000000000000000e+03
2.032000000000000000e+03
2.000000000000000000e+03
2.007000000000000000e+03
2.068000000000000000e+03
2.123000000000000000e+03
2.276000000000000000e+03
2.389000000000000000e+03
2.483000000000000000e+03
2.580000000000000000e+03
2.740000000000000000e+03
2.899000000000000000e+03
2.894000000000000000e+03
3.263000000000000000e+03
3.272000000000000000e+03
3.551000000000000000e+03
3.684000000000000000e+03
3.870000000000000000e+03
4.026000000000000000e+03
4.268000000000000000e+03
4.515000000000000000e+03
4.839000000000000000e+03
5.207000000000000000e+03
5.514000000000000000e+03
5.926000000000000000e+03
6.448000000000000000e+03
6.893000000000000000e+03
7.364000000000000000e+03
7.952000000000000000e+03
8.697000000000000000e+03
9.421000000000000000e+03
1.017100000000000000e+04
1.110200000000000000e+04
1.234000000000000000e+04
1.353600000000000000e+04
1.510500000000000000e+04
1.673200000000000000e+04
1.875200000000000000e+04
2.114600000000000000e+04
2.399500000000000000e+04
2.747800000000000000e+04
3.175500000000000000e+04
3.682800000000000000e+04
4.320100000000000000e+04
5.115000000000000000e+04
6.129900000000000000e+04
7.412700000000000000e+04
9.001400000000000000e+04
1.102350000000000000e+05
1.341740000000000000e+05
1.590430000000000000e+05
1.822640000000000000e+05
1.961650000000000000e+05
1.964590000000000000e+05
1.815730000000000000e+05
1.585680000000000000e+05
1.335750000000000000e+05
1.104220000000000000e+05
8.972200000000000000e+04
7.416400000000000000e+04
6.180300000000000000e+04
5.150600000000000000e+04
4.320300000000000000e+04
3.693100000000000000e+04
3.188000000000000000e+04
2.754800000000000000e+04
2.390600000000000000e+04
2.099100000000000000e+04
1.876700000000000000e+04
1.692900000000000000e+04
1.498800000000000000e+04
1.353900000000000000e+04
1.223000000000000000e+04
1.103000000000000000e+04
1.003700000000000000e+04
9.394000000000000000e+03
8.731000000000000000e+03
7.883000000000000000e+03
7.230000000000000000e+03
6.684000000000000000e+03
6.403000000000000000e+03
5.962000000000000000e+03
5.510000000000000000e+03
5.208000000000000000e+03
4.839000000000000000e+03
4.716000000000000000e+03
4.257000000000000000e+03
4.075000000000000000e+03
3.978000000000000000e+03
3.773000000000000000e+03
3.466000000000000000e+03
3.228000000000000000e+03
3.130000000000000000e+03
2.967000000000000000e+03
2.847000000000000000e+03
2.725000000000000000e+03
2.515000000000000000e+03
2.499000000000000000e+03
2.295000000000000000e+03
2.321000000000000000e+03
2.206000000000000000e+03
2.032000000000000000e+03
2.000000000000000000e+03
2.007000000000000000e+03
2.068000000000000000e+03
2.123000000000000000e+03
2.276000000000000000e+03
2.389000000000000000e+03
2.483000000000000000e+03
2.580000000000000000e+03
2.740000000000000000e+03
2.899000000000000000e+03
2.894000000000000000e+03
3.263000000000000000e+03
3.272000000000000000e+03
3.551000000000000000e+03
3.684000000000000000e+03
3.870000000000000000e+03
4.026000000000000000e+03
4.268000000000000000e+03
4.515000000000000000e+03
4.839000000000000000e+03
5.207000000000000000e+03
5.514000000000000000e+03
5.926000000000000000e+03
6.448000000000000000e+03
6.893000000000000000e+03
7.364000000000000000e+03
7.952000000000000000e+03
8.697000000000000000e+03
9.421000000000000000e+03
1.017100000000000000e+04
1.110200000000000000e+04
1.234000000000000000e+04
1.353600000000000000e+04
1.510500000000000000e+04
1.673200000000000000e+04
1.875200000000000000e+04
2.114600000000000000e+04
2.399500000000000000e+04
2.747800000000000000e+04
3.175500000000000000e+04
3.682800000000000000e+04
4.320100000000000000e+04
5.115000000000000000e+04
6.129900000000000000e+04
7.412700000000000000e+04
9.001400000000000000e+04
1.102350000000000000e+05
1.341740000000000000e+05
1.590430000000000000e+05
1.822640000000000000e+05
1.961650000000000000e+05
1.964590000000000000e+05
1.815730000000000000e+05
1.585680000000000000e+05
1.335750000000000000e+05
1.104220000000000000e+05
8.972200000000000000e+04
7.416400000000000000e+04
6.180300000000000000e+04
5.150600000000000000e+04
4.320300000000000000e+04
3.693100000000000000e+04
3.188000000000000000e+04
2.754800000000000000e+04
2.390600000000000000e+04
2.099100000000000000e+04
1.876700000000000000e+04
1.692900000000000000e+04
1.498800000000000000e+04
1.353900000000000000e+04
1.223000000000000000e+04
1.103000000000000000e+04
1.003700000000000000e+04
9.394000000000000000e+03
8.731000000000000000e+03
7.883000000000000000e+03
7.230000000000000000e+03
6.684000000000000000e+03
6.403000000000000000e+03
5.962000000000000000e+03
5.510000000000000000e+03
5.208000000000000000e+03
4.839000000000000000e+03
4.716000000000000000e+03
4.257000000000000000e+03
4.075000000000000000e+03
3.978000000000000000e+03
3.773000000000000000e+03
3.466000000000000000e+03
3.228000000000000000e+03
3.130000000000000000e+03
2.967000000000000000e+03
2.847000000000000000e+03
2.725000000000000000e+03
2.515000000000000000e+03
2.499000000000000000e+03
2.295000000000000000e+03
2.321000000000000000e+03
2.206000000000000000e+03
2.032000000000000000e+03
2.000000000000000000e+03
2.007000000000000000e+03
2.068000000000000000e+03
2.123000000000000000e+03
2.276000000000000000e+03
2.389000000000000000e+03
2.483000000000000000e+03
2.580000000000000000e+03
2.740000000000000000e+03
2.899000000000000000e+03
2.894000000000000000e+03
3.263000000000000000e+03
3.272000000000000000e+03
3.551000000000000000e+03
3.684000000000000000e+03
3.870000000000000000e+03
4.026000000000000000e+03
4.268000000000000000e+03
4.515000000000000000e+03
4.839000000000000000e+03
5.207000000000000000e+03
5.514000000000000000e+03
5.926000000000000000e+03
6.448000000000000000e+03
6.893000000000000000e+03
7.364000000000000000e+03
7.952000000000000000e+03
8.697000000000000000e+03
9.421000000000000000e+03
1.017100000000000000e+04
1.110200000000000000e+04
1.234000000000000000e+04
1.353600000000000000e+04
1.510500000000000000e+04
1.673200000000000000e+04
1.875200000000000000e+04
2.114600000000000000e+04
2.399500000000000000e+04
2.747800000000000000e+04
3.175500000000000000e+04
3.682800000000000000e+04
4.320100000000000000e+04
5.115000000000000000e+04
6.129900000000000000e+04
7.412700000000000000e+04
9.001400000000000000e+04
1.102350000000000000e+05
1.341740000000000000e+05
1.590430000000000000e+05
1.822640000000000000e+05
1.961650000000000000e+05
1.964590000000000000e+05
1.815730000000000000e+05
1.585680000000000000e+05
1.335750000000000000e+05
1.104220000000000000e+05
8.972200000000000000e+04
7.416400000000000000e+04
6.180300000000000000e+04
5.150600000000000000e+04
4.320300000000000000e+04
3.693100000000000000e+04
3.188000000000000000e+04
2.754800000000000000e+04
2.390600000000000000e+04
2.099100000000000000e+04
1.876700000000000000e+04
1.692900000000000000e+04
1.498800000000000000e+04
1.353900000000000000e+04
1.223000000000000000e+04
1.103000000000000000e+04
1.003700000000000000e+04
9.394000000000000000e+03
8.731000000000000000e+03
7.883000000000000000e+03
7.230000000000000000e+03
6.684000000000000000e+03
6.403000000000000000e+03
5.962000000000000000e+03
5.510000000000000000e+03
5.208000000000000000e+03
4.839000000000000000e+03
4.716000000000000000e+03
4.257000000000000000e+03
4.075000000000000000e+03
3.978000000000000000e+03
3.773000000000000000e+03
3.466000000000000000e+03
3.228000000000000000e+03
3.130000000000000000e+03
2.967000000000000000e+03
2.847000000000000000e+03
2.725000000000000000e+03
2.515000000000000000e+03
2.499000000000000000e+03
2.295000000000000000e+03
2.321000000000000000e+03
2.206000000000000000e+03
2.032000000000000000e+03
2.000000000000000000e+03
2.007000000000000000e+03
2.068000000000000000e+03
2.123000000000000000e+03
2.276000000000000000e+03
2.389000000000000000e+03
2.483000000000000000e+03
2.580000000000000000e+03
2.740000000000000000e+03
2.899000000000000000e+03
2.894000000000000000e+03
3.263000000000000000e+03
3.272000000000000000e+03
3.551000000000000000e+03
3.684000000000000000e+03
3.870000000000000000e+03
4.026000000000000000e+03
4.268000000000000000e+03
4.515000000000000000e+03
4.839000000000000000e+03
5.207000000000000000e+03
5.514000000000000000e+03
5.926000000000000000e+03
6.448000000000000000e+03
6.893000000000000000e+03
7.364000000000000000e+03
7.952000000000000000e+03
8.697000000000000000e+03
9.421000000000000000e+03
1.017100000000000000e+04
1.110200000000000000e+04
1.234000000000000000e+04
1.353600000000000000e+04
1.510500000000000000e+04
1.673200000000000000e+04
1.875200000000000000e+04
2.114600000000000000e+04
2.399500000000000000e+04
2.747800000000000000e+04
3.175500000000000000e+04
3.682800000000000000e+04
4.320100000000000000e+04
5.115000000000000000e+04
6.129900000000000000e+04
7.412700000000000000e+04
9.001400000000000000e+04
1.102350000000000000e+05
1.341740000000000000e+05
1.590430000000000000e+05
1.822640000000000000e+05
1.961650000000000000e+05
1.964590000000000000e+05
1.815730000000000000e+05
1.585680000000000000e+05
1.335750000000000000e+05
1.104220000000000000e+05
8.972200000000000000e+04
7.416400000000000000e+04
6.180300000000000000e+04
5.150600000000000000e+04
4.320300000000000000e+04
3.693100000000000000e+04
3.188000000000000000e+04
2.754800000000000000e+04
2.390600000000000000e+04
2.099100000000000000e+04
1.876700000000000000e+04
1.692900000000000000e+04
1.498800000000000000e+04
1.353900000000000000e+04
1.223000000000000000e+04
1.103000000000000000e+04
1.003700000000000000e+04
9.394000000000000000e+03
8.731000000000000000e+03
7.883000000000000000e+03
7.230000000000000000e+03
6.684000000000000000e+03
6.403000000000000000e+03
5.962000000000000000e+03
5.510000000000000000e+03
5.208000000000000000e+03
4.839000000000000000e+03
4.716000000000000000e+03
4.257000000000000000e+03
4.075000000000000000e+03
3.978000000000000000e+03
3.773000000000000000e+03
3.466000000000000000e+03
3.228000000000000000e+03
3.130000000000000000e+03
2.967000000000000000e+03
2.847000000000000000e+03
2.725000000000000000e+03
2.515000000000000000e+03
2.499000000000000000e+03
2.295000000000000000e+03
2.321000000000000000e+03
2.206000000000000000e+03
2.032000000000000000e+03
2.000000000000000000e+03
2.007000000000000000e+03
2.068000000000000000e+03
2.123000000000000000e+03
2.276000000000000000e+03
2.389000000000000000e+03
2.483000000000000000e+03
2.580000000000000000e+03
2.740000000000000000e+03
2.899000000000000000e+03
2.894000000000000000e+03
3.263000000000000000e+03
3.272000000000000000e+03
3.551000000000000000e+03
3.684000000000000000e+03
3.870000000000000000e+03
4.026000000000000000e+03
4.268000000000000000e+03
4.515000000000000000e+03
4.839000000000000000e+03
5.207000000000000000e+03
5.514000000000000000e+03
5.926000000000000000e+03
6.448000000000000000e+03
6.893000000000000000e+03
7.364000000000000000e+03
7.952000000000000000e+03
8.697000000000000000e+03
9.421000000000000000e+03
1.017100000000000000e+04
1.110200000000000000e+04
1.234000000000000000e+04
1.353600000000000000e+04
1.510500000000000000e+04
1.673200000000000000e+04
1.875200000000000000e+04
2.114600000000000000e+04
2.399500000000000000e+04
2.747800000000000000e+04
3.175500000000000000e+04
3.682800000000000000e+04
4.320100000000000000e+04
5.115000000000000000e+04
6.129900000000000000e+04
7.412700000000000000e+04
9.001400000000000000e+04
1.102350000000000000e+05
1.341740000000000000e+05
1.590430000000000000e+05
1.822640000000000000e+05
1.961650000000000000e+05
1.964590000000000000e+05
1.815730000000000000e+05
1.585680000000000000e+05
1.335750000000000000e+05
1.104220000000000000e+05
8.972200000000000000e+04
7.416400000000000000e+04
6.180300000000000000e+04
5.150600000000000000e+04
4.320300000000000000e+04
3.693100000000000000e+04
3.188000000000000000e+04
2.754800000000000000e+04
2.390600000000000000e+04
2.099100000000000000e+04
1.876700000000000000e+04
1.692900000000000000e+04
1.498800000000000000e+04
1.353900000000000000e+04
1.223000000000000000e+04
1.103000000000000000e+04
1.003700000000000000e+04
9.394000000000000000e+03
8.731000000000000000e+03
7.883000000000000000e+03
7.230000000000000000e+03
6.684000000000000000e+03
6.403000000000000000e+03
5.962000000000000000e+03
5.510000000000000000e+03
5.208000000000000000e+03
4.839000000000000000e+03
4.716000000000000000e+03
4.257000000000000000e+03
4.075000000000000000e+03
3.978000000000000000e+03
3.773000000000000000e+03
3.466000000000000000e+03
3.228000000000000000e+03
3.130000000000000000e+03
2.967000000000000000e+03
2.847000000000000000e+03
2.725000000000000000e+03
2.515000000000000000e+03
2.499000000000000000e+03
2.295000000000000000e+03
2.321000000000000000e+03
2.206000000000000000e+03
2.032000000000000000e+03
2.000000000000000000e+03
2.007000000000000000e+03
2.068000000000000000e+03
2.123000000000000000e+03
2.276000000000000000e+03
2.389000000000000000e+03
2.483000000000000000e+03
2.580000000000000000e+03
2.740000000000000000e+03
2.899000000000000000e+03
2.894000000000000000e+03
3.263000000000000000e+03
3.272000000000000000e+03
3.551000000000000000e+03
3.684000000000000000e+03
3.870000000000000000e+03
4.026000000000000000e+03
4.268000000000000000e+03
4.515000000000000000e+03
4.839000000000000000e+03
5.207000000000000000e+03
5.514000000000000000e+03
5.926000000000000000e+03
6.448000000000000000e+03
6.893000000000000000e+03
7.364000000000000000e+03
7.952000000000000000e+03
8.697000000000000000e+03
9.421000000000000000e+03
1.017100000000000000e+04
1.110200000000000000e+04
1.234000000000000000e+04
1.353600000000000000e+04
1.510500000000000000e+04
1.673200000000000000e+04
1.875200000000000000e+04
2.114600000000000000e+04
2.399500000000000000e+04
2.747800000000000000e+04
3.175500000000000000e+04
3.682800000000000000e+04
4.320100000000000000e+04
5.115000000000000000e+04
6.129900000000000000e+04
7.412700000000000000e+04
9.001400000000000000e+04
1.102350000000000000e+05
1.341740000000000000e+05
1.590430000000000000e+05
1.822640000000000000e+05
1.961650000000000000e+05
1.964590000000000000e+05
1.815730000000000000e+05
1.585680000000000000e+05
1.335750000000000000e+05
1.104220000000000000e+05
8.972200000000000000e+04
7.416400000000000000e+04
6.180300000000000000e+04
5.150600000000000000e+04
4.320300000000000000e+04
3.693100000000000000e+04
3.188000000000000000e+04
2.754800000000000000e+04
2.390600000000000000e+04
2.099100000000000000e+04
1.876700000000000000e+04
1.692900000000000000e+04
1.498800000000000000e+04
1.353900000000000000e+04
1.223000000000000000e+04
1.103000000000000000e+04
1.003700000000000000e+04
9.394000000000000000e+03
8.731000000000000000e+03
7.883000000000000000e+03
7.230000000000000000e+03
6.684000000000000000e+03
6.403000000000000000e+03
5.962000000000000000e+03
5.510000000000000000e+03
5.208000000000000000e+03
4.839000000000000000e+03
4.716000000000000000e+03
4.257000000000000000e+03
4.075000000000000000e+03
3.978000000000000000e+03
3.773000000000000000e+03
3.466000000000000000e+03
3.228000000000000000e+03
3.130000000000000000e+03
2.967000000000000000e+03
2.847000000000000000e+03
2.725000000000000000e+03
2.515000000000000000e+03
2.499000000000000000e+03
2.295000000000000000e+03
2.321000000000000000e+03
2.206000000000000000e+03
2.032000000000000000e+03
2.000000000000000000e+03
