3.203100000000000000e+04
3.349300000000000000e+04
3.457500000000000000e+04
3.656000000000000000e+04
3.781800000000000000e+04
3.992300000000000000e+04
4.150500000000000000e+04
4.400900000000000000e+04
4.549000000000000000e+04
4.781800000000000000e+04
5.038000000000000000e+04
5.234400000000000000e+04
5.526600000000000000e+04
5.884800000000000000e+04
6.207900000000000000e+04
6.568900000000000000e+04
6.930900000000000000e+04
7.366700000000000000e+04
7.787200000000000000e+04
8.375800000000000000e+04
8.902300000000000000e+04
9.489500000000000000e+04
1.024180000000000000e+05
1.087180000000000000e+05
1.178900000000000000e+05
1.270080000000000000e+05
1.378540000000000000e+05
1.501480000000000000e+05
1.636690000000000000e+05
1.787550000000000000e+05
1.961820000000000000e+05
2.176510000000000000e+05
2.404880000000000000e+05
2.684090000000000000e+05
3.005340000000000000e+05
3.388560000000000000e+05
3.843870000000000000e+05
4.391930000000000000e+05
5.067470000000000000e+05
5.886680000000000000e+05
6.910830000000000000e+05
8.195990000000000000e+05
9.815160000000000000e+05
1.184344000000000000e+06
1.442790000000000000e+06
1.759455000000000000e+06
2.138177000000000000e+06
2.544694000000000000e+06
2.912911000000000000e+06
3.140206000000000000e+06
3.141254000000000000e+06
2.916581000000000000e+06
2.547875000000000000e+06
2.137820000000000000e+06
1.759883000000000000e+06
1.442412000000000000e+06
1.186423000000000000e+06
9.816330000000000000e+05
8.184160000000000000e+05
6.912570000000000000e+05
5.892170000000000000e+05
5.069610000000000000e+05
4.399970000000000000e+05
3.839770000000000000e+05
3.377360000000000000e+05
2.999120000000000000e+05
2.677570000000000000e+05
2.406100000000000000e+05
2.158550000000000000e+05
1.965860000000000000e+05
1.794500000000000000e+05
1.634950000000000000e+05
1.497920000000000000e+05
1.376320000000000000e+05
1.270940000000000000e+05
1.181990000000000000e+05
1.092760000000000000e+05
1.014540000000000000e+05
9.493000000000000000e+04
8.875800000000000000e+04
8.329700000000000000e+04
7.823400000000000000e+04
7.352400000000000000e+04
6.891100000000000000e+04
6.581200000000000000e+04
6.227300000000000000e+04
5.860400000000000000e+04
5.587000000000000000e+04
5.305300000000000000e+04
5.008300000000000000e+04
4.758100000000000000e+04
4.551300000000000000e+04
4.349100000000000000e+04
4.157300000000000000e+04
3.975200000000000000e+04
3.807200000000000000e+04
3.628600000000000000e+04
3.519300000000000000e+04
3.345500000000000000e+04
3.202100000000000000e+04
3.203100000000000000e+04
3.349300000000000000e+04
3.457500000000000000e+04
3.656000000000000000e+04
3.781800000000000000e+04
3.992300000000000000e+04
4.150500000000000000e+04
4.400900000000000000e+04
4.549000000000000000e+04
4.781800000000000000e+04
5.038000000000000000e+04
5.234400000000000000e+04
5.526600000000000000e+04
5.884800000000000000e+04
6.207900000000000000e+04
6.568900000000000000e+04
6.930900000000000000e+04
7.366700000000000000e+04
7.787200000000000000e+04
8.375800000000000000e+04
8.902300000000000000e+04
9.489500000000000000e+04
1.024180000000000000e+05
1.087180000000000000e+05
1.178900000000000000e+05
1.270080000000000000e+05
1.378540000000000000e+05
1.501480000000000000e+05
1.636690000000000000e+05
1.787550000000000000e+05
1.961820000000000000e+05
2.176510000000000000e+05
2.404880000000000000e+05
2.684090000000000000e+05
3.005340000000000000e+05
3.388560000000000000e+05
3.843870000000000000e+05
4.391930000000000000e+05
5.067470000000000000e+05
5.886680000000000000e+05
6.910830000000000000e+05
8.195990000000000000e+05
9.815160000000000000e+05
1.184344000000000000e+06
1.442790000000000000e+06
1.759455000000000000e+06
2.138177000000000000e+06
2.544694000000000000e+06
2.912911000000000000e+06
3.140206000000000000e+06
3.141254000000000000e+06
2.916581000000000000e+06
2.547875000000000000e+06
2.137820000000000000e+06
1.759883000000000000e+06
1.442412000000000000e+06
1.186423000000000000e+06
9.816330000000000000e+05
8.184160000000000000e+05
6.912570000000000000e+05
5.892170000000000000e+05
5.069610000000000000e+05
4.399970000000000000e+05
3.839770000000000000e+05
3.377360000000000000e+05
2.999120000000000000e+05
2.677570000000000000e+05
2.406100000000000000e+05
2.158550000000000000e+05
1.965860000000000000e+05
1.794500000000000000e+05
1.634950000000000000e+05
1.497920000000000000e+05
1.376320000000000000e+05
1.270940000000000000e+05
1.181990000000000000e+05
1.092760000000000000e+05
1.014540000000000000e+05
9.493000000000000000e+04
8.875800000000000000e+04
8.329700000000000000e+04
7.823400000000000000e+04
7.352400000000000000e+04
6.891100000000000000e+04
6.581200000000000000e+04
6.227300000000000000e+04
5.860400000000000000e+04
5.587000000000000000e+04
5.305300000000000000e+04
5.008300000000000000e+04
4.758100000000000000e+04
4.551300000000000000e+04
4.349100000000000000e+04
4.157300000000000000e+04
3.975200000000000000e+04
3.807200000000000000e+04
3.628600000000000000e+04
3.519300000000000000e+04
3.345500000000000000e+04
3.202100000000000000e+04
