7.974000000000000000e+03
8.384000000000000000e+03
8.579000000000000000e+03
9.029000000000000000e+03
9.370000000000000000e+03
9.853000000000000000e+03
1.036300000000000000e+04
1.097600000000000000e+04
1.122200000000000000e+04
1.174100000000000000e+04
1.269800000000000000e+04
1.325700000000000000e+04
1.384000000000000000e+04
1.466900000000000000e+04
1.546600000000000000e+04
1.618900000000000000e+04
1.734100000000000000e+04
1.844600000000000000e+04
1.947900000000000000e+04
2.097800000000000000e+04
2.243800000000000000e+04
2.364000000000000000e+04
2.532100000000000000e+04
2.740000000000000000e+04
2.912000000000000000e+04
3.207400000000000000e+04
3.471600000000000000e+04
3.734600000000000000e+04
4.076000000000000000e+04
4.468800000000000000e+04
4.936900000000000000e+04
5.360800000000000000e+04
5.969400000000000000e+04
6.683300000000000000e+04
7.496300000000000000e+04
8.453500000000000000e+04
9.605200000000000000e+04
1.103820000000000000e+05
1.259980000000000000e+05
1.473520000000000000e+05
1.732200000000000000e+05
2.046080000000000000e+05
2.452620000000000000e+05
2.967350000000000000e+05
3.600810000000000000e+05
4.411640000000000000e+05
5.341230000000000000e+05
6.363830000000000000e+05
7.290270000000000000e+05
7.845030000000000000e+05
7.859880000000000000e+05
7.287190000000000000e+05
6.369900000000000000e+05
5.342260000000000000e+05
4.418690000000000000e+05
3.598520000000000000e+05
2.960910000000000000e+05
2.452290000000000000e+05
2.049700000000000000e+05
1.725360000000000000e+05
1.475710000000000000e+05
1.266740000000000000e+05
1.096540000000000000e+05
9.615100000000000000e+04
8.458400000000000000e+04
7.512000000000000000e+04
6.672400000000000000e+04
6.067700000000000000e+04
5.412800000000000000e+04
4.925000000000000000e+04
4.456500000000000000e+04
4.054900000000000000e+04
3.757600000000000000e+04
3.449000000000000000e+04
3.206900000000000000e+04
2.952000000000000000e+04
2.716800000000000000e+04
2.548200000000000000e+04
2.391100000000000000e+04
2.213700000000000000e+04
2.109300000000000000e+04
1.978700000000000000e+04
1.832300000000000000e+04
1.735500000000000000e+04
1.632200000000000000e+04
1.540100000000000000e+04
1.468500000000000000e+04
1.384800000000000000e+04
1.329000000000000000e+04
1.261900000000000000e+04
1.197900000000000000e+04
1.125500000000000000e+04
1.096700000000000000e+04
1.030600000000000000e+04
9.795000000000000000e+03
9.640000000000000000e+03
9.038000000000000000e+03
8.704000000000000000e+03
8.455000000000000000e+03
7.938000000000000000e+03
7.974000000000000000e+03
8.384000000000000000e+03
8.579000000000000000e+03
9.029000000000000000e+03
9.370000000000000000e+03
9.853000000000000000e+03
1.036300000000000000e+04
1.097600000000000000e+04
1.122200000000000000e+04
1.174100000000000000e+04
1.269800000000000000e+04
1.325700000000000000e+04
1.384000000000000000e+04
1.466900000000000000e+04
1.546600000000000000e+04
1.618900000000000000e+04
1.734100000000000000e+04
1.844600000000000000e+04
1.947900000000000000e+04
2.097800000000000000e+04
2.243800000000000000e+04
2.364000000000000000e+04
2.532100000000000000e+04
2.740000000000000000e+04
2.912000000000000000e+04
3.207400000000000000e+04
3.471600000000000000e+04
3.734600000000000000e+04
4.076000000000000000e+04
4.468800000000000000e+04
4.936900000000000000e+04
5.360800000000000000e+04
5.969400000000000000e+04
6.683300000000000000e+04
7.496300000000000000e+04
8.453500000000000000e+04
9.605200000000000000e+04
1.103820000000000000e+05
1.259980000000000000e+05
1.473520000000000000e+05
1.732200000000000000e+05
2.046080000000000000e+05
2.452620000000000000e+05
2.967350000000000000e+05
3.600810000000000000e+05
4.411640000000000000e+05
5.341230000000000000e+05
6.363830000000000000e+05
7.290270000000000000e+05
7.845030000000000000e+05
7.859880000000000000e+05
7.287190000000000000e+05
6.369900000000000000e+05
5.342260000000000000e+05
4.418690000000000000e+05
3.598520000000000000e+05
2.960910000000000000e+05
2.452290000000000000e+05
2.049700000000000000e+05
1.725360000000000000e+05
1.475710000000000000e+05
1.266740000000000000e+05
1.096540000000000000e+05
9.615100000000000000e+04
8.458400000000000000e+04
7.512000000000000000e+04
6.672400000000000000e+04
6.067700000000000000e+04
5.412800000000000000e+04
4.925000000000000000e+04
4.456500000000000000e+04
4.054900000000000000e+04
3.757600000000000000e+04
3.449000000000000000e+04
3.206900000000000000e+04
2.952000000000000000e+04
2.716800000000000000e+04
2.548200000000000000e+04
2.391100000000000000e+04
2.213700000000000000e+04
2.109300000000000000e+04
1.978700000000000000e+04
1.832300000000000000e+04
1.735500000000000000e+04
1.632200000000000000e+04
1.540100000000000000e+04
1.468500000000000000e+04
1.384800000000000000e+04
1.329000000000000000e+04
1.261900000000000000e+04
1.197900000000000000e+04
1.125500000000000000e+04
1.096700000000000000e+04
1.030600000000000000e+04
9.795000000000000000e+03
9.640000000000000000e+03
9.038000000000000000e+03
8.704000000000000000e+03
8.455000000000000000e+03
7.938000000000000000e+03
7.974000000000000000e+03
8.384000000000000000e+03
8.579000000000000000e+03
9.029000000000000000e+03
9.370000000000000000e+03
9.853000000000000000e+03
1.036300000000000000e+04
1.097600000000000000e+04
1.122200000000000000e+04
1.174100000000000000e+04
1.269800000000000000e+04
1.325700000000000000e+04
1.384000000000000000e+04
1.466900000000000000e+04
1.546600000000000000e+04
1.618900000000000000e+04
1.734100000000000000e+04
1.844600000000000000e+04
1.947900000000000000e+04
2.097800000000000000e+04
2.243800000000000000e+04
2.364000000000000000e+04
2.532100000000000000e+04
2.740000000000000000e+04
2.912000000000000000e+04
3.207400000000000000e+04
3.471600000000000000e+04
3.734600000000000000e+04
4.076000000000000000e+04
4.468800000000000000e+04
4.936900000000000000e+04
5.360800000000000000e+04
5.969400000000000000e+04
6.683300000000000000e+04
7.496300000000000000e+04
8.453500000000000000e+04
9.605200000000000000e+04
1.103820000000000000e+05
1.259980000000000000e+05
1.473520000000000000e+05
1.732200000000000000e+05
2.046080000000000000e+05
2.452620000000000000e+05
2.967350000000000000e+05
3.600810000000000000e+05
4.411640000000000000e+05
5.341230000000000000e+05
6.363830000000000000e+05
7.290270000000000000e+05
7.845030000000000000e+05
7.859880000000000000e+05
7.287190000000000000e+05
6.369900000000000000e+05
5.342260000000000000e+05
4.418690000000000000e+05
3.598520000000000000e+05
2.960910000000000000e+05
2.452290000000000000e+05
2.049700000000000000e+05
1.725360000000000000e+05
1.475710000000000000e+05
1.266740000000000000e+05
1.096540000000000000e+05
9.615100000000000000e+04
8.458400000000000000e+04
7.512000000000000000e+04
6.672400000000000000e+04
6.067700000000000000e+04
5.412800000000000000e+04
4.925000000000000000e+04
4.456500000000000000e+04
4.054900000000000000e+04
3.757600000000000000e+04
3.449000000000000000e+04
3.206900000000000000e+04
2.952000000000000000e+04
2.716800000000000000e+04
2.548200000000000000e+04
2.391100000000000000e+04
2.213700000000000000e+04
2.109300000000000000e+04
1.978700000000000000e+04
1.832300000000000000e+04
1.735500000000000000e+04
1.632200000000000000e+04
1.540100000000000000e+04
1.468500000000000000e+04
1.384800000000000000e+04
1.329000000000000000e+04
1.261900000000000000e+04
1.197900000000000000e+04
1.125500000000000000e+04
1.096700000000000000e+04
1.030600000000000000e+04
9.795000000000000000e+03
9.640000000000000000e+03
9.038000000000000000e+03
8.704000000000000000e+03
8.455000000000000000e+03
7.938000000000000000e+03
7.974000000000000000e+03
8.384000000000000000e+03
8.579000000000000000e+03
9.029000000000000000e+03
9.370000000000000000e+03
9.853000000000000000e+03
1.036300000000000000e+04
1.097600000000000000e+04
1.122200000000000000e+04
1.174100000000000000e+04
1.269800000000000000e+04
1.325700000000000000e+04
1.384000000000000000e+04
1.466900000000000000e+04
1.546600000000000000e+04
1.618900000000000000e+04
1.734100000000000000e+04
1.844600000000000000e+04
1.947900000000000000e+04
2.097800000000000000e+04
2.243800000000000000e+04
2.364000000000000000e+04
2.532100000000000000e+04
2.740000000000000000e+04
2.912000000000000000e+04
3.207400000000000000e+04
3.471600000000000000e+04
3.734600000000000000e+04
4.076000000000000000e+04
4.468800000000000000e+04
4.936900000000000000e+04
5.360800000000000000e+04
5.969400000000000000e+04
6.683300000000000000e+04
7.496300000000000000e+04
8.453500000000000000e+04
9.605200000000000000e+04
1.103820000000000000e+05
1.259980000000000000e+05
1.473520000000000000e+05
1.732200000000000000e+05
2.046080000000000000e+05
2.452620000000000000e+05
2.967350000000000000e+05
3.600810000000000000e+05
4.411640000000000000e+05
5.341230000000000000e+05
6.363830000000000000e+05
7.290270000000000000e+05
7.845030000000000000e+05
7.859880000000000000e+05
7.287190000000000000e+05
6.369900000000000000e+05
5.342260000000000000e+05
4.418690000000000000e+05
3.598520000000000000e+05
2.960910000000000000e+05
2.452290000000000000e+05
2.049700000000000000e+05
1.725360000000000000e+05
1.475710000000000000e+05
1.266740000000000000e+05
1.096540000000000000e+05
9.615100000000000000e+04
8.458400000000000000e+04
7.512000000000000000e+04
6.672400000000000000e+04
6.067700000000000000e+04
5.412800000000000000e+04
4.925000000000000000e+04
4.456500000000000000e+04
4.054900000000000000e+04
3.757600000000000000e+04
3.449000000000000000e+04
3.206900000000000000e+04
2.952000000000000000e+04
2.716800000000000000e+04
2.548200000000000000e+04
2.391100000000000000e+04
2.213700000000000000e+04
2.109300000000000000e+04
1.978700000000000000e+04
1.832300000000000000e+04
1.735500000000000000e+04
1.632200000000000000e+04
1.540100000000000000e+04
1.468500000000000000e+04
1.384800000000000000e+04
1.329000000000000000e+04
1.261900000000000000e+04
1.197900000000000000e+04
1.125500000000000000e+04
1.096700000000000000e+04
1.030600000000000000e+04
9.795000000000000000e+03
9.640000000000000000e+03
9.038000000000000000e+03
8.704000000000000000e+03
8.455000000000000000e+03
7.938000000000000000e+03
7.974000000000000000e+03
8.384000000000000000e+03
8.579000000000000000e+03
9.029000000000000000e+03
9.370000000000000000e+03
9.853000000000000000e+03
1.036300000000000000e+04
1.097600000000000000e+04
1.122200000000000000e+04
1.174100000000000000e+04
1.269800000000000000e+04
1.325700000000000000e+04
1.384000000000000000e+04
1.466900000000000000e+04
1.546600000000000000e+04
1.618900000000000000e+04
1.734100000000000000e+04
1.844600000000000000e+04
1.947900000000000000e+04
2.097800000000000000e+04
2.243800000000000000e+04
2.364000000000000000e+04
2.532100000000000000e+04
2.740000000000000000e+04
2.912000000000000000e+04
3.207400000000000000e+04
3.471600000000000000e+04
3.734600000000000000e+04
4.076000000000000000e+04
4.468800000000000000e+04
4.936900000000000000e+04
5.360800000000000000e+04
5.969400000000000000e+04
6.683300000000000000e+04
7.496300000000000000e+04
8.453500000000000000e+04
9.605200000000000000e+04
1.103820000000000000e+05
1.259980000000000000e+05
1.473520000000000000e+05
1.732200000000000000e+05
2.046080000000000000e+05
2.452620000000000000e+05
2.967350000000000000e+05
3.600810000000000000e+05
4.411640000000000000e+05
5.341230000000000000e+05
6.363830000000000000e+05
7.290270000000000000e+05
7.845030000000000000e+05
7.859880000000000000e+05
7.287190000000000000e+05
6.369900000000000000e+05
5.342260000000000000e+05
4.418690000000000000e+05
3.598520000000000000e+05
2.960910000000000000e+05
2.452290000000000000e+05
2.049700000000000000e+05
1.725360000000000000e+05
1.475710000000000000e+05
1.266740000000000000e+05
1.096540000000000000e+05
9.615100000000000000e+04
8.458400000000000000e+04
7.512000000000000000e+04
6.672400000000000000e+04
6.067700000000000000e+04
5.412800000000000000e+04
4.925000000000000000e+04
4.456500000000000000e+04
4.054900000000000000e+04
3.757600000000000000e+04
3.449000000000000000e+04
3.206900000000000000e+04
2.952000000000000000e+04
2.716800000000000000e+04
2.548200000000000000e+04
2.391100000000000000e+04
2.213700000000000000e+04
2.109300000000000000e+04
1.978700000000000000e+04
1.832300000000000000e+04
1.735500000000000000e+04
1.632200000000000000e+04
1.540100000000000000e+04
1.468500000000000000e+04
1.384800000000000000e+04
1.329000000000000000e+04
1.261900000000000000e+04
1.197900000000000000e+04
1.125500000000000000e+04
1.096700000000000000e+04
1.030600000000000000e+04
9.795000000000000000e+03
9.640000000000000000e+03
9.038000000000000000e+03
8.704000000000000000e+03
8.455000000000000000e+03
7.938000000000000000e+03
7.974000000000000000e+03
8.384000000000000000e+03
8.579000000000000000e+03
9.029000000000000000e+03
9.370000000000000000e+03
9.853000000000000000e+03
1.036300000000000000e+04
1.097600000000000000e+04
1.122200000000000000e+04
1.174100000000000000e+04
1.269800000000000000e+04
1.325700000000000000e+04
1.384000000000000000e+04
1.466900000000000000e+04
1.546600000000000000e+04
1.618900000000000000e+04
1.734100000000000000e+04
1.844600000000000000e+04
1.947900000000000000e+04
2.097800000000000000e+04
2.243800000000000000e+04
2.364000000000000000e+04
2.532100000000000000e+04
2.740000000000000000e+04
2.912000000000000000e+04
3.207400000000000000e+04
3.471600000000000000e+04
3.734600000000000000e+04
4.076000000000000000e+04
4.468800000000000000e+04
4.936900000000000000e+04
5.360800000000000000e+04
5.969400000000000000e+04
6.683300000000000000e+04
7.496300000000000000e+04
8.453500000000000000e+04
9.605200000000000000e+04
1.103820000000000000e+05
1.259980000000000000e+05
1.473520000000000000e+05
1.732200000000000000e+05
2.046080000000000000e+05
2.452620000000000000e+05
2.967350000000000000e+05
3.600810000000000000e+05
4.411640000000000000e+05
5.341230000000000000e+05
6.363830000000000000e+05
7.290270000000000000e+05
7.845030000000000000e+05
7.859880000000000000e+05
7.287190000000000000e+05
6.369900000000000000e+05
5.342260000000000000e+05
4.418690000000000000e+05
3.598520000000000000e+05
2.960910000000000000e+05
2.452290000000000000e+05
2.049700000000000000e+05
1.725360000000000000e+05
1.475710000000000000e+05
1.266740000000000000e+05
1.096540000000000000e+05
9.615100000000000000e+04
8.458400000000000000e+04
7.512000000000000000e+04
6.672400000000000000e+04
6.067700000000000000e+04
5.412800000000000000e+04
4.925000000000000000e+04
4.456500000000000000e+04
4.054900000000000000e+04
3.757600000000000000e+04
3.449000000000000000e+04
3.206900000000000000e+04
2.952000000000000000e+04
2.716800000000000000e+04
2.548200000000000000e+04
2.391100000000000000e+04
2.213700000000000000e+04
2.109300000000000000e+04
1.978700000000000000e+04
1.832300000000000000e+04
1.735500000000000000e+04
1.632200000000000000e+04
1.540100000000000000e+04
1.468500000000000000e+04
1.384800000000000000e+04
1.329000000000000000e+04
1.261900000000000000e+04
1.197900000000000000e+04
1.125500000000000000e+04
1.096700000000000000e+04
1.030600000000000000e+04
9.795000000000000000e+03
9.640000000000000000e+03
9.038000000000000000e+03
8.704000000000000000e+03
8.455000000000000000e+03
7.938000000000000000e+03
7.974000000000000000e+03
8.384000000000000000e+03
8.579000000000000000e+03
9.029000000000000000e+03
9.370000000000000000e+03
9.853000000000000000e+03
1.036300000000000000e+04
1.097600000000000000e+04
1.122200000000000000e+04
1.174100000000000000e+04
1.269800000000000000e+04
1.325700000000000000e+04
1.384000000000000000e+04
1.466900000000000000e+04
1.546600000000000000e+04
1.618900000000000000e+04
1.734100000000000000e+04
1.844600000000000000e+04
1.947900000000000000e+04
2.097800000000000000e+04
2.243800000000000000e+04
2.364000000000000000e+04
2.532100000000000000e+04
2.740000000000000000e+04
2.912000000000000000e+04
3.207400000000000000e+04
3.471600000000000000e+04
3.734600000000000000e+04
4.076000000000000000e+04
4.468800000000000000e+04
4.936900000000000000e+04
5.360800000000000000e+04
5.969400000000000000e+04
6.683300000000000000e+04
7.496300000000000000e+04
8.453500000000000000e+04
9.605200000000000000e+04
1.103820000000000000e+05
1.259980000000000000e+05
1.473520000000000000e+05
1.732200000000000000e+05
2.046080000000000000e+05
2.452620000000000000e+05
2.967350000000000000e+05
3.600810000000000000e+05
4.411640000000000000e+05
5.341230000000000000e+05
6.363830000000000000e+05
7.290270000000000000e+05
7.845030000000000000e+05
7.859880000000000000e+05
7.287190000000000000e+05
6.369900000000000000e+05
5.342260000000000000e+05
4.418690000000000000e+05
3.598520000000000000e+05
2.960910000000000000e+05
2.452290000000000000e+05
2.049700000000000000e+05
1.725360000000000000e+05
1.475710000000000000e+05
1.266740000000000000e+05
1.096540000000000000e+05
9.615100000000000000e+04
8.458400000000000000e+04
7.512000000000000000e+04
6.672400000000000000e+04
6.067700000000000000e+04
5.412800000000000000e+04
4.925000000000000000e+04
4.456500000000000000e+04
4.054900000000000000e+04
3.757600000000000000e+04
3.449000000000000000e+04
3.206900000000000000e+04
2.952000000000000000e+04
2.716800000000000000e+04
2.548200000000000000e+04
2.391100000000000000e+04
2.213700000000000000e+04
2.109300000000000000e+04
1.978700000000000000e+04
1.832300000000000000e+04
1.735500000000000000e+04
1.632200000000000000e+04
1.540100000000000000e+04
1.468500000000000000e+04
1.384800000000000000e+04
1.329000000000000000e+04
1.261900000000000000e+04
1.197900000000000000e+04
1.125500000000000000e+04
1.096700000000000000e+04
1.030600000000000000e+04
9.795000000000000000e+03
9.640000000000000000e+03
9.038000000000000000e+03
8.704000000000000000e+03
8.455000000000000000e+03
7.938000000000000000e+03
7.974000000000000000e+03
8.384000000000000000e+03
8.579000000000000000e+03
9.029000000000000000e+03
9.370000000000000000e+03
9.853000000000000000e+03
1.036300000000000000e+04
1.097600000000000000e+04
1.122200000000000000e+04
1.174100000000000000e+04
1.269800000000000000e+04
1.325700000000000000e+04
1.384000000000000000e+04
1.466900000000000000e+04
1.546600000000000000e+04
1.618900000000000000e+04
1.734100000000000000e+04
1.844600000000000000e+04
1.947900000000000000e+04
2.097800000000000000e+04
2.243800000000000000e+04
2.364000000000000000e+04
2.532100000000000000e+04
2.740000000000000000e+04
2.912000000000000000e+04
3.207400000000000000e+04
3.471600000000000000e+04
3.734600000000000000e+04
4.076000000000000000e+04
4.468800000000000000e+04
4.936900000000000000e+04
5.360800000000000000e+04
5.969400000000000000e+04
6.683300000000000000e+04
7.496300000000000000e+04
8.453500000000000000e+04
9.605200000000000000e+04
1.103820000000000000e+05
1.259980000000000000e+05
1.473520000000000000e+05
1.732200000000000000e+05
2.046080000000000000e+05
2.452620000000000000e+05
2.967350000000000000e+05
3.600810000000000000e+05
4.411640000000000000e+05
5.341230000000000000e+05
6.363830000000000000e+05
7.290270000000000000e+05
7.845030000000000000e+05
7.859880000000000000e+05
7.287190000000000000e+05
6.369900000000000000e+05
5.342260000000000000e+05
4.418690000000000000e+05
3.598520000000000000e+05
2.960910000000000000e+05
2.452290000000000000e+05
2.049700000000000000e+05
1.725360000000000000e+05
1.475710000000000000e+05
1.266740000000000000e+05
1.096540000000000000e+05
9.615100000000000000e+04
8.458400000000000000e+04
7.512000000000000000e+04
6.672400000000000000e+04
6.067700000000000000e+04
5.412800000000000000e+04
4.925000000000000000e+04
4.456500000000000000e+04
4.054900000000000000e+04
3.757600000000000000e+04
3.449000000000000000e+04
3.206900000000000000e+04
2.952000000000000000e+04
2.716800000000000000e+04
2.548200000000000000e+04
2.391100000000000000e+04
2.213700000000000000e+04
2.109300000000000000e+04
1.978700000000000000e+04
1.832300000000000000e+04
1.735500000000000000e+04
1.632200000000000000e+04
1.540100000000000000e+04
1.468500000000000000e+04
1.384800000000000000e+04
1.329000000000000000e+04
1.261900000000000000e+04
1.197900000000000000e+04
1.125500000000000000e+04
1.096700000000000000e+04
1.030600000000000000e+04
9.795000000000000000e+03
9.640000000000000000e+03
9.038000000000000000e+03
8.704000000000000000e+03
8.455000000000000000e+03
7.938000000000000000e+03
