6.436600000000000000e+04
6.715400000000000000e+04
6.952200000000000000e+04
7.262100000000000000e+04
7.602200000000000000e+04
7.937300000000000000e+04
8.298700000000000000e+04
8.703500000000000000e+04
9.087600000000000000e+04
9.533300000000000000e+04
1.005120000000000000e+05
1.055980000000000000e+05
1.107220000000000000e+05
1.170900000000000000e+05
1.235540000000000000e+05
1.309630000000000000e+05
1.384120000000000000e+05
1.474560000000000000e+05
1.566330000000000000e+05
1.667490000000000000e+05
1.777540000000000000e+05
1.896610000000000000e+05
2.042630000000000000e+05
2.193890000000000000e+05
2.361730000000000000e+05
2.550290000000000000e+05
2.759410000000000000e+05
3.005550000000000000e+05
3.278250000000000000e+05
3.570830000000000000e+05
3.931020000000000000e+05
4.332180000000000000e+05
4.797760000000000000e+05
5.353190000000000000e+05
6.003190000000000000e+05
6.789570000000000000e+05
7.679770000000000000e+05
8.791940000000000000e+05
1.014572000000000000e+06
1.177987000000000000e+06
1.381654000000000000e+06
1.636577000000000000e+06
1.961496000000000000e+06
2.371301000000000000e+06
2.883050000000000000e+06
3.526029000000000000e+06
4.279195000000000000e+06
5.087842000000000000e+06
5.829832000000000000e+06
6.280893000000000000e+06
6.280246000000000000e+06
5.826344000000000000e+06
5.091671000000000000e+06
4.275146000000000000e+06
3.521358000000000000e+06
2.887284000000000000e+06
2.370751000000000000e+06
1.961007000000000000e+06
1.639517000000000000e+06
1.381864000000000000e+06
1.179258000000000000e+06
1.013891000000000000e+06
8.803460000000000000e+05
7.688180000000000000e+05
6.776860000000000000e+05
6.017380000000000000e+05
5.341490000000000000e+05
4.810000000000000000e+05
4.341560000000000000e+05
3.928880000000000000e+05
3.585280000000000000e+05
3.265900000000000000e+05
2.997120000000000000e+05
2.765070000000000000e+05
2.549470000000000000e+05
2.366560000000000000e+05
2.192320000000000000e+05
2.039460000000000000e+05
1.904870000000000000e+05
1.783390000000000000e+05
1.667310000000000000e+05
1.557470000000000000e+05
1.469260000000000000e+05
1.391300000000000000e+05
1.312820000000000000e+05
1.239870000000000000e+05
1.167400000000000000e+05
1.107780000000000000e+05
1.056680000000000000e+05
9.993700000000000000e+04
9.529700000000000000e+04
9.133200000000000000e+04
8.708900000000000000e+04
8.312300000000000000e+04
7.988800000000000000e+04
7.590000000000000000e+04
7.287200000000000000e+04
6.987000000000000000e+04
6.654100000000000000e+04
6.462700000000000000e+04
