1.596500000000000000e+04
1.666700000000000000e+04
1.729600000000000000e+04
1.815300000000000000e+04
1.891100000000000000e+04
1.960400000000000000e+04
2.088600000000000000e+04
2.182500000000000000e+04
2.281500000000000000e+04
2.404400000000000000e+04
2.483200000000000000e+04
2.644400000000000000e+04
2.781900000000000000e+04
2.889200000000000000e+04
3.076300000000000000e+04
3.269700000000000000e+04
3.490000000000000000e+04
3.665700000000000000e+04
3.924900000000000000e+04
4.173900000000000000e+04
4.460600000000000000e+04
4.770800000000000000e+04
5.093400000000000000e+04
5.482600000000000000e+04
5.906700000000000000e+04
6.377300000000000000e+04
6.881900000000000000e+04
7.487600000000000000e+04
8.193900000000000000e+04
8.910600000000000000e+04
9.846000000000000000e+04
1.080490000000000000e+05
1.204370000000000000e+05
1.340010000000000000e+05
1.499480000000000000e+05
1.694200000000000000e+05
1.921380000000000000e+05
2.197970000000000000e+05
2.539500000000000000e+05
2.954040000000000000e+05
3.453670000000000000e+05
4.100470000000000000e+05
4.911690000000000000e+05
5.930450000000000000e+05
7.199460000000000000e+05
8.811130000000000000e+05
1.068333000000000000e+06
1.270974000000000000e+06
1.455601000000000000e+06
1.572269000000000000e+06
1.569918000000000000e+06
1.457601000000000000e+06
1.269518000000000000e+06
1.069606000000000000e+06
8.804610000000000000e+05
7.211670000000000000e+05
5.923410000000000000e+05
4.919030000000000000e+05
4.102690000000000000e+05
3.455010000000000000e+05
2.949320000000000000e+05
2.530070000000000000e+05
2.203250000000000000e+05
1.925020000000000000e+05
1.694310000000000000e+05
1.498670000000000000e+05
1.341620000000000000e+05
1.210430000000000000e+05
1.086830000000000000e+05
9.811300000000000000e+04
8.944800000000000000e+04
8.150800000000000000e+04
7.488700000000000000e+04
6.912200000000000000e+04
6.340300000000000000e+04
5.887200000000000000e+04
5.442900000000000000e+04
5.085500000000000000e+04
4.777200000000000000e+04
4.454500000000000000e+04
4.184600000000000000e+04
3.911600000000000000e+04
3.730800000000000000e+04
3.476300000000000000e+04
3.281700000000000000e+04
3.095800000000000000e+04
2.928000000000000000e+04
2.816400000000000000e+04
2.626700000000000000e+04
2.532900000000000000e+04
2.393800000000000000e+04
2.293200000000000000e+04
2.144400000000000000e+04
2.061600000000000000e+04
2.012800000000000000e+04
1.905200000000000000e+04
1.815700000000000000e+04
1.740500000000000000e+04
1.691200000000000000e+04
1.574000000000000000e+04
1.596500000000000000e+04
1.666700000000000000e+04
1.729600000000000000e+04
1.815300000000000000e+04
1.891100000000000000e+04
1.960400000000000000e+04
2.088600000000000000e+04
2.182500000000000000e+04
2.281500000000000000e+04
2.404400000000000000e+04
2.483200000000000000e+04
2.644400000000000000e+04
2.781900000000000000e+04
2.889200000000000000e+04
3.076300000000000000e+04
3.269700000000000000e+04
3.490000000000000000e+04
3.665700000000000000e+04
3.924900000000000000e+04
4.173900000000000000e+04
4.460600000000000000e+04
4.770800000000000000e+04
5.093400000000000000e+04
5.482600000000000000e+04
5.906700000000000000e+04
6.377300000000000000e+04
6.881900000000000000e+04
7.487600000000000000e+04
8.193900000000000000e+04
8.910600000000000000e+04
9.846000000000000000e+04
1.080490000000000000e+05
1.204370000000000000e+05
1.340010000000000000e+05
1.499480000000000000e+05
1.694200000000000000e+05
1.921380000000000000e+05
2.197970000000000000e+05
2.539500000000000000e+05
2.954040000000000000e+05
3.453670000000000000e+05
4.100470000000000000e+05
4.911690000000000000e+05
5.930450000000000000e+05
7.199460000000000000e+05
8.811130000000000000e+05
1.068333000000000000e+06
1.270974000000000000e+06
1.455601000000000000e+06
1.572269000000000000e+06
1.569918000000000000e+06
1.457601000000000000e+06
1.269518000000000000e+06
1.069606000000000000e+06
8.804610000000000000e+05
7.211670000000000000e+05
5.923410000000000000e+05
4.919030000000000000e+05
4.102690000000000000e+05
3.455010000000000000e+05
2.949320000000000000e+05
2.530070000000000000e+05
2.203250000000000000e+05
1.925020000000000000e+05
1.694310000000000000e+05
1.498670000000000000e+05
1.341620000000000000e+05
1.210430000000000000e+05
1.086830000000000000e+05
9.811300000000000000e+04
8.944800000000000000e+04
8.150800000000000000e+04
7.488700000000000000e+04
6.912200000000000000e+04
6.340300000000000000e+04
5.887200000000000000e+04
5.442900000000000000e+04
5.085500000000000000e+04
4.777200000000000000e+04
4.454500000000000000e+04
4.184600000000000000e+04
3.911600000000000000e+04
3.730800000000000000e+04
3.476300000000000000e+04
3.281700000000000000e+04
3.095800000000000000e+04
2.928000000000000000e+04
2.816400000000000000e+04
2.626700000000000000e+04
2.532900000000000000e+04
2.393800000000000000e+04
2.293200000000000000e+04
2.144400000000000000e+04
2.061600000000000000e+04
2.012800000000000000e+04
1.905200000000000000e+04
1.815700000000000000e+04
1.740500000000000000e+04
1.691200000000000000e+04
1.574000000000000000e+04
1.596500000000000000e+04
1.666700000000000000e+04
1.729600000000000000e+04
1.815300000000000000e+04
1.891100000000000000e+04
1.960400000000000000e+04
2.088600000000000000e+04
2.182500000000000000e+04
2.281500000000000000e+04
2.404400000000000000e+04
2.483200000000000000e+04
2.644400000000000000e+04
2.781900000000000000e+04
2.889200000000000000e+04
3.076300000000000000e+04
3.269700000000000000e+04
3.490000000000000000e+04
3.665700000000000000e+04
3.924900000000000000e+04
4.173900000000000000e+04
4.460600000000000000e+04
4.770800000000000000e+04
5.093400000000000000e+04
5.482600000000000000e+04
5.906700000000000000e+04
6.377300000000000000e+04
6.881900000000000000e+04
7.487600000000000000e+04
8.193900000000000000e+04
8.910600000000000000e+04
9.846000000000000000e+04
1.080490000000000000e+05
1.204370000000000000e+05
1.340010000000000000e+05
1.499480000000000000e+05
1.694200000000000000e+05
1.921380000000000000e+05
2.197970000000000000e+05
2.539500000000000000e+05
2.954040000000000000e+05
3.453670000000000000e+05
4.100470000000000000e+05
4.911690000000000000e+05
5.930450000000000000e+05
7.199460000000000000e+05
8.811130000000000000e+05
1.068333000000000000e+06
1.270974000000000000e+06
1.455601000000000000e+06
1.572269000000000000e+06
1.569918000000000000e+06
1.457601000000000000e+06
1.269518000000000000e+06
1.069606000000000000e+06
8.804610000000000000e+05
7.211670000000000000e+05
5.923410000000000000e+05
4.919030000000000000e+05
4.102690000000000000e+05
3.455010000000000000e+05
2.949320000000000000e+05
2.530070000000000000e+05
2.203250000000000000e+05
1.925020000000000000e+05
1.694310000000000000e+05
1.498670000000000000e+05
1.341620000000000000e+05
1.210430000000000000e+05
1.086830000000000000e+05
9.811300000000000000e+04
8.944800000000000000e+04
8.150800000000000000e+04
7.488700000000000000e+04
6.912200000000000000e+04
6.340300000000000000e+04
5.887200000000000000e+04
5.442900000000000000e+04
5.085500000000000000e+04
4.777200000000000000e+04
4.454500000000000000e+04
4.184600000000000000e+04
3.911600000000000000e+04
3.730800000000000000e+04
3.476300000000000000e+04
3.281700000000000000e+04
3.095800000000000000e+04
2.928000000000000000e+04
2.816400000000000000e+04
2.626700000000000000e+04
2.532900000000000000e+04
2.393800000000000000e+04
2.293200000000000000e+04
2.144400000000000000e+04
2.061600000000000000e+04
2.012800000000000000e+04
1.905200000000000000e+04
1.815700000000000000e+04
1.740500000000000000e+04
1.691200000000000000e+04
1.574000000000000000e+04
1.596500000000000000e+04
1.666700000000000000e+04
1.729600000000000000e+04
1.815300000000000000e+04
1.891100000000000000e+04
1.960400000000000000e+04
2.088600000000000000e+04
2.182500000000000000e+04
2.281500000000000000e+04
2.404400000000000000e+04
2.483200000000000000e+04
2.644400000000000000e+04
2.781900000000000000e+04
2.889200000000000000e+04
3.076300000000000000e+04
3.269700000000000000e+04
3.490000000000000000e+04
3.665700000000000000e+04
3.924900000000000000e+04
4.173900000000000000e+04
4.460600000000000000e+04
4.770800000000000000e+04
5.093400000000000000e+04
5.482600000000000000e+04
5.906700000000000000e+04
6.377300000000000000e+04
6.881900000000000000e+04
7.487600000000000000e+04
8.193900000000000000e+04
8.910600000000000000e+04
9.846000000000000000e+04
1.080490000000000000e+05
1.204370000000000000e+05
1.340010000000000000e+05
1.499480000000000000e+05
1.694200000000000000e+05
1.921380000000000000e+05
2.197970000000000000e+05
2.539500000000000000e+05
2.954040000000000000e+05
3.453670000000000000e+05
4.100470000000000000e+05
4.911690000000000000e+05
5.930450000000000000e+05
7.199460000000000000e+05
8.811130000000000000e+05
1.068333000000000000e+06
1.270974000000000000e+06
1.455601000000000000e+06
1.572269000000000000e+06
1.569918000000000000e+06
1.457601000000000000e+06
1.269518000000000000e+06
1.069606000000000000e+06
8.804610000000000000e+05
7.211670000000000000e+05
5.923410000000000000e+05
4.919030000000000000e+05
4.102690000000000000e+05
3.455010000000000000e+05
2.949320000000000000e+05
2.530070000000000000e+05
2.203250000000000000e+05
1.925020000000000000e+05
1.694310000000000000e+05
1.498670000000000000e+05
1.341620000000000000e+05
1.210430000000000000e+05
1.086830000000000000e+05
9.811300000000000000e+04
8.944800000000000000e+04
8.150800000000000000e+04
7.488700000000000000e+04
6.912200000000000000e+04
6.340300000000000000e+04
5.887200000000000000e+04
5.442900000000000000e+04
5.085500000000000000e+04
4.777200000000000000e+04
4.454500000000000000e+04
4.184600000000000000e+04
3.911600000000000000e+04
3.730800000000000000e+04
3.476300000000000000e+04
3.281700000000000000e+04
3.095800000000000000e+04
2.928000000000000000e+04
2.816400000000000000e+04
2.626700000000000000e+04
2.532900000000000000e+04
2.393800000000000000e+04
2.293200000000000000e+04
2.144400000000000000e+04
2.061600000000000000e+04
2.012800000000000000e+04
1.905200000000000000e+04
1.815700000000000000e+04
1.740500000000000000e+04
1.691200000000000000e+04
1.574000000000000000e+04
