2.015000000000000000e+03
2.033000000000000000e+03
2.172000000000000000e+03
2.194000000000000000e+03
2.447000000000000000e+03
2.453000000000000000e+03
2.584000000000000000e+03
2.669000000000000000e+03
2.899000000000000000e+03
3.022000000000000000e+03
3.137000000000000000e+03
3.296000000000000000e+03
3.444000000000000000e+03
3.685000000000000000e+03
3.807000000000000000e+03
4.114000000000000000e+03
4.268000000000000000e+03
4.608000000000000000e+03
4.873000000000000000e+03
5.191000000000000000e+03
5.573000000000000000e+03
5.970000000000000000e+03
6.300000000000000000e+03
6.915000000000000000e+03
7.499000000000000000e+03
7.785000000000000000e+03
8.674000000000000000e+03
9.364000000000000000e+03
1.001300000000000000e+04
1.115500000000000000e+04
1.225200000000000000e+04
1.344800000000000000e+04
1.483100000000000000e+04
1.656200000000000000e+04
1.888100000000000000e+04
2.123300000000000000e+04
2.403600000000000000e+04
2.752500000000000000e+04
3.178000000000000000e+04
3.718600000000000000e+04
4.308500000000000000e+04
5.083300000000000000e+04
6.199100000000000000e+04
7.418800000000000000e+04
8.982900000000000000e+04
1.104140000000000000e+05
1.332380000000000000e+05
1.588550000000000000e+05
1.819600000000000000e+05
1.968550000000000000e+05
1.972030000000000000e+05
1.816560000000000000e+05
1.584300000000000000e+05
1.333630000000000000e+05
1.102530000000000000e+05
8.965200000000000000e+04
7.451900000000000000e+04
6.146100000000000000e+04
5.112300000000000000e+04
4.363000000000000000e+04
3.657400000000000000e+04
3.155700000000000000e+04
2.763500000000000000e+04
2.384200000000000000e+04
2.148900000000000000e+04
1.898600000000000000e+04
1.657800000000000000e+04
1.497700000000000000e+04
1.361900000000000000e+04
1.235300000000000000e+04
1.135400000000000000e+04
1.013100000000000000e+04
9.468000000000000000e+03
8.743000000000000000e+03
8.088000000000000000e+03
7.372000000000000000e+03
6.834000000000000000e+03
6.180000000000000000e+03
5.942000000000000000e+03
5.518000000000000000e+03
5.251000000000000000e+03
4.867000000000000000e+03
4.574000000000000000e+03
4.272000000000000000e+03
4.098000000000000000e+03
3.955000000000000000e+03
3.696000000000000000e+03
3.404000000000000000e+03
3.269000000000000000e+03
3.060000000000000000e+03
2.971000000000000000e+03
2.851000000000000000e+03
2.651000000000000000e+03
2.514000000000000000e+03
2.544000000000000000e+03
2.254000000000000000e+03
2.222000000000000000e+03
2.118000000000000000e+03
2.040000000000000000e+03
1.997000000000000000e+03
2.015000000000000000e+03
2.033000000000000000e+03
2.172000000000000000e+03
2.194000000000000000e+03
2.447000000000000000e+03
2.453000000000000000e+03
2.584000000000000000e+03
2.669000000000000000e+03
2.899000000000000000e+03
3.022000000000000000e+03
3.137000000000000000e+03
3.296000000000000000e+03
3.444000000000000000e+03
3.685000000000000000e+03
3.807000000000000000e+03
4.114000000000000000e+03
4.268000000000000000e+03
4.608000000000000000e+03
4.873000000000000000e+03
5.191000000000000000e+03
5.573000000000000000e+03
5.970000000000000000e+03
6.300000000000000000e+03
6.915000000000000000e+03
7.499000000000000000e+03
7.785000000000000000e+03
8.674000000000000000e+03
9.364000000000000000e+03
1.001300000000000000e+04
1.115500000000000000e+04
1.225200000000000000e+04
1.344800000000000000e+04
1.483100000000000000e+04
1.656200000000000000e+04
1.888100000000000000e+04
2.123300000000000000e+04
2.403600000000000000e+04
2.752500000000000000e+04
3.178000000000000000e+04
3.718600000000000000e+04
4.308500000000000000e+04
5.083300000000000000e+04
6.199100000000000000e+04
7.418800000000000000e+04
8.982900000000000000e+04
1.104140000000000000e+05
1.332380000000000000e+05
1.588550000000000000e+05
1.819600000000000000e+05
1.968550000000000000e+05
1.972030000000000000e+05
1.816560000000000000e+05
1.584300000000000000e+05
1.333630000000000000e+05
1.102530000000000000e+05
8.965200000000000000e+04
7.451900000000000000e+04
6.146100000000000000e+04
5.112300000000000000e+04
4.363000000000000000e+04
3.657400000000000000e+04
3.155700000000000000e+04
2.763500000000000000e+04
2.384200000000000000e+04
2.148900000000000000e+04
1.898600000000000000e+04
1.657800000000000000e+04
1.497700000000000000e+04
1.361900000000000000e+04
1.235300000000000000e+04
1.135400000000000000e+04
1.013100000000000000e+04
9.468000000000000000e+03
8.743000000000000000e+03
8.088000000000000000e+03
7.372000000000000000e+03
6.834000000000000000e+03
6.180000000000000000e+03
5.942000000000000000e+03
5.518000000000000000e+03
5.251000000000000000e+03
4.867000000000000000e+03
4.574000000000000000e+03
4.272000000000000000e+03
4.098000000000000000e+03
3.955000000000000000e+03
3.696000000000000000e+03
3.404000000000000000e+03
3.269000000000000000e+03
3.060000000000000000e+03
2.971000000000000000e+03
2.851000000000000000e+03
2.651000000000000000e+03
2.514000000000000000e+03
2.544000000000000000e+03
2.254000000000000000e+03
2.222000000000000000e+03
2.118000000000000000e+03
2.040000000000000000e+03
1.997000000000000000e+03
2.015000000000000000e+03
2.033000000000000000e+03
2.172000000000000000e+03
2.194000000000000000e+03
2.447000000000000000e+03
2.453000000000000000e+03
2.584000000000000000e+03
2.669000000000000000e+03
2.899000000000000000e+03
3.022000000000000000e+03
3.137000000000000000e+03
3.296000000000000000e+03
3.444000000000000000e+03
3.685000000000000000e+03
3.807000000000000000e+03
4.114000000000000000e+03
4.268000000000000000e+03
4.608000000000000000e+03
4.873000000000000000e+03
5.191000000000000000e+03
5.573000000000000000e+03
5.970000000000000000e+03
6.300000000000000000e+03
6.915000000000000000e+03
7.499000000000000000e+03
7.785000000000000000e+03
8.674000000000000000e+03
9.364000000000000000e+03
1.001300000000000000e+04
1.115500000000000000e+04
1.225200000000000000e+04
1.344800000000000000e+04
1.483100000000000000e+04
1.656200000000000000e+04
1.888100000000000000e+04
2.123300000000000000e+04
2.403600000000000000e+04
2.752500000000000000e+04
3.178000000000000000e+04
3.718600000000000000e+04
4.308500000000000000e+04
5.083300000000000000e+04
6.199100000000000000e+04
7.418800000000000000e+04
8.982900000000000000e+04
1.104140000000000000e+05
1.332380000000000000e+05
1.588550000000000000e+05
1.819600000000000000e+05
1.968550000000000000e+05
1.972030000000000000e+05
1.816560000000000000e+05
1.584300000000000000e+05
1.333630000000000000e+05
1.102530000000000000e+05
8.965200000000000000e+04
7.451900000000000000e+04
6.146100000000000000e+04
5.112300000000000000e+04
4.363000000000000000e+04
3.657400000000000000e+04
3.155700000000000000e+04
2.763500000000000000e+04
2.384200000000000000e+04
2.148900000000000000e+04
1.898600000000000000e+04
1.657800000000000000e+04
1.497700000000000000e+04
1.361900000000000000e+04
1.235300000000000000e+04
1.135400000000000000e+04
1.013100000000000000e+04
9.468000000000000000e+03
8.743000000000000000e+03
8.088000000000000000e+03
7.372000000000000000e+03
6.834000000000000000e+03
6.180000000000000000e+03
5.942000000000000000e+03
5.518000000000000000e+03
5.251000000000000000e+03
4.867000000000000000e+03
4.574000000000000000e+03
4.272000000000000000e+03
4.098000000000000000e+03
3.955000000000000000e+03
3.696000000000000000e+03
3.404000000000000000e+03
3.269000000000000000e+03
3.060000000000000000e+03
2.971000000000000000e+03
2.851000000000000000e+03
2.651000000000000000e+03
2.514000000000000000e+03
2.544000000000000000e+03
2.254000000000000000e+03
2.222000000000000000e+03
2.118000000000000000e+03
2.040000000000000000e+03
1.997000000000000000e+03
2.015000000000000000e+03
2.033000000000000000e+03
2.172000000000000000e+03
2.194000000000000000e+03
2.447000000000000000e+03
2.453000000000000000e+03
2.584000000000000000e+03
2.669000000000000000e+03
2.899000000000000000e+03
3.022000000000000000e+03
3.137000000000000000e+03
3.296000000000000000e+03
3.444000000000000000e+03
3.685000000000000000e+03
3.807000000000000000e+03
4.114000000000000000e+03
4.268000000000000000e+03
4.608000000000000000e+03
4.873000000000000000e+03
5.191000000000000000e+03
5.573000000000000000e+03
5.970000000000000000e+03
6.300000000000000000e+03
6.915000000000000000e+03
7.499000000000000000e+03
7.785000000000000000e+03
8.674000000000000000e+03
9.364000000000000000e+03
1.001300000000000000e+04
1.115500000000000000e+04
1.225200000000000000e+04
1.344800000000000000e+04
1.483100000000000000e+04
1.656200000000000000e+04
1.888100000000000000e+04
2.123300000000000000e+04
2.403600000000000000e+04
2.752500000000000000e+04
3.178000000000000000e+04
3.718600000000000000e+04
4.308500000000000000e+04
5.083300000000000000e+04
6.199100000000000000e+04
7.418800000000000000e+04
8.982900000000000000e+04
1.104140000000000000e+05
1.332380000000000000e+05
1.588550000000000000e+05
1.819600000000000000e+05
1.968550000000000000e+05
1.972030000000000000e+05
1.816560000000000000e+05
1.584300000000000000e+05
1.333630000000000000e+05
1.102530000000000000e+05
8.965200000000000000e+04
7.451900000000000000e+04
6.146100000000000000e+04
5.112300000000000000e+04
4.363000000000000000e+04
3.657400000000000000e+04
3.155700000000000000e+04
2.763500000000000000e+04
2.384200000000000000e+04
2.148900000000000000e+04
1.898600000000000000e+04
1.657800000000000000e+04
1.497700000000000000e+04
1.361900000000000000e+04
1.235300000000000000e+04
1.135400000000000000e+04
1.013100000000000000e+04
9.468000000000000000e+03
8.743000000000000000e+03
8.088000000000000000e+03
7.372000000000000000e+03
6.834000000000000000e+03
6.180000000000000000e+03
5.942000000000000000e+03
5.518000000000000000e+03
5.251000000000000000e+03
4.867000000000000000e+03
4.574000000000000000e+03
4.272000000000000000e+03
4.098000000000000000e+03
3.955000000000000000e+03
3.696000000000000000e+03
3.404000000000000000e+03
3.269000000000000000e+03
3.060000000000000000e+03
2.971000000000000000e+03
2.851000000000000000e+03
2.651000000000000000e+03
2.514000000000000000e+03
2.544000000000000000e+03
2.254000000000000000e+03
2.222000000000000000e+03
2.118000000000000000e+03
2.040000000000000000e+03
1.997000000000000000e+03
2.015000000000000000e+03
2.033000000000000000e+03
2.172000000000000000e+03
2.194000000000000000e+03
2.447000000000000000e+03
2.453000000000000000e+03
2.584000000000000000e+03
2.669000000000000000e+03
2.899000000000000000e+03
3.022000000000000000e+03
3.137000000000000000e+03
3.296000000000000000e+03
3.444000000000000000e+03
3.685000000000000000e+03
3.807000000000000000e+03
4.114000000000000000e+03
4.268000000000000000e+03
4.608000000000000000e+03
4.873000000000000000e+03
5.191000000000000000e+03
5.573000000000000000e+03
5.970000000000000000e+03
6.300000000000000000e+03
6.915000000000000000e+03
7.499000000000000000e+03
7.785000000000000000e+03
8.674000000000000000e+03
9.364000000000000000e+03
1.001300000000000000e+04
1.115500000000000000e+04
1.225200000000000000e+04
1.344800000000000000e+04
1.483100000000000000e+04
1.656200000000000000e+04
1.888100000000000000e+04
2.123300000000000000e+04
2.403600000000000000e+04
2.752500000000000000e+04
3.178000000000000000e+04
3.718600000000000000e+04
4.308500000000000000e+04
5.083300000000000000e+04
6.199100000000000000e+04
7.418800000000000000e+04
8.982900000000000000e+04
1.104140000000000000e+05
1.332380000000000000e+05
1.588550000000000000e+05
1.819600000000000000e+05
1.968550000000000000e+05
1.972030000000000000e+05
1.816560000000000000e+05
1.584300000000000000e+05
1.333630000000000000e+05
1.102530000000000000e+05
8.965200000000000000e+04
7.451900000000000000e+04
6.146100000000000000e+04
5.112300000000000000e+04
4.363000000000000000e+04
3.657400000000000000e+04
3.155700000000000000e+04
2.763500000000000000e+04
2.384200000000000000e+04
2.148900000000000000e+04
1.898600000000000000e+04
1.657800000000000000e+04
1.497700000000000000e+04
1.361900000000000000e+04
1.235300000000000000e+04
1.135400000000000000e+04
1.013100000000000000e+04
9.468000000000000000e+03
8.743000000000000000e+03
8.088000000000000000e+03
7.372000000000000000e+03
6.834000000000000000e+03
6.180000000000000000e+03
5.942000000000000000e+03
5.518000000000000000e+03
5.251000000000000000e+03
4.867000000000000000e+03
4.574000000000000000e+03
4.272000000000000000e+03
4.098000000000000000e+03
3.955000000000000000e+03
3.696000000000000000e+03
3.404000000000000000e+03
3.269000000000000000e+03
3.060000000000000000e+03
2.971000000000000000e+03
2.851000000000000000e+03
2.651000000000000000e+03
2.514000000000000000e+03
2.544000000000000000e+03
2.254000000000000000e+03
2.222000000000000000e+03
2.118000000000000000e+03
2.040000000000000000e+03
1.997000000000000000e+03
2.015000000000000000e+03
2.033000000000000000e+03
2.172000000000000000e+03
2.194000000000000000e+03
2.447000000000000000e+03
2.453000000000000000e+03
2.584000000000000000e+03
2.669000000000000000e+03
2.899000000000000000e+03
3.022000000000000000e+03
3.137000000000000000e+03
3.296000000000000000e+03
3.444000000000000000e+03
3.685000000000000000e+03
3.807000000000000000e+03
4.114000000000000000e+03
4.268000000000000000e+03
4.608000000000000000e+03
4.873000000000000000e+03
5.191000000000000000e+03
5.573000000000000000e+03
5.970000000000000000e+03
6.300000000000000000e+03
6.915000000000000000e+03
7.499000000000000000e+03
7.785000000000000000e+03
8.674000000000000000e+03
9.364000000000000000e+03
1.001300000000000000e+04
1.115500000000000000e+04
1.225200000000000000e+04
1.344800000000000000e+04
1.483100000000000000e+04
1.656200000000000000e+04
1.888100000000000000e+04
2.123300000000000000e+04
2.403600000000000000e+04
2.752500000000000000e+04
3.178000000000000000e+04
3.718600000000000000e+04
4.308500000000000000e+04
5.083300000000000000e+04
6.199100000000000000e+04
7.418800000000000000e+04
8.982900000000000000e+04
1.104140000000000000e+05
1.332380000000000000e+05
1.588550000000000000e+05
1.819600000000000000e+05
1.968550000000000000e+05
1.972030000000000000e+05
1.816560000000000000e+05
1.584300000000000000e+05
1.333630000000000000e+05
1.102530000000000000e+05
8.965200000000000000e+04
7.451900000000000000e+04
6.146100000000000000e+04
5.112300000000000000e+04
4.363000000000000000e+04
3.657400000000000000e+04
3.155700000000000000e+04
2.763500000000000000e+04
2.384200000000000000e+04
2.148900000000000000e+04
1.898600000000000000e+04
1.657800000000000000e+04
1.497700000000000000e+04
1.361900000000000000e+04
1.235300000000000000e+04
1.135400000000000000e+04
1.013100000000000000e+04
9.468000000000000000e+03
8.743000000000000000e+03
8.088000000000000000e+03
7.372000000000000000e+03
6.834000000000000000e+03
6.180000000000000000e+03
5.942000000000000000e+03
5.518000000000000000e+03
5.251000000000000000e+03
4.867000000000000000e+03
4.574000000000000000e+03
4.272000000000000000e+03
4.098000000000000000e+03
3.955000000000000000e+03
3.696000000000000000e+03
3.404000000000000000e+03
3.269000000000000000e+03
3.060000000000000000e+03
2.971000000000000000e+03
2.851000000000000000e+03
2.651000000000000000e+03
2.514000000000000000e+03
2.544000000000000000e+03
2.254000000000000000e+03
2.222000000000000000e+03
2.118000000000000000e+03
2.040000000000000000e+03
1.997000000000000000e+03
2.015000000000000000e+03
2.033000000000000000e+03
2.172000000000000000e+03
2.194000000000000000e+03
2.447000000000000000e+03
2.453000000000000000e+03
2.584000000000000000e+03
2.669000000000000000e+03
2.899000000000000000e+03
3.022000000000000000e+03
3.137000000000000000e+03
3.296000000000000000e+03
3.444000000000000000e+03
3.685000000000000000e+03
3.807000000000000000e+03
4.114000000000000000e+03
4.268000000000000000e+03
4.608000000000000000e+03
4.873000000000000000e+03
5.191000000000000000e+03
5.573000000000000000e+03
5.970000000000000000e+03
6.300000000000000000e+03
6.915000000000000000e+03
7.499000000000000000e+03
7.785000000000000000e+03
8.674000000000000000e+03
9.364000000000000000e+03
1.001300000000000000e+04
1.115500000000000000e+04
1.225200000000000000e+04
1.344800000000000000e+04
1.483100000000000000e+04
1.656200000000000000e+04
1.888100000000000000e+04
2.123300000000000000e+04
2.403600000000000000e+04
2.752500000000000000e+04
3.178000000000000000e+04
3.718600000000000000e+04
4.308500000000000000e+04
5.083300000000000000e+04
6.199100000000000000e+04
7.418800000000000000e+04
8.982900000000000000e+04
1.104140000000000000e+05
1.332380000000000000e+05
1.588550000000000000e+05
1.819600000000000000e+05
1.968550000000000000e+05
1.972030000000000000e+05
1.816560000000000000e+05
1.584300000000000000e+05
1.333630000000000000e+05
1.102530000000000000e+05
8.965200000000000000e+04
7.451900000000000000e+04
6.146100000000000000e+04
5.112300000000000000e+04
4.363000000000000000e+04
3.657400000000000000e+04
3.155700000000000000e+04
2.763500000000000000e+04
2.384200000000000000e+04
2.148900000000000000e+04
1.898600000000000000e+04
1.657800000000000000e+04
1.497700000000000000e+04
1.361900000000000000e+04
1.235300000000000000e+04
1.135400000000000000e+04
1.013100000000000000e+04
9.468000000000000000e+03
8.743000000000000000e+03
8.088000000000000000e+03
7.372000000000000000e+03
6.834000000000000000e+03
6.180000000000000000e+03
5.942000000000000000e+03
5.518000000000000000e+03
5.251000000000000000e+03
4.867000000000000000e+03
4.574000000000000000e+03
4.272000000000000000e+03
4.098000000000000000e+03
3.955000000000000000e+03
3.696000000000000000e+03
3.404000000000000000e+03
3.269000000000000000e+03
3.060000000000000000e+03
2.971000000000000000e+03
2.851000000000000000e+03
2.651000000000000000e+03
2.514000000000000000e+03
2.544000000000000000e+03
2.254000000000000000e+03
2.222000000000000000e+03
2.118000000000000000e+03
2.040000000000000000e+03
1.997000000000000000e+03
2.015000000000000000e+03
2.033000000000000000e+03
2.172000000000000000e+03
2.194000000000000000e+03
2.447000000000000000e+03
2.453000000000000000e+03
2.584000000000000000e+03
2.669000000000000000e+03
2.899000000000000000e+03
3.022000000000000000e+03
3.137000000000000000e+03
3.296000000000000000e+03
3.444000000000000000e+03
3.685000000000000000e+03
3.807000000000000000e+03
4.114000000000000000e+03
4.268000000000000000e+03
4.608000000000000000e+03
4.873000000000000000e+03
5.191000000000000000e+03
5.573000000000000000e+03
5.970000000000000000e+03
6.300000000000000000e+03
6.915000000000000000e+03
7.499000000000000000e+03
7.785000000000000000e+03
8.674000000000000000e+03
9.364000000000000000e+03
1.001300000000000000e+04
1.115500000000000000e+04
1.225200000000000000e+04
1.344800000000000000e+04
1.483100000000000000e+04
1.656200000000000000e+04
1.888100000000000000e+04
2.123300000000000000e+04
2.403600000000000000e+04
2.752500000000000000e+04
3.178000000000000000e+04
3.718600000000000000e+04
4.308500000000000000e+04
5.083300000000000000e+04
6.199100000000000000e+04
7.418800000000000000e+04
8.982900000000000000e+04
1.104140000000000000e+05
1.332380000000000000e+05
1.588550000000000000e+05
1.819600000000000000e+05
1.968550000000000000e+05
1.972030000000000000e+05
1.816560000000000000e+05
1.584300000000000000e+05
1.333630000000000000e+05
1.102530000000000000e+05
8.965200000000000000e+04
7.451900000000000000e+04
6.146100000000000000e+04
5.112300000000000000e+04
4.363000000000000000e+04
3.657400000000000000e+04
3.155700000000000000e+04
2.763500000000000000e+04
2.384200000000000000e+04
2.148900000000000000e+04
1.898600000000000000e+04
1.657800000000000000e+04
1.497700000000000000e+04
1.361900000000000000e+04
1.235300000000000000e+04
1.135400000000000000e+04
1.013100000000000000e+04
9.468000000000000000e+03
8.743000000000000000e+03
8.088000000000000000e+03
7.372000000000000000e+03
6.834000000000000000e+03
6.180000000000000000e+03
5.942000000000000000e+03
5.518000000000000000e+03
5.251000000000000000e+03
4.867000000000000000e+03
4.574000000000000000e+03
4.272000000000000000e+03
4.098000000000000000e+03
3.955000000000000000e+03
3.696000000000000000e+03
3.404000000000000000e+03
3.269000000000000000e+03
3.060000000000000000e+03
2.971000000000000000e+03
2.851000000000000000e+03
2.651000000000000000e+03
2.514000000000000000e+03
2.544000000000000000e+03
2.254000000000000000e+03
2.222000000000000000e+03
2.118000000000000000e+03
2.040000000000000000e+03
1.997000000000000000e+03
2.015000000000000000e+03
2.033000000000000000e+03
2.172000000000000000e+03
2.194000000000000000e+03
2.447000000000000000e+03
2.453000000000000000e+03
2.584000000000000000e+03
2.669000000000000000e+03
2.899000000000000000e+03
3.022000000000000000e+03
3.137000000000000000e+03
3.296000000000000000e+03
3.444000000000000000e+03
3.685000000000000000e+03
3.807000000000000000e+03
4.114000000000000000e+03
4.268000000000000000e+03
4.608000000000000000e+03
4.873000000000000000e+03
5.191000000000000000e+03
5.573000000000000000e+03
5.970000000000000000e+03
6.300000000000000000e+03
6.915000000000000000e+03
7.499000000000000000e+03
7.785000000000000000e+03
8.674000000000000000e+03
9.364000000000000000e+03
1.001300000000000000e+04
1.115500000000000000e+04
1.225200000000000000e+04
1.344800000000000000e+04
1.483100000000000000e+04
1.656200000000000000e+04
1.888100000000000000e+04
2.123300000000000000e+04
2.403600000000000000e+04
2.752500000000000000e+04
3.178000000000000000e+04
3.718600000000000000e+04
4.308500000000000000e+04
5.083300000000000000e+04
6.199100000000000000e+04
7.418800000000000000e+04
8.982900000000000000e+04
1.104140000000000000e+05
1.332380000000000000e+05
1.588550000000000000e+05
1.819600000000000000e+05
1.968550000000000000e+05
1.972030000000000000e+05
1.816560000000000000e+05
1.584300000000000000e+05
1.333630000000000000e+05
1.102530000000000000e+05
8.965200000000000000e+04
7.451900000000000000e+04
6.146100000000000000e+04
5.112300000000000000e+04
4.363000000000000000e+04
3.657400000000000000e+04
3.155700000000000000e+04
2.763500000000000000e+04
2.384200000000000000e+04
2.148900000000000000e+04
1.898600000000000000e+04
1.657800000000000000e+04
1.497700000000000000e+04
1.361900000000000000e+04
1.235300000000000000e+04
1.135400000000000000e+04
1.013100000000000000e+04
9.468000000000000000e+03
8.743000000000000000e+03
8.088000000000000000e+03
7.372000000000000000e+03
6.834000000000000000e+03
6.180000000000000000e+03
5.942000000000000000e+03
5.518000000000000000e+03
5.251000000000000000e+03
4.867000000000000000e+03
4.574000000000000000e+03
4.272000000000000000e+03
4.098000000000000000e+03
3.955000000000000000e+03
3.696000000000000000e+03
3.404000000000000000e+03
3.269000000000000000e+03
3.060000000000000000e+03
2.971000000000000000e+03
2.851000000000000000e+03
2.651000000000000000e+03
2.514000000000000000e+03
2.544000000000000000e+03
2.254000000000000000e+03
2.222000000000000000e+03
2.118000000000000000e+03
2.040000000000000000e+03
1.997000000000000000e+03
2.015000000000000000e+03
2.033000000000000000e+03
2.172000000000000000e+03
2.194000000000000000e+03
2.447000000000000000e+03
2.453000000000000000e+03
2.584000000000000000e+03
2.669000000000000000e+03
2.899000000000000000e+03
3.022000000000000000e+03
3.137000000000000000e+03
3.296000000000000000e+03
3.444000000000000000e+03
3.685000000000000000e+03
3.807000000000000000e+03
4.114000000000000000e+03
4.268000000000000000e+03
4.608000000000000000e+03
4.873000000000000000e+03
5.191000000000000000e+03
5.573000000000000000e+03
5.970000000000000000e+03
6.300000000000000000e+03
6.915000000000000000e+03
7.499000000000000000e+03
7.785000000000000000e+03
8.674000000000000000e+03
9.364000000000000000e+03
1.001300000000000000e+04
1.115500000000000000e+04
1.225200000000000000e+04
1.344800000000000000e+04
1.483100000000000000e+04
1.656200000000000000e+04
1.888100000000000000e+04
2.123300000000000000e+04
2.403600000000000000e+04
2.752500000000000000e+04
3.178000000000000000e+04
3.718600000000000000e+04
4.308500000000000000e+04
5.083300000000000000e+04
6.199100000000000000e+04
7.418800000000000000e+04
8.982900000000000000e+04
1.104140000000000000e+05
1.332380000000000000e+05
1.588550000000000000e+05
1.819600000000000000e+05
1.968550000000000000e+05
1.972030000000000000e+05
1.816560000000000000e+05
1.584300000000000000e+05
1.333630000000000000e+05
1.102530000000000000e+05
8.965200000000000000e+04
7.451900000000000000e+04
6.146100000000000000e+04
5.112300000000000000e+04
4.363000000000000000e+04
3.657400000000000000e+04
3.155700000000000000e+04
2.763500000000000000e+04
2.384200000000000000e+04
2.148900000000000000e+04
1.898600000000000000e+04
1.657800000000000000e+04
1.497700000000000000e+04
1.361900000000000000e+04
1.235300000000000000e+04
1.135400000000000000e+04
1.013100000000000000e+04
9.468000000000000000e+03
8.743000000000000000e+03
8.088000000000000000e+03
7.372000000000000000e+03
6.834000000000000000e+03
6.180000000000000000e+03
5.942000000000000000e+03
5.518000000000000000e+03
5.251000000000000000e+03
4.867000000000000000e+03
4.574000000000000000e+03
4.272000000000000000e+03
4.098000000000000000e+03
3.955000000000000000e+03
3.696000000000000000e+03
3.404000000000000000e+03
3.269000000000000000e+03
3.060000000000000000e+03
2.971000000000000000e+03
2.851000000000000000e+03
2.651000000000000000e+03
2.514000000000000000e+03
2.544000000000000000e+03
2.254000000000000000e+03
2.222000000000000000e+03
2.118000000000000000e+03
2.040000000000000000e+03
1.997000000000000000e+03
2.015000000000000000e+03
2.033000000000000000e+03
2.172000000000000000e+03
2.194000000000000000e+03
2.447000000000000000e+03
2.453000000000000000e+03
2.584000000000000000e+03
2.669000000000000000e+03
2.899000000000000000e+03
3.022000000000000000e+03
3.137000000000000000e+03
3.296000000000000000e+03
3.444000000000000000e+03
3.685000000000000000e+03
3.807000000000000000e+03
4.114000000000000000e+03
4.268000000000000000e+03
4.608000000000000000e+03
4.873000000000000000e+03
5.191000000000000000e+03
5.573000000000000000e+03
5.970000000000000000e+03
6.300000000000000000e+03
6.915000000000000000e+03
7.499000000000000000e+03
7.785000000000000000e+03
8.674000000000000000e+03
9.364000000000000000e+03
1.001300000000000000e+04
1.115500000000000000e+04
1.225200000000000000e+04
1.344800000000000000e+04
1.483100000000000000e+04
1.656200000000000000e+04
1.888100000000000000e+04
2.123300000000000000e+04
2.403600000000000000e+04
2.752500000000000000e+04
3.178000000000000000e+04
3.718600000000000000e+04
4.308500000000000000e+04
5.083300000000000000e+04
6.199100000000000000e+04
7.418800000000000000e+04
8.982900000000000000e+04
1.104140000000000000e+05
1.332380000000000000e+05
1.588550000000000000e+05
1.819600000000000000e+05
1.968550000000000000e+05
1.972030000000000000e+05
1.816560000000000000e+05
1.584300000000000000e+05
1.333630000000000000e+05
1.102530000000000000e+05
8.965200000000000000e+04
7.451900000000000000e+04
6.146100000000000000e+04
5.112300000000000000e+04
4.363000000000000000e+04
3.657400000000000000e+04
3.155700000000000000e+04
2.763500000000000000e+04
2.384200000000000000e+04
2.148900000000000000e+04
1.898600000000000000e+04
1.657800000000000000e+04
1.497700000000000000e+04
1.361900000000000000e+04
1.235300000000000000e+04
1.135400000000000000e+04
1.013100000000000000e+04
9.468000000000000000e+03
8.743000000000000000e+03
8.088000000000000000e+03
7.372000000000000000e+03
6.834000000000000000e+03
6.180000000000000000e+03
5.942000000000000000e+03
5.518000000000000000e+03
5.251000000000000000e+03
4.867000000000000000e+03
4.574000000000000000e+03
4.272000000000000000e+03
4.098000000000000000e+03
3.955000000000000000e+03
3.696000000000000000e+03
3.404000000000000000e+03
3.269000000000000000e+03
3.060000000000000000e+03
2.971000000000000000e+03
2.851000000000000000e+03
2.651000000000000000e+03
2.514000000000000000e+03
2.544000000000000000e+03
2.254000000000000000e+03
2.222000000000000000e+03
2.118000000000000000e+03
2.040000000000000000e+03
1.997000000000000000e+03
2.015000000000000000e+03
2.033000000000000000e+03
2.172000000000000000e+03
2.194000000000000000e+03
2.447000000000000000e+03
2.453000000000000000e+03
2.584000000000000000e+03
2.669000000000000000e+03
2.899000000000000000e+03
3.022000000000000000e+03
3.137000000000000000e+03
3.296000000000000000e+03
3.444000000000000000e+03
3.685000000000000000e+03
3.807000000000000000e+03
4.114000000000000000e+03
4.268000000000000000e+03
4.608000000000000000e+03
4.873000000000000000e+03
5.191000000000000000e+03
5.573000000000000000e+03
5.970000000000000000e+03
6.300000000000000000e+03
6.915000000000000000e+03
7.499000000000000000e+03
7.785000000000000000e+03
8.674000000000000000e+03
9.364000000000000000e+03
1.001300000000000000e+04
1.115500000000000000e+04
1.225200000000000000e+04
1.344800000000000000e+04
1.483100000000000000e+04
1.656200000000000000e+04
1.888100000000000000e+04
2.123300000000000000e+04
2.403600000000000000e+04
2.752500000000000000e+04
3.178000000000000000e+04
3.718600000000000000e+04
4.308500000000000000e+04
5.083300000000000000e+04
6.199100000000000000e+04
7.418800000000000000e+04
8.982900000000000000e+04
1.104140000000000000e+05
1.332380000000000000e+05
1.588550000000000000e+05
1.819600000000000000e+05
1.968550000000000000e+05
1.972030000000000000e+05
1.816560000000000000e+05
1.584300000000000000e+05
1.333630000000000000e+05
1.102530000000000000e+05
8.965200000000000000e+04
7.451900000000000000e+04
6.146100000000000000e+04
5.112300000000000000e+04
4.363000000000000000e+04
3.657400000000000000e+04
3.155700000000000000e+04
2.763500000000000000e+04
2.384200000000000000e+04
2.148900000000000000e+04
1.898600000000000000e+04
1.657800000000000000e+04
1.497700000000000000e+04
1.361900000000000000e+04
1.235300000000000000e+04
1.135400000000000000e+04
1.013100000000000000e+04
9.468000000000000000e+03
8.743000000000000000e+03
8.088000000000000000e+03
7.372000000000000000e+03
6.834000000000000000e+03
6.180000000000000000e+03
5.942000000000000000e+03
5.518000000000000000e+03
5.251000000000000000e+03
4.867000000000000000e+03
4.574000000000000000e+03
4.272000000000000000e+03
4.098000000000000000e+03
3.955000000000000000e+03
3.696000000000000000e+03
3.404000000000000000e+03
3.269000000000000000e+03
3.060000000000000000e+03
2.971000000000000000e+03
2.851000000000000000e+03
2.651000000000000000e+03
2.514000000000000000e+03
2.544000000000000000e+03
2.254000000000000000e+03
2.222000000000000000e+03
2.118000000000000000e+03
2.040000000000000000e+03
1.997000000000000000e+03
2.015000000000000000e+03
2.033000000000000000e+03
2.172000000000000000e+03
2.194000000000000000e+03
2.447000000000000000e+03
2.453000000000000000e+03
2.584000000000000000e+03
2.669000000000000000e+03
2.899000000000000000e+03
3.022000000000000000e+03
3.137000000000000000e+03
3.296000000000000000e+03
3.444000000000000000e+03
3.685000000000000000e+03
3.807000000000000000e+03
4.114000000000000000e+03
4.268000000000000000e+03
4.608000000000000000e+03
4.873000000000000000e+03
5.191000000000000000e+03
5.573000000000000000e+03
5.970000000000000000e+03
6.300000000000000000e+03
6.915000000000000000e+03
7.499000000000000000e+03
7.785000000000000000e+03
8.674000000000000000e+03
9.364000000000000000e+03
1.001300000000000000e+04
1.115500000000000000e+04
1.225200000000000000e+04
1.344800000000000000e+04
1.483100000000000000e+04
1.656200000000000000e+04
1.888100000000000000e+04
2.123300000000000000e+04
2.403600000000000000e+04
2.752500000000000000e+04
3.178000000000000000e+04
3.718600000000000000e+04
4.308500000000000000e+04
5.083300000000000000e+04
6.199100000000000000e+04
7.418800000000000000e+04
8.982900000000000000e+04
1.104140000000000000e+05
1.332380000000000000e+05
1.588550000000000000e+05
1.819600000000000000e+05
1.968550000000000000e+05
1.972030000000000000e+05
1.816560000000000000e+05
1.584300000000000000e+05
1.333630000000000000e+05
1.102530000000000000e+05
8.965200000000000000e+04
7.451900000000000000e+04
6.146100000000000000e+04
5.112300000000000000e+04
4.363000000000000000e+04
3.657400000000000000e+04
3.155700000000000000e+04
2.763500000000000000e+04
2.384200000000000000e+04
2.148900000000000000e+04
1.898600000000000000e+04
1.657800000000000000e+04
1.497700000000000000e+04
1.361900000000000000e+04
1.235300000000000000e+04
1.135400000000000000e+04
1.013100000000000000e+04
9.468000000000000000e+03
8.743000000000000000e+03
8.088000000000000000e+03
7.372000000000000000e+03
6.834000000000000000e+03
6.180000000000000000e+03
5.942000000000000000e+03
5.518000000000000000e+03
5.251000000000000000e+03
4.867000000000000000e+03
4.574000000000000000e+03
4.272000000000000000e+03
4.098000000000000000e+03
3.955000000000000000e+03
3.696000000000000000e+03
3.404000000000000000e+03
3.269000000000000000e+03
3.060000000000000000e+03
2.971000000000000000e+03
2.851000000000000000e+03
2.651000000000000000e+03
2.514000000000000000e+03
2.544000000000000000e+03
2.254000000000000000e+03
2.222000000000000000e+03
2.118000000000000000e+03
2.040000000000000000e+03
1.997000000000000000e+03
2.015000000000000000e+03
2.033000000000000000e+03
2.172000000000000000e+03
2.194000000000000000e+03
2.447000000000000000e+03
2.453000000000000000e+03
2.584000000000000000e+03
2.669000000000000000e+03
2.899000000000000000e+03
3.022000000000000000e+03
3.137000000000000000e+03
3.296000000000000000e+03
3.444000000000000000e+03
3.685000000000000000e+03
3.807000000000000000e+03
4.114000000000000000e+03
4.268000000000000000e+03
4.608000000000000000e+03
4.873000000000000000e+03
5.191000000000000000e+03
5.573000000000000000e+03
5.970000000000000000e+03
6.300000000000000000e+03
6.915000000000000000e+03
7.499000000000000000e+03
7.785000000000000000e+03
8.674000000000000000e+03
9.364000000000000000e+03
1.001300000000000000e+04
1.115500000000000000e+04
1.225200000000000000e+04
1.344800000000000000e+04
1.483100000000000000e+04
1.656200000000000000e+04
1.888100000000000000e+04
2.123300000000000000e+04
2.403600000000000000e+04
2.752500000000000000e+04
3.178000000000000000e+04
3.718600000000000000e+04
4.308500000000000000e+04
5.083300000000000000e+04
6.199100000000000000e+04
7.418800000000000000e+04
8.982900000000000000e+04
1.104140000000000000e+05
1.332380000000000000e+05
1.588550000000000000e+05
1.819600000000000000e+05
1.968550000000000000e+05
1.972030000000000000e+05
1.816560000000000000e+05
1.584300000000000000e+05
1.333630000000000000e+05
1.102530000000000000e+05
8.965200000000000000e+04
7.451900000000000000e+04
6.146100000000000000e+04
5.112300000000000000e+04
4.363000000000000000e+04
3.657400000000000000e+04
3.155700000000000000e+04
2.763500000000000000e+04
2.384200000000000000e+04
2.148900000000000000e+04
1.898600000000000000e+04
1.657800000000000000e+04
1.497700000000000000e+04
1.361900000000000000e+04
1.235300000000000000e+04
1.135400000000000000e+04
1.013100000000000000e+04
9.468000000000000000e+03
8.743000000000000000e+03
8.088000000000000000e+03
7.372000000000000000e+03
6.834000000000000000e+03
6.180000000000000000e+03
5.942000000000000000e+03
5.518000000000000000e+03
5.251000000000000000e+03
4.867000000000000000e+03
4.574000000000000000e+03
4.272000000000000000e+03
4.098000000000000000e+03
3.955000000000000000e+03
3.696000000000000000e+03
3.404000000000000000e+03
3.269000000000000000e+03
3.060000000000000000e+03
2.971000000000000000e+03
2.851000000000000000e+03
2.651000000000000000e+03
2.514000000000000000e+03
2.544000000000000000e+03
2.254000000000000000e+03
2.222000000000000000e+03
2.118000000000000000e+03
2.040000000000000000e+03
1.997000000000000000e+03
2.015000000000000000e+03
2.033000000000000000e+03
2.172000000000000000e+03
2.194000000000000000e+03
2.447000000000000000e+03
2.453000000000000000e+03
2.584000000000000000e+03
2.669000000000000000e+03
2.899000000000000000e+03
3.022000000000000000e+03
3.137000000000000000e+03
3.296000000000000000e+03
3.444000000000000000e+03
3.685000000000000000e+03
3.807000000000000000e+03
4.114000000000000000e+03
4.268000000000000000e+03
4.608000000000000000e+03
4.873000000000000000e+03
5.191000000000000000e+03
5.573000000000000000e+03
5.970000000000000000e+03
6.300000000000000000e+03
6.915000000000000000e+03
7.499000000000000000e+03
7.785000000000000000e+03
8.674000000000000000e+03
9.364000000000000000e+03
1.001300000000000000e+04
1.115500000000000000e+04
1.225200000000000000e+04
1.344800000000000000e+04
1.483100000000000000e+04
1.656200000000000000e+04
1.888100000000000000e+04
2.123300000000000000e+04
2.403600000000000000e+04
2.752500000000000000e+04
3.178000000000000000e+04
3.718600000000000000e+04
4.308500000000000000e+04
5.083300000000000000e+04
6.199100000000000000e+04
7.418800000000000000e+04
8.982900000000000000e+04
1.104140000000000000e+05
1.332380000000000000e+05
1.588550000000000000e+05
1.819600000000000000e+05
1.968550000000000000e+05
1.972030000000000000e+05
1.816560000000000000e+05
1.584300000000000000e+05
1.333630000000000000e+05
1.102530000000000000e+05
8.965200000000000000e+04
7.451900000000000000e+04
6.146100000000000000e+04
5.112300000000000000e+04
4.363000000000000000e+04
3.657400000000000000e+04
3.155700000000000000e+04
2.763500000000000000e+04
2.384200000000000000e+04
2.148900000000000000e+04
1.898600000000000000e+04
1.657800000000000000e+04
1.497700000000000000e+04
1.361900000000000000e+04
1.235300000000000000e+04
1.135400000000000000e+04
1.013100000000000000e+04
9.468000000000000000e+03
8.743000000000000000e+03
8.088000000000000000e+03
7.372000000000000000e+03
6.834000000000000000e+03
6.180000000000000000e+03
5.942000000000000000e+03
5.518000000000000000e+03
5.251000000000000000e+03
4.867000000000000000e+03
4.574000000000000000e+03
4.272000000000000000e+03
4.098000000000000000e+03
3.955000000000000000e+03
3.696000000000000000e+03
3.404000000000000000e+03
3.269000000000000000e+03
3.060000000000000000e+03
2.971000000000000000e+03
2.851000000000000000e+03
2.651000000000000000e+03
2.514000000000000000e+03
2.544000000000000000e+03
2.254000000000000000e+03
2.222000000000000000e+03
2.118000000000000000e+03
2.040000000000000000e+03
1.997000000000000000e+03
2.015000000000000000e+03
2.033000000000000000e+03
2.172000000000000000e+03
2.194000000000000000e+03
2.447000000000000000e+03
2.453000000000000000e+03
2.584000000000000000e+03
2.669000000000000000e+03
2.899000000000000000e+03
3.022000000000000000e+03
3.137000000000000000e+03
3.296000000000000000e+03
3.444000000000000000e+03
3.685000000000000000e+03
3.807000000000000000e+03
4.114000000000000000e+03
4.268000000000000000e+03
4.608000000000000000e+03
4.873000000000000000e+03
5.191000000000000000e+03
5.573000000000000000e+03
5.970000000000000000e+03
6.300000000000000000e+03
6.915000000000000000e+03
7.499000000000000000e+03
7.785000000000000000e+03
8.674000000000000000e+03
9.364000000000000000e+03
1.001300000000000000e+04
1.115500000000000000e+04
1.225200000000000000e+04
1.344800000000000000e+04
1.483100000000000000e+04
1.656200000000000000e+04
1.888100000000000000e+04
2.123300000000000000e+04
2.403600000000000000e+04
2.752500000000000000e+04
3.178000000000000000e+04
3.718600000000000000e+04
4.308500000000000000e+04
5.083300000000000000e+04
6.199100000000000000e+04
7.418800000000000000e+04
8.982900000000000000e+04
1.104140000000000000e+05
1.332380000000000000e+05
1.588550000000000000e+05
1.819600000000000000e+05
1.968550000000000000e+05
1.972030000000000000e+05
1.816560000000000000e+05
1.584300000000000000e+05
1.333630000000000000e+05
1.102530000000000000e+05
8.965200000000000000e+04
7.451900000000000000e+04
6.146100000000000000e+04
5.112300000000000000e+04
4.363000000000000000e+04
3.657400000000000000e+04
3.155700000000000000e+04
2.763500000000000000e+04
2.384200000000000000e+04
2.148900000000000000e+04
1.898600000000000000e+04
1.657800000000000000e+04
1.497700000000000000e+04
1.361900000000000000e+04
1.235300000000000000e+04
1.135400000000000000e+04
1.013100000000000000e+04
9.468000000000000000e+03
8.743000000000000000e+03
8.088000000000000000e+03
7.372000000000000000e+03
6.834000000000000000e+03
6.180000000000000000e+03
5.942000000000000000e+03
5.518000000000000000e+03
5.251000000000000000e+03
4.867000000000000000e+03
4.574000000000000000e+03
4.272000000000000000e+03
4.098000000000000000e+03
3.955000000000000000e+03
3.696000000000000000e+03
3.404000000000000000e+03
3.269000000000000000e+03
3.060000000000000000e+03
2.971000000000000000e+03
2.851000000000000000e+03
2.651000000000000000e+03
2.514000000000000000e+03
2.544000000000000000e+03
2.254000000000000000e+03
2.222000000000000000e+03
2.118000000000000000e+03
2.040000000000000000e+03
1.997000000000000000e+03
2.015000000000000000e+03
2.033000000000000000e+03
2.172000000000000000e+03
2.194000000000000000e+03
2.447000000000000000e+03
2.453000000000000000e+03
2.584000000000000000e+03
2.669000000000000000e+03
2.899000000000000000e+03
3.022000000000000000e+03
3.137000000000000000e+03
3.296000000000000000e+03
3.444000000000000000e+03
3.685000000000000000e+03
3.807000000000000000e+03
4.114000000000000000e+03
4.268000000000000000e+03
4.608000000000000000e+03
4.873000000000000000e+03
5.191000000000000000e+03
5.573000000000000000e+03
5.970000000000000000e+03
6.300000000000000000e+03
6.915000000000000000e+03
7.499000000000000000e+03
7.785000000000000000e+03
8.674000000000000000e+03
9.364000000000000000e+03
1.001300000000000000e+04
1.115500000000000000e+04
1.225200000000000000e+04
1.344800000000000000e+04
1.483100000000000000e+04
1.656200000000000000e+04
1.888100000000000000e+04
2.123300000000000000e+04
2.403600000000000000e+04
2.752500000000000000e+04
3.178000000000000000e+04
3.718600000000000000e+04
4.308500000000000000e+04
5.083300000000000000e+04
6.199100000000000000e+04
7.418800000000000000e+04
8.982900000000000000e+04
1.104140000000000000e+05
1.332380000000000000e+05
1.588550000000000000e+05
1.819600000000000000e+05
1.968550000000000000e+05
1.972030000000000000e+05
1.816560000000000000e+05
1.584300000000000000e+05
1.333630000000000000e+05
1.102530000000000000e+05
8.965200000000000000e+04
7.451900000000000000e+04
6.146100000000000000e+04
5.112300000000000000e+04
4.363000000000000000e+04
3.657400000000000000e+04
3.155700000000000000e+04
2.763500000000000000e+04
2.384200000000000000e+04
2.148900000000000000e+04
1.898600000000000000e+04
1.657800000000000000e+04
1.497700000000000000e+04
1.361900000000000000e+04
1.235300000000000000e+04
1.135400000000000000e+04
1.013100000000000000e+04
9.468000000000000000e+03
8.743000000000000000e+03
8.088000000000000000e+03
7.372000000000000000e+03
6.834000000000000000e+03
6.180000000000000000e+03
5.942000000000000000e+03
5.518000000000000000e+03
5.251000000000000000e+03
4.867000000000000000e+03
4.574000000000000000e+03
4.272000000000000000e+03
4.098000000000000000e+03
3.955000000000000000e+03
3.696000000000000000e+03
3.404000000000000000e+03
3.269000000000000000e+03
3.060000000000000000e+03
2.971000000000000000e+03
2.851000000000000000e+03
2.651000000000000000e+03
2.514000000000000000e+03
2.544000000000000000e+03
2.254000000000000000e+03
2.222000000000000000e+03
2.118000000000000000e+03
2.040000000000000000e+03
1.997000000000000000e+03
2.015000000000000000e+03
2.033000000000000000e+03
2.172000000000000000e+03
2.194000000000000000e+03
2.447000000000000000e+03
2.453000000000000000e+03
2.584000000000000000e+03
2.669000000000000000e+03
2.899000000000000000e+03
3.022000000000000000e+03
3.137000000000000000e+03
3.296000000000000000e+03
3.444000000000000000e+03
3.685000000000000000e+03
3.807000000000000000e+03
4.114000000000000000e+03
4.268000000000000000e+03
4.608000000000000000e+03
4.873000000000000000e+03
5.191000000000000000e+03
5.573000000000000000e+03
5.970000000000000000e+03
6.300000000000000000e+03
6.915000000000000000e+03
7.499000000000000000e+03
7.785000000000000000e+03
8.674000000000000000e+03
9.364000000000000000e+03
1.001300000000000000e+04
1.115500000000000000e+04
1.225200000000000000e+04
1.344800000000000000e+04
1.483100000000000000e+04
1.656200000000000000e+04
1.888100000000000000e+04
2.123300000000000000e+04
2.403600000000000000e+04
2.752500000000000000e+04
3.178000000000000000e+04
3.718600000000000000e+04
4.308500000000000000e+04
5.083300000000000000e+04
6.199100000000000000e+04
7.418800000000000000e+04
8.982900000000000000e+04
1.104140000000000000e+05
1.332380000000000000e+05
1.588550000000000000e+05
1.819600000000000000e+05
1.968550000000000000e+05
1.972030000000000000e+05
1.816560000000000000e+05
1.584300000000000000e+05
1.333630000000000000e+05
1.102530000000000000e+05
8.965200000000000000e+04
7.451900000000000000e+04
6.146100000000000000e+04
5.112300000000000000e+04
4.363000000000000000e+04
3.657400000000000000e+04
3.155700000000000000e+04
2.763500000000000000e+04
2.384200000000000000e+04
2.148900000000000000e+04
1.898600000000000000e+04
1.657800000000000000e+04
1.497700000000000000e+04
1.361900000000000000e+04
1.235300000000000000e+04
1.135400000000000000e+04
1.013100000000000000e+04
9.468000000000000000e+03
8.743000000000000000e+03
8.088000000000000000e+03
7.372000000000000000e+03
6.834000000000000000e+03
6.180000000000000000e+03
5.942000000000000000e+03
5.518000000000000000e+03
5.251000000000000000e+03
4.867000000000000000e+03
4.574000000000000000e+03
4.272000000000000000e+03
4.098000000000000000e+03
3.955000000000000000e+03
3.696000000000000000e+03
3.404000000000000000e+03
3.269000000000000000e+03
3.060000000000000000e+03
2.971000000000000000e+03
2.851000000000000000e+03
2.651000000000000000e+03
2.514000000000000000e+03
2.544000000000000000e+03
2.254000000000000000e+03
2.222000000000000000e+03
2.118000000000000000e+03
2.040000000000000000e+03
1.997000000000000000e+03
2.015000000000000000e+03
2.033000000000000000e+03
2.172000000000000000e+03
2.194000000000000000e+03
2.447000000000000000e+03
2.453000000000000000e+03
2.584000000000000000e+03
2.669000000000000000e+03
2.899000000000000000e+03
3.022000000000000000e+03
3.137000000000000000e+03
3.296000000000000000e+03
3.444000000000000000e+03
3.685000000000000000e+03
3.807000000000000000e+03
4.114000000000000000e+03
4.268000000000000000e+03
4.608000000000000000e+03
4.873000000000000000e+03
5.191000000000000000e+03
5.573000000000000000e+03
5.970000000000000000e+03
6.300000000000000000e+03
6.915000000000000000e+03
7.499000000000000000e+03
7.785000000000000000e+03
8.674000000000000000e+03
9.364000000000000000e+03
1.001300000000000000e+04
1.115500000000000000e+04
1.225200000000000000e+04
1.344800000000000000e+04
1.483100000000000000e+04
1.656200000000000000e+04
1.888100000000000000e+04
2.123300000000000000e+04
2.403600000000000000e+04
2.752500000000000000e+04
3.178000000000000000e+04
3.718600000000000000e+04
4.308500000000000000e+04
5.083300000000000000e+04
6.199100000000000000e+04
7.418800000000000000e+04
8.982900000000000000e+04
1.104140000000000000e+05
1.332380000000000000e+05
1.588550000000000000e+05
1.819600000000000000e+05
1.968550000000000000e+05
1.972030000000000000e+05
1.816560000000000000e+05
1.584300000000000000e+05
1.333630000000000000e+05
1.102530000000000000e+05
8.965200000000000000e+04
7.451900000000000000e+04
6.146100000000000000e+04
5.112300000000000000e+04
4.363000000000000000e+04
3.657400000000000000e+04
3.155700000000000000e+04
2.763500000000000000e+04
2.384200000000000000e+04
2.148900000000000000e+04
1.898600000000000000e+04
1.657800000000000000e+04
1.497700000000000000e+04
1.361900000000000000e+04
1.235300000000000000e+04
1.135400000000000000e+04
1.013100000000000000e+04
9.468000000000000000e+03
8.743000000000000000e+03
8.088000000000000000e+03
7.372000000000000000e+03
6.834000000000000000e+03
6.180000000000000000e+03
5.942000000000000000e+03
5.518000000000000000e+03
5.251000000000000000e+03
4.867000000000000000e+03
4.574000000000000000e+03
4.272000000000000000e+03
4.098000000000000000e+03
3.955000000000000000e+03
3.696000000000000000e+03
3.404000000000000000e+03
3.269000000000000000e+03
3.060000000000000000e+03
2.971000000000000000e+03
2.851000000000000000e+03
2.651000000000000000e+03
2.514000000000000000e+03
2.544000000000000000e+03
2.254000000000000000e+03
2.222000000000000000e+03
2.118000000000000000e+03
2.040000000000000000e+03
1.997000000000000000e+03
2.015000000000000000e+03
2.033000000000000000e+03
2.172000000000000000e+03
2.194000000000000000e+03
2.447000000000000000e+03
2.453000000000000000e+03
2.584000000000000000e+03
2.669000000000000000e+03
2.899000000000000000e+03
3.022000000000000000e+03
3.137000000000000000e+03
3.296000000000000000e+03
3.444000000000000000e+03
3.685000000000000000e+03
3.807000000000000000e+03
4.114000000000000000e+03
4.268000000000000000e+03
4.608000000000000000e+03
4.873000000000000000e+03
5.191000000000000000e+03
5.573000000000000000e+03
5.970000000000000000e+03
6.300000000000000000e+03
6.915000000000000000e+03
7.499000000000000000e+03
7.785000000000000000e+03
8.674000000000000000e+03
9.364000000000000000e+03
1.001300000000000000e+04
1.115500000000000000e+04
1.225200000000000000e+04
1.344800000000000000e+04
1.483100000000000000e+04
1.656200000000000000e+04
1.888100000000000000e+04
2.123300000000000000e+04
2.403600000000000000e+04
2.752500000000000000e+04
3.178000000000000000e+04
3.718600000000000000e+04
4.308500000000000000e+04
5.083300000000000000e+04
6.199100000000000000e+04
7.418800000000000000e+04
8.982900000000000000e+04
1.104140000000000000e+05
1.332380000000000000e+05
1.588550000000000000e+05
1.819600000000000000e+05
1.968550000000000000e+05
1.972030000000000000e+05
1.816560000000000000e+05
1.584300000000000000e+05
1.333630000000000000e+05
1.102530000000000000e+05
8.965200000000000000e+04
7.451900000000000000e+04
6.146100000000000000e+04
5.112300000000000000e+04
4.363000000000000000e+04
3.657400000000000000e+04
3.155700000000000000e+04
2.763500000000000000e+04
2.384200000000000000e+04
2.148900000000000000e+04
1.898600000000000000e+04
1.657800000000000000e+04
1.497700000000000000e+04
1.361900000000000000e+04
1.235300000000000000e+04
1.135400000000000000e+04
1.013100000000000000e+04
9.468000000000000000e+03
8.743000000000000000e+03
8.088000000000000000e+03
7.372000000000000000e+03
6.834000000000000000e+03
6.180000000000000000e+03
5.942000000000000000e+03
5.518000000000000000e+03
5.251000000000000000e+03
4.867000000000000000e+03
4.574000000000000000e+03
4.272000000000000000e+03
4.098000000000000000e+03
3.955000000000000000e+03
3.696000000000000000e+03
3.404000000000000000e+03
3.269000000000000000e+03
3.060000000000000000e+03
2.971000000000000000e+03
2.851000000000000000e+03
2.651000000000000000e+03
2.514000000000000000e+03
2.544000000000000000e+03
2.254000000000000000e+03
2.222000000000000000e+03
2.118000000000000000e+03
2.040000000000000000e+03
1.997000000000000000e+03
2.015000000000000000e+03
2.033000000000000000e+03
2.172000000000000000e+03
2.194000000000000000e+03
2.447000000000000000e+03
2.453000000000000000e+03
2.584000000000000000e+03
2.669000000000000000e+03
2.899000000000000000e+03
3.022000000000000000e+03
3.137000000000000000e+03
3.296000000000000000e+03
3.444000000000000000e+03
3.685000000000000000e+03
3.807000000000000000e+03
4.114000000000000000e+03
4.268000000000000000e+03
4.608000000000000000e+03
4.873000000000000000e+03
5.191000000000000000e+03
5.573000000000000000e+03
5.970000000000000000e+03
6.300000000000000000e+03
6.915000000000000000e+03
7.499000000000000000e+03
7.785000000000000000e+03
8.674000000000000000e+03
9.364000000000000000e+03
1.001300000000000000e+04
1.115500000000000000e+04
1.225200000000000000e+04
1.344800000000000000e+04
1.483100000000000000e+04
1.656200000000000000e+04
1.888100000000000000e+04
2.123300000000000000e+04
2.403600000000000000e+04
2.752500000000000000e+04
3.178000000000000000e+04
3.718600000000000000e+04
4.308500000000000000e+04
5.083300000000000000e+04
6.199100000000000000e+04
7.418800000000000000e+04
8.982900000000000000e+04
1.104140000000000000e+05
1.332380000000000000e+05
1.588550000000000000e+05
1.819600000000000000e+05
1.968550000000000000e+05
1.972030000000000000e+05
1.816560000000000000e+05
1.584300000000000000e+05
1.333630000000000000e+05
1.102530000000000000e+05
8.965200000000000000e+04
7.451900000000000000e+04
6.146100000000000000e+04
5.112300000000000000e+04
4.363000000000000000e+04
3.657400000000000000e+04
3.155700000000000000e+04
2.763500000000000000e+04
2.384200000000000000e+04
2.148900000000000000e+04
1.898600000000000000e+04
1.657800000000000000e+04
1.497700000000000000e+04
1.361900000000000000e+04
1.235300000000000000e+04
1.135400000000000000e+04
1.013100000000000000e+04
9.468000000000000000e+03
8.743000000000000000e+03
8.088000000000000000e+03
7.372000000000000000e+03
6.834000000000000000e+03
6.180000000000000000e+03
5.942000000000000000e+03
5.518000000000000000e+03
5.251000000000000000e+03
4.867000000000000000e+03
4.574000000000000000e+03
4.272000000000000000e+03
4.098000000000000000e+03
3.955000000000000000e+03
3.696000000000000000e+03
3.404000000000000000e+03
3.269000000000000000e+03
3.060000000000000000e+03
2.971000000000000000e+03
2.851000000000000000e+03
2.651000000000000000e+03
2.514000000000000000e+03
2.544000000000000000e+03
2.254000000000000000e+03
2.222000000000000000e+03
2.118000000000000000e+03
2.040000000000000000e+03
1.997000000000000000e+03
2.015000000000000000e+03
2.033000000000000000e+03
2.172000000000000000e+03
2.194000000000000000e+03
2.447000000000000000e+03
2.453000000000000000e+03
2.584000000000000000e+03
2.669000000000000000e+03
2.899000000000000000e+03
3.022000000000000000e+03
3.137000000000000000e+03
3.296000000000000000e+03
3.444000000000000000e+03
3.685000000000000000e+03
3.807000000000000000e+03
4.114000000000000000e+03
4.268000000000000000e+03
4.608000000000000000e+03
4.873000000000000000e+03
5.191000000000000000e+03
5.573000000000000000e+03
5.970000000000000000e+03
6.300000000000000000e+03
6.915000000000000000e+03
7.499000000000000000e+03
7.785000000000000000e+03
8.674000000000000000e+03
9.364000000000000000e+03
1.001300000000000000e+04
1.115500000000000000e+04
1.225200000000000000e+04
1.344800000000000000e+04
1.483100000000000000e+04
1.656200000000000000e+04
1.888100000000000000e+04
2.123300000000000000e+04
2.403600000000000000e+04
2.752500000000000000e+04
3.178000000000000000e+04
3.718600000000000000e+04
4.308500000000000000e+04
5.083300000000000000e+04
6.199100000000000000e+04
7.418800000000000000e+04
8.982900000000000000e+04
1.104140000000000000e+05
1.332380000000000000e+05
1.588550000000000000e+05
1.819600000000000000e+05
1.968550000000000000e+05
1.972030000000000000e+05
1.816560000000000000e+05
1.584300000000000000e+05
1.333630000000000000e+05
1.102530000000000000e+05
8.965200000000000000e+04
7.451900000000000000e+04
6.146100000000000000e+04
5.112300000000000000e+04
4.363000000000000000e+04
3.657400000000000000e+04
3.155700000000000000e+04
2.763500000000000000e+04
2.384200000000000000e+04
2.148900000000000000e+04
1.898600000000000000e+04
1.657800000000000000e+04
1.497700000000000000e+04
1.361900000000000000e+04
1.235300000000000000e+04
1.135400000000000000e+04
1.013100000000000000e+04
9.468000000000000000e+03
8.743000000000000000e+03
8.088000000000000000e+03
7.372000000000000000e+03
6.834000000000000000e+03
6.180000000000000000e+03
5.942000000000000000e+03
5.518000000000000000e+03
5.251000000000000000e+03
4.867000000000000000e+03
4.574000000000000000e+03
4.272000000000000000e+03
4.098000000000000000e+03
3.955000000000000000e+03
3.696000000000000000e+03
3.404000000000000000e+03
3.269000000000000000e+03
3.060000000000000000e+03
2.971000000000000000e+03
2.851000000000000000e+03
2.651000000000000000e+03
2.514000000000000000e+03
2.544000000000000000e+03
2.254000000000000000e+03
2.222000000000000000e+03
2.118000000000000000e+03
2.040000000000000000e+03
1.997000000000000000e+03
2.015000000000000000e+03
2.033000000000000000e+03
2.172000000000000000e+03
2.194000000000000000e+03
2.447000000000000000e+03
2.453000000000000000e+03
2.584000000000000000e+03
2.669000000000000000e+03
2.899000000000000000e+03
3.022000000000000000e+03
3.137000000000000000e+03
3.296000000000000000e+03
3.444000000000000000e+03
3.685000000000000000e+03
3.807000000000000000e+03
4.114000000000000000e+03
4.268000000000000000e+03
4.608000000000000000e+03
4.873000000000000000e+03
5.191000000000000000e+03
5.573000000000000000e+03
5.970000000000000000e+03
6.300000000000000000e+03
6.915000000000000000e+03
7.499000000000000000e+03
7.785000000000000000e+03
8.674000000000000000e+03
9.364000000000000000e+03
1.001300000000000000e+04
1.115500000000000000e+04
1.225200000000000000e+04
1.344800000000000000e+04
1.483100000000000000e+04
1.656200000000000000e+04
1.888100000000000000e+04
2.123300000000000000e+04
2.403600000000000000e+04
2.752500000000000000e+04
3.178000000000000000e+04
3.718600000000000000e+04
4.308500000000000000e+04
5.083300000000000000e+04
6.199100000000000000e+04
7.418800000000000000e+04
8.982900000000000000e+04
1.104140000000000000e+05
1.332380000000000000e+05
1.588550000000000000e+05
1.819600000000000000e+05
1.968550000000000000e+05
1.972030000000000000e+05
1.816560000000000000e+05
1.584300000000000000e+05
1.333630000000000000e+05
1.102530000000000000e+05
8.965200000000000000e+04
7.451900000000000000e+04
6.146100000000000000e+04
5.112300000000000000e+04
4.363000000000000000e+04
3.657400000000000000e+04
3.155700000000000000e+04
2.763500000000000000e+04
2.384200000000000000e+04
2.148900000000000000e+04
1.898600000000000000e+04
1.657800000000000000e+04
1.497700000000000000e+04
1.361900000000000000e+04
1.235300000000000000e+04
1.135400000000000000e+04
1.013100000000000000e+04
9.468000000000000000e+03
8.743000000000000000e+03
8.088000000000000000e+03
7.372000000000000000e+03
6.834000000000000000e+03
6.180000000000000000e+03
5.942000000000000000e+03
5.518000000000000000e+03
5.251000000000000000e+03
4.867000000000000000e+03
4.574000000000000000e+03
4.272000000000000000e+03
4.098000000000000000e+03
3.955000000000000000e+03
3.696000000000000000e+03
3.404000000000000000e+03
3.269000000000000000e+03
3.060000000000000000e+03
2.971000000000000000e+03
2.851000000000000000e+03
2.651000000000000000e+03
2.514000000000000000e+03
2.544000000000000000e+03
2.254000000000000000e+03
2.222000000000000000e+03
2.118000000000000000e+03
2.040000000000000000e+03
1.997000000000000000e+03
2.015000000000000000e+03
2.033000000000000000e+03
2.172000000000000000e+03
2.194000000000000000e+03
2.447000000000000000e+03
2.453000000000000000e+03
2.584000000000000000e+03
2.669000000000000000e+03
2.899000000000000000e+03
3.022000000000000000e+03
3.137000000000000000e+03
3.296000000000000000e+03
3.444000000000000000e+03
3.685000000000000000e+03
3.807000000000000000e+03
4.114000000000000000e+03
4.268000000000000000e+03
4.608000000000000000e+03
4.873000000000000000e+03
5.191000000000000000e+03
5.573000000000000000e+03
5.970000000000000000e+03
6.300000000000000000e+03
6.915000000000000000e+03
7.499000000000000000e+03
7.785000000000000000e+03
8.674000000000000000e+03
9.364000000000000000e+03
1.001300000000000000e+04
1.115500000000000000e+04
1.225200000000000000e+04
1.344800000000000000e+04
1.483100000000000000e+04
1.656200000000000000e+04
1.888100000000000000e+04
2.123300000000000000e+04
2.403600000000000000e+04
2.752500000000000000e+04
3.178000000000000000e+04
3.718600000000000000e+04
4.308500000000000000e+04
5.083300000000000000e+04
6.199100000000000000e+04
7.418800000000000000e+04
8.982900000000000000e+04
1.104140000000000000e+05
1.332380000000000000e+05
1.588550000000000000e+05
1.819600000000000000e+05
1.968550000000000000e+05
1.972030000000000000e+05
1.816560000000000000e+05
1.584300000000000000e+05
1.333630000000000000e+05
1.102530000000000000e+05
8.965200000000000000e+04
7.451900000000000000e+04
6.146100000000000000e+04
5.112300000000000000e+04
4.363000000000000000e+04
3.657400000000000000e+04
3.155700000000000000e+04
2.763500000000000000e+04
2.384200000000000000e+04
2.148900000000000000e+04
1.898600000000000000e+04
1.657800000000000000e+04
1.497700000000000000e+04
1.361900000000000000e+04
1.235300000000000000e+04
1.135400000000000000e+04
1.013100000000000000e+04
9.468000000000000000e+03
8.743000000000000000e+03
8.088000000000000000e+03
7.372000000000000000e+03
6.834000000000000000e+03
6.180000000000000000e+03
5.942000000000000000e+03
5.518000000000000000e+03
5.251000000000000000e+03
4.867000000000000000e+03
4.574000000000000000e+03
4.272000000000000000e+03
4.098000000000000000e+03
3.955000000000000000e+03
3.696000000000000000e+03
3.404000000000000000e+03
3.269000000000000000e+03
3.060000000000000000e+03
2.971000000000000000e+03
2.851000000000000000e+03
2.651000000000000000e+03
2.514000000000000000e+03
2.544000000000000000e+03
2.254000000000000000e+03
2.222000000000000000e+03
2.118000000000000000e+03
2.040000000000000000e+03
1.997000000000000000e+03
2.015000000000000000e+03
2.033000000000000000e+03
2.172000000000000000e+03
2.194000000000000000e+03
2.447000000000000000e+03
2.453000000000000000e+03
2.584000000000000000e+03
2.669000000000000000e+03
2.899000000000000000e+03
3.022000000000000000e+03
3.137000000000000000e+03
3.296000000000000000e+03
3.444000000000000000e+03
3.685000000000000000e+03
3.807000000000000000e+03
4.114000000000000000e+03
4.268000000000000000e+03
4.608000000000000000e+03
4.873000000000000000e+03
5.191000000000000000e+03
5.573000000000000000e+03
5.970000000000000000e+03
6.300000000000000000e+03
6.915000000000000000e+03
7.499000000000000000e+03
7.785000000000000000e+03
8.674000000000000000e+03
9.364000000000000000e+03
1.001300000000000000e+04
1.115500000000000000e+04
1.225200000000000000e+04
1.344800000000000000e+04
1.483100000000000000e+04
1.656200000000000000e+04
1.888100000000000000e+04
2.123300000000000000e+04
2.403600000000000000e+04
2.752500000000000000e+04
3.178000000000000000e+04
3.718600000000000000e+04
4.308500000000000000e+04
5.083300000000000000e+04
6.199100000000000000e+04
7.418800000000000000e+04
8.982900000000000000e+04
1.104140000000000000e+05
1.332380000000000000e+05
1.588550000000000000e+05
1.819600000000000000e+05
1.968550000000000000e+05
1.972030000000000000e+05
1.816560000000000000e+05
1.584300000000000000e+05
1.333630000000000000e+05
1.102530000000000000e+05
8.965200000000000000e+04
7.451900000000000000e+04
6.146100000000000000e+04
5.112300000000000000e+04
4.363000000000000000e+04
3.657400000000000000e+04
3.155700000000000000e+04
2.763500000000000000e+04
2.384200000000000000e+04
2.148900000000000000e+04
1.898600000000000000e+04
1.657800000000000000e+04
1.497700000000000000e+04
1.361900000000000000e+04
1.235300000000000000e+04
1.135400000000000000e+04
1.013100000000000000e+04
9.468000000000000000e+03
8.743000000000000000e+03
8.088000000000000000e+03
7.372000000000000000e+03
6.834000000000000000e+03
6.180000000000000000e+03
5.942000000000000000e+03
5.518000000000000000e+03
5.251000000000000000e+03
4.867000000000000000e+03
4.574000000000000000e+03
4.272000000000000000e+03
4.098000000000000000e+03
3.955000000000000000e+03
3.696000000000000000e+03
3.404000000000000000e+03
3.269000000000000000e+03
3.060000000000000000e+03
2.971000000000000000e+03
2.851000000000000000e+03
2.651000000000000000e+03
2.514000000000000000e+03
2.544000000000000000e+03
2.254000000000000000e+03
2.222000000000000000e+03
2.118000000000000000e+03
2.040000000000000000e+03
1.997000000000000000e+03
2.015000000000000000e+03
2.033000000000000000e+03
2.172000000000000000e+03
2.194000000000000000e+03
2.447000000000000000e+03
2.453000000000000000e+03
2.584000000000000000e+03
2.669000000000000000e+03
2.899000000000000000e+03
3.022000000000000000e+03
3.137000000000000000e+03
3.296000000000000000e+03
3.444000000000000000e+03
3.685000000000000000e+03
3.807000000000000000e+03
4.114000000000000000e+03
4.268000000000000000e+03
4.608000000000000000e+03
4.873000000000000000e+03
5.191000000000000000e+03
5.573000000000000000e+03
5.970000000000000000e+03
6.300000000000000000e+03
6.915000000000000000e+03
7.499000000000000000e+03
7.785000000000000000e+03
8.674000000000000000e+03
9.364000000000000000e+03
1.001300000000000000e+04
1.115500000000000000e+04
1.225200000000000000e+04
1.344800000000000000e+04
1.483100000000000000e+04
1.656200000000000000e+04
1.888100000000000000e+04
2.123300000000000000e+04
2.403600000000000000e+04
2.752500000000000000e+04
3.178000000000000000e+04
3.718600000000000000e+04
4.308500000000000000e+04
5.083300000000000000e+04
6.199100000000000000e+04
7.418800000000000000e+04
8.982900000000000000e+04
1.104140000000000000e+05
1.332380000000000000e+05
1.588550000000000000e+05
1.819600000000000000e+05
1.968550000000000000e+05
1.972030000000000000e+05
1.816560000000000000e+05
1.584300000000000000e+05
1.333630000000000000e+05
1.102530000000000000e+05
8.965200000000000000e+04
7.451900000000000000e+04
6.146100000000000000e+04
5.112300000000000000e+04
4.363000000000000000e+04
3.657400000000000000e+04
3.155700000000000000e+04
2.763500000000000000e+04
2.384200000000000000e+04
2.148900000000000000e+04
1.898600000000000000e+04
1.657800000000000000e+04
1.497700000000000000e+04
1.361900000000000000e+04
1.235300000000000000e+04
1.135400000000000000e+04
1.013100000000000000e+04
9.468000000000000000e+03
8.743000000000000000e+03
8.088000000000000000e+03
7.372000000000000000e+03
6.834000000000000000e+03
6.180000000000000000e+03
5.942000000000000000e+03
5.518000000000000000e+03
5.251000000000000000e+03
4.867000000000000000e+03
4.574000000000000000e+03
4.272000000000000000e+03
4.098000000000000000e+03
3.955000000000000000e+03
3.696000000000000000e+03
3.404000000000000000e+03
3.269000000000000000e+03
3.060000000000000000e+03
2.971000000000000000e+03
2.851000000000000000e+03
2.651000000000000000e+03
2.514000000000000000e+03
2.544000000000000000e+03
2.254000000000000000e+03
2.222000000000000000e+03
2.118000000000000000e+03
2.040000000000000000e+03
1.997000000000000000e+03
2.015000000000000000e+03
2.033000000000000000e+03
2.172000000000000000e+03
2.194000000000000000e+03
2.447000000000000000e+03
2.453000000000000000e+03
2.584000000000000000e+03
2.669000000000000000e+03
2.899000000000000000e+03
3.022000000000000000e+03
3.137000000000000000e+03
3.296000000000000000e+03
3.444000000000000000e+03
3.685000000000000000e+03
3.807000000000000000e+03
4.114000000000000000e+03
4.268000000000000000e+03
4.608000000000000000e+03
4.873000000000000000e+03
5.191000000000000000e+03
5.573000000000000000e+03
5.970000000000000000e+03
6.300000000000000000e+03
6.915000000000000000e+03
7.499000000000000000e+03
7.785000000000000000e+03
8.674000000000000000e+03
9.364000000000000000e+03
1.001300000000000000e+04
1.115500000000000000e+04
1.225200000000000000e+04
1.344800000000000000e+04
1.483100000000000000e+04
1.656200000000000000e+04
1.888100000000000000e+04
2.123300000000000000e+04
2.403600000000000000e+04
2.752500000000000000e+04
3.178000000000000000e+04
3.718600000000000000e+04
4.308500000000000000e+04
5.083300000000000000e+04
6.199100000000000000e+04
7.418800000000000000e+04
8.982900000000000000e+04
1.104140000000000000e+05
1.332380000000000000e+05
1.588550000000000000e+05
1.819600000000000000e+05
1.968550000000000000e+05
1.972030000000000000e+05
1.816560000000000000e+05
1.584300000000000000e+05
1.333630000000000000e+05
1.102530000000000000e+05
8.965200000000000000e+04
7.451900000000000000e+04
6.146100000000000000e+04
5.112300000000000000e+04
4.363000000000000000e+04
3.657400000000000000e+04
3.155700000000000000e+04
2.763500000000000000e+04
2.384200000000000000e+04
2.148900000000000000e+04
1.898600000000000000e+04
1.657800000000000000e+04
1.497700000000000000e+04
1.361900000000000000e+04
1.235300000000000000e+04
1.135400000000000000e+04
1.013100000000000000e+04
9.468000000000000000e+03
8.743000000000000000e+03
8.088000000000000000e+03
7.372000000000000000e+03
6.834000000000000000e+03
6.180000000000000000e+03
5.942000000000000000e+03
5.518000000000000000e+03
5.251000000000000000e+03
4.867000000000000000e+03
4.574000000000000000e+03
4.272000000000000000e+03
4.098000000000000000e+03
3.955000000000000000e+03
3.696000000000000000e+03
3.404000000000000000e+03
3.269000000000000000e+03
3.060000000000000000e+03
2.971000000000000000e+03
2.851000000000000000e+03
2.651000000000000000e+03
2.514000000000000000e+03
2.544000000000000000e+03
2.254000000000000000e+03
2.222000000000000000e+03
2.118000000000000000e+03
2.040000000000000000e+03
1.997000000000000000e+03
2.015000000000000000e+03
2.033000000000000000e+03
2.172000000000000000e+03
2.194000000000000000e+03
2.447000000000000000e+03
2.453000000000000000e+03
2.584000000000000000e+03
2.669000000000000000e+03
2.899000000000000000e+03
3.022000000000000000e+03
3.137000000000000000e+03
3.296000000000000000e+03
3.444000000000000000e+03
3.685000000000000000e+03
3.807000000000000000e+03
4.114000000000000000e+03
4.268000000000000000e+03
4.608000000000000000e+03
4.873000000000000000e+03
5.191000000000000000e+03
5.573000000000000000e+03
5.970000000000000000e+03
6.300000000000000000e+03
6.915000000000000000e+03
7.499000000000000000e+03
7.785000000000000000e+03
8.674000000000000000e+03
9.364000000000000000e+03
1.001300000000000000e+04
1.115500000000000000e+04
1.225200000000000000e+04
1.344800000000000000e+04
1.483100000000000000e+04
1.656200000000000000e+04
1.888100000000000000e+04
2.123300000000000000e+04
2.403600000000000000e+04
2.752500000000000000e+04
3.178000000000000000e+04
3.718600000000000000e+04
4.308500000000000000e+04
5.083300000000000000e+04
6.199100000000000000e+04
7.418800000000000000e+04
8.982900000000000000e+04
1.104140000000000000e+05
1.332380000000000000e+05
1.588550000000000000e+05
1.819600000000000000e+05
1.968550000000000000e+05
1.972030000000000000e+05
1.816560000000000000e+05
1.584300000000000000e+05
1.333630000000000000e+05
1.102530000000000000e+05
8.965200000000000000e+04
7.451900000000000000e+04
6.146100000000000000e+04
5.112300000000000000e+04
4.363000000000000000e+04
3.657400000000000000e+04
3.155700000000000000e+04
2.763500000000000000e+04
2.384200000000000000e+04
2.148900000000000000e+04
1.898600000000000000e+04
1.657800000000000000e+04
1.497700000000000000e+04
1.361900000000000000e+04
1.235300000000000000e+04
1.135400000000000000e+04
1.013100000000000000e+04
9.468000000000000000e+03
8.743000000000000000e+03
8.088000000000000000e+03
7.372000000000000000e+03
6.834000000000000000e+03
6.180000000000000000e+03
5.942000000000000000e+03
5.518000000000000000e+03
5.251000000000000000e+03
4.867000000000000000e+03
4.574000000000000000e+03
4.272000000000000000e+03
4.098000000000000000e+03
3.955000000000000000e+03
3.696000000000000000e+03
3.404000000000000000e+03
3.269000000000000000e+03
3.060000000000000000e+03
2.971000000000000000e+03
2.851000000000000000e+03
2.651000000000000000e+03
2.514000000000000000e+03
2.544000000000000000e+03
2.254000000000000000e+03
2.222000000000000000e+03
2.118000000000000000e+03
2.040000000000000000e+03
1.997000000000000000e+03
2.015000000000000000e+03
2.033000000000000000e+03
2.172000000000000000e+03
2.194000000000000000e+03
2.447000000000000000e+03
2.453000000000000000e+03
2.584000000000000000e+03
2.669000000000000000e+03
2.899000000000000000e+03
3.022000000000000000e+03
3.137000000000000000e+03
3.296000000000000000e+03
3.444000000000000000e+03
3.685000000000000000e+03
3.807000000000000000e+03
4.114000000000000000e+03
4.268000000000000000e+03
4.608000000000000000e+03
4.873000000000000000e+03
5.191000000000000000e+03
5.573000000000000000e+03
5.970000000000000000e+03
6.300000000000000000e+03
6.915000000000000000e+03
7.499000000000000000e+03
7.785000000000000000e+03
8.674000000000000000e+03
9.364000000000000000e+03
1.001300000000000000e+04
1.115500000000000000e+04
1.225200000000000000e+04
1.344800000000000000e+04
1.483100000000000000e+04
1.656200000000000000e+04
1.888100000000000000e+04
2.123300000000000000e+04
2.403600000000000000e+04
2.752500000000000000e+04
3.178000000000000000e+04
3.718600000000000000e+04
4.308500000000000000e+04
5.083300000000000000e+04
6.199100000000000000e+04
7.418800000000000000e+04
8.982900000000000000e+04
1.104140000000000000e+05
1.332380000000000000e+05
1.588550000000000000e+05
1.819600000000000000e+05
1.968550000000000000e+05
1.972030000000000000e+05
1.816560000000000000e+05
1.584300000000000000e+05
1.333630000000000000e+05
1.102530000000000000e+05
8.965200000000000000e+04
7.451900000000000000e+04
6.146100000000000000e+04
5.112300000000000000e+04
4.363000000000000000e+04
3.657400000000000000e+04
3.155700000000000000e+04
2.763500000000000000e+04
2.384200000000000000e+04
2.148900000000000000e+04
1.898600000000000000e+04
1.657800000000000000e+04
1.497700000000000000e+04
1.361900000000000000e+04
1.235300000000000000e+04
1.135400000000000000e+04
1.013100000000000000e+04
9.468000000000000000e+03
8.743000000000000000e+03
8.088000000000000000e+03
7.372000000000000000e+03
6.834000000000000000e+03
6.180000000000000000e+03
5.942000000000000000e+03
5.518000000000000000e+03
5.251000000000000000e+03
4.867000000000000000e+03
4.574000000000000000e+03
4.272000000000000000e+03
4.098000000000000000e+03
3.955000000000000000e+03
3.696000000000000000e+03
3.404000000000000000e+03
3.269000000000000000e+03
3.060000000000000000e+03
2.971000000000000000e+03
2.851000000000000000e+03
2.651000000000000000e+03
2.514000000000000000e+03
2.544000000000000000e+03
2.254000000000000000e+03
2.222000000000000000e+03
2.118000000000000000e+03
2.040000000000000000e+03
1.997000000000000000e+03
2.015000000000000000e+03
2.033000000000000000e+03
2.172000000000000000e+03
2.194000000000000000e+03
2.447000000000000000e+03
2.453000000000000000e+03
2.584000000000000000e+03
2.669000000000000000e+03
2.899000000000000000e+03
3.022000000000000000e+03
3.137000000000000000e+03
3.296000000000000000e+03
3.444000000000000000e+03
3.685000000000000000e+03
3.807000000000000000e+03
4.114000000000000000e+03
4.268000000000000000e+03
4.608000000000000000e+03
4.873000000000000000e+03
5.191000000000000000e+03
5.573000000000000000e+03
5.970000000000000000e+03
6.300000000000000000e+03
6.915000000000000000e+03
7.499000000000000000e+03
7.785000000000000000e+03
8.674000000000000000e+03
9.364000000000000000e+03
1.001300000000000000e+04
1.115500000000000000e+04
1.225200000000000000e+04
1.344800000000000000e+04
1.483100000000000000e+04
1.656200000000000000e+04
1.888100000000000000e+04
2.123300000000000000e+04
2.403600000000000000e+04
2.752500000000000000e+04
3.178000000000000000e+04
3.718600000000000000e+04
4.308500000000000000e+04
5.083300000000000000e+04
6.199100000000000000e+04
7.418800000000000000e+04
8.982900000000000000e+04
1.104140000000000000e+05
1.332380000000000000e+05
1.588550000000000000e+05
1.819600000000000000e+05
1.968550000000000000e+05
1.972030000000000000e+05
1.816560000000000000e+05
1.584300000000000000e+05
1.333630000000000000e+05
1.102530000000000000e+05
8.965200000000000000e+04
7.451900000000000000e+04
6.146100000000000000e+04
5.112300000000000000e+04
4.363000000000000000e+04
3.657400000000000000e+04
3.155700000000000000e+04
2.763500000000000000e+04
2.384200000000000000e+04
2.148900000000000000e+04
1.898600000000000000e+04
1.657800000000000000e+04
1.497700000000000000e+04
1.361900000000000000e+04
1.235300000000000000e+04
1.135400000000000000e+04
1.013100000000000000e+04
9.468000000000000000e+03
8.743000000000000000e+03
8.088000000000000000e+03
7.372000000000000000e+03
6.834000000000000000e+03
6.180000000000000000e+03
5.942000000000000000e+03
5.518000000000000000e+03
5.251000000000000000e+03
4.867000000000000000e+03
4.574000000000000000e+03
4.272000000000000000e+03
4.098000000000000000e+03
3.955000000000000000e+03
3.696000000000000000e+03
3.404000000000000000e+03
3.269000000000000000e+03
3.060000000000000000e+03
2.971000000000000000e+03
2.851000000000000000e+03
2.651000000000000000e+03
2.514000000000000000e+03
2.544000000000000000e+03
2.254000000000000000e+03
2.222000000000000000e+03
2.118000000000000000e+03
2.040000000000000000e+03
1.997000000000000000e+03
2.015000000000000000e+03
2.033000000000000000e+03
2.172000000000000000e+03
2.194000000000000000e+03
2.447000000000000000e+03
2.453000000000000000e+03
2.584000000000000000e+03
2.669000000000000000e+03
2.899000000000000000e+03
3.022000000000000000e+03
3.137000000000000000e+03
3.296000000000000000e+03
3.444000000000000000e+03
3.685000000000000000e+03
3.807000000000000000e+03
4.114000000000000000e+03
4.268000000000000000e+03
4.608000000000000000e+03
4.873000000000000000e+03
5.191000000000000000e+03
5.573000000000000000e+03
5.970000000000000000e+03
6.300000000000000000e+03
6.915000000000000000e+03
7.499000000000000000e+03
7.785000000000000000e+03
8.674000000000000000e+03
9.364000000000000000e+03
1.001300000000000000e+04
1.115500000000000000e+04
1.225200000000000000e+04
1.344800000000000000e+04
1.483100000000000000e+04
1.656200000000000000e+04
1.888100000000000000e+04
2.123300000000000000e+04
2.403600000000000000e+04
2.752500000000000000e+04
3.178000000000000000e+04
3.718600000000000000e+04
4.308500000000000000e+04
5.083300000000000000e+04
6.199100000000000000e+04
7.418800000000000000e+04
8.982900000000000000e+04
1.104140000000000000e+05
1.332380000000000000e+05
1.588550000000000000e+05
1.819600000000000000e+05
1.968550000000000000e+05
1.972030000000000000e+05
1.816560000000000000e+05
1.584300000000000000e+05
1.333630000000000000e+05
1.102530000000000000e+05
8.965200000000000000e+04
7.451900000000000000e+04
6.146100000000000000e+04
5.112300000000000000e+04
4.363000000000000000e+04
3.657400000000000000e+04
3.155700000000000000e+04
2.763500000000000000e+04
2.384200000000000000e+04
2.148900000000000000e+04
1.898600000000000000e+04
1.657800000000000000e+04
1.497700000000000000e+04
1.361900000000000000e+04
1.235300000000000000e+04
1.135400000000000000e+04
1.013100000000000000e+04
9.468000000000000000e+03
8.743000000000000000e+03
8.088000000000000000e+03
7.372000000000000000e+03
6.834000000000000000e+03
6.180000000000000000e+03
5.942000000000000000e+03
5.518000000000000000e+03
5.251000000000000000e+03
4.867000000000000000e+03
4.574000000000000000e+03
4.272000000000000000e+03
4.098000000000000000e+03
3.955000000000000000e+03
3.696000000000000000e+03
3.404000000000000000e+03
3.269000000000000000e+03
3.060000000000000000e+03
2.971000000000000000e+03
2.851000000000000000e+03
2.651000000000000000e+03
2.514000000000000000e+03
2.544000000000000000e+03
2.254000000000000000e+03
2.222000000000000000e+03
2.118000000000000000e+03
2.040000000000000000e+03
1.997000000000000000e+03
2.015000000000000000e+03
2.033000000000000000e+03
2.172000000000000000e+03
2.194000000000000000e+03
2.447000000000000000e+03
2.453000000000000000e+03
2.584000000000000000e+03
2.669000000000000000e+03
2.899000000000000000e+03
3.022000000000000000e+03
3.137000000000000000e+03
3.296000000000000000e+03
3.444000000000000000e+03
3.685000000000000000e+03
3.807000000000000000e+03
4.114000000000000000e+03
4.268000000000000000e+03
4.608000000000000000e+03
4.873000000000000000e+03
5.191000000000000000e+03
5.573000000000000000e+03
5.970000000000000000e+03
6.300000000000000000e+03
6.915000000000000000e+03
7.499000000000000000e+03
7.785000000000000000e+03
8.674000000000000000e+03
9.364000000000000000e+03
1.001300000000000000e+04
1.115500000000000000e+04
1.225200000000000000e+04
1.344800000000000000e+04
1.483100000000000000e+04
1.656200000000000000e+04
1.888100000000000000e+04
2.123300000000000000e+04
2.403600000000000000e+04
2.752500000000000000e+04
3.178000000000000000e+04
3.718600000000000000e+04
4.308500000000000000e+04
5.083300000000000000e+04
6.199100000000000000e+04
7.418800000000000000e+04
8.982900000000000000e+04
1.104140000000000000e+05
1.332380000000000000e+05
1.588550000000000000e+05
1.819600000000000000e+05
1.968550000000000000e+05
1.972030000000000000e+05
1.816560000000000000e+05
1.584300000000000000e+05
1.333630000000000000e+05
1.102530000000000000e+05
8.965200000000000000e+04
7.451900000000000000e+04
6.146100000000000000e+04
5.112300000000000000e+04
4.363000000000000000e+04
3.657400000000000000e+04
3.155700000000000000e+04
2.763500000000000000e+04
2.384200000000000000e+04
2.148900000000000000e+04
1.898600000000000000e+04
1.657800000000000000e+04
1.497700000000000000e+04
1.361900000000000000e+04
1.235300000000000000e+04
1.135400000000000000e+04
1.013100000000000000e+04
9.468000000000000000e+03
8.743000000000000000e+03
8.088000000000000000e+03
7.372000000000000000e+03
6.834000000000000000e+03
6.180000000000000000e+03
5.942000000000000000e+03
5.518000000000000000e+03
5.251000000000000000e+03
4.867000000000000000e+03
4.574000000000000000e+03
4.272000000000000000e+03
4.098000000000000000e+03
3.955000000000000000e+03
3.696000000000000000e+03
3.404000000000000000e+03
3.269000000000000000e+03
3.060000000000000000e+03
2.971000000000000000e+03
2.851000000000000000e+03
2.651000000000000000e+03
2.514000000000000000e+03
2.544000000000000000e+03
2.254000000000000000e+03
2.222000000000000000e+03
2.118000000000000000e+03
2.040000000000000000e+03
1.997000000000000000e+03
