1.577100000000000000e+04
1.681300000000000000e+04
1.752100000000000000e+04
1.825100000000000000e+04
1.913400000000000000e+04
1.982300000000000000e+04
2.073000000000000000e+04
2.195500000000000000e+04
2.293100000000000000e+04
2.395900000000000000e+04
2.489600000000000000e+04
2.627700000000000000e+04
2.776500000000000000e+04
2.942400000000000000e+04
3.108300000000000000e+04
3.262500000000000000e+04
3.479600000000000000e+04
3.664300000000000000e+04
3.923000000000000000e+04
4.185700000000000000e+04
4.449300000000000000e+04
4.771700000000000000e+04
5.082800000000000000e+04
5.511300000000000000e+04
5.926600000000000000e+04
6.404700000000000000e+04
6.857700000000000000e+04
7.493800000000000000e+04
8.214300000000000000e+04
8.976500000000000000e+04
9.842900000000000000e+04
1.084580000000000000e+05
1.201330000000000000e+05
1.340700000000000000e+05
1.497380000000000000e+05
1.694900000000000000e+05
1.920540000000000000e+05
2.189850000000000000e+05
2.528570000000000000e+05
2.948100000000000000e+05
3.452200000000000000e+05
4.088930000000000000e+05
4.902780000000000000e+05
5.931830000000000000e+05
7.202470000000000000e+05
8.815620000000000000e+05
1.068691000000000000e+06
1.273049000000000000e+06
1.455706000000000000e+06
1.572548000000000000e+06
1.569549000000000000e+06
1.455702000000000000e+06
1.272910000000000000e+06
1.068569000000000000e+06
8.807540000000000000e+05
7.201760000000000000e+05
5.934800000000000000e+05
4.903600000000000000e+05
4.096150000000000000e+05
3.455090000000000000e+05
2.952790000000000000e+05
2.535120000000000000e+05
2.203910000000000000e+05
1.919840000000000000e+05
1.696050000000000000e+05
1.501950000000000000e+05
1.343650000000000000e+05
1.205750000000000000e+05
1.087470000000000000e+05
9.839800000000000000e+04
8.954100000000000000e+04
8.179500000000000000e+04
7.472600000000000000e+04
6.904200000000000000e+04
6.386600000000000000e+04
5.904800000000000000e+04
5.461300000000000000e+04
5.077200000000000000e+04
4.756000000000000000e+04
4.419600000000000000e+04
4.186800000000000000e+04
3.915400000000000000e+04
3.671200000000000000e+04
3.462900000000000000e+04
3.296600000000000000e+04
3.071000000000000000e+04
2.922400000000000000e+04
2.768100000000000000e+04
2.648500000000000000e+04
2.528800000000000000e+04
2.377800000000000000e+04
2.279800000000000000e+04
2.171300000000000000e+04
2.069100000000000000e+04
1.984200000000000000e+04
1.905900000000000000e+04
1.826700000000000000e+04
1.742600000000000000e+04
1.678700000000000000e+04
1.603400000000000000e+04
1.577100000000000000e+04
1.681300000000000000e+04
1.752100000000000000e+04
1.825100000000000000e+04
1.913400000000000000e+04
1.982300000000000000e+04
2.073000000000000000e+04
2.195500000000000000e+04
2.293100000000000000e+04
2.395900000000000000e+04
2.489600000000000000e+04
2.627700000000000000e+04
2.776500000000000000e+04
2.942400000000000000e+04
3.108300000000000000e+04
3.262500000000000000e+04
3.479600000000000000e+04
3.664300000000000000e+04
3.923000000000000000e+04
4.185700000000000000e+04
4.449300000000000000e+04
4.771700000000000000e+04
5.082800000000000000e+04
5.511300000000000000e+04
5.926600000000000000e+04
6.404700000000000000e+04
6.857700000000000000e+04
7.493800000000000000e+04
8.214300000000000000e+04
8.976500000000000000e+04
9.842900000000000000e+04
1.084580000000000000e+05
1.201330000000000000e+05
1.340700000000000000e+05
1.497380000000000000e+05
1.694900000000000000e+05
1.920540000000000000e+05
2.189850000000000000e+05
2.528570000000000000e+05
2.948100000000000000e+05
3.452200000000000000e+05
4.088930000000000000e+05
4.902780000000000000e+05
5.931830000000000000e+05
7.202470000000000000e+05
8.815620000000000000e+05
1.068691000000000000e+06
1.273049000000000000e+06
1.455706000000000000e+06
1.572548000000000000e+06
1.569549000000000000e+06
1.455702000000000000e+06
1.272910000000000000e+06
1.068569000000000000e+06
8.807540000000000000e+05
7.201760000000000000e+05
5.934800000000000000e+05
4.903600000000000000e+05
4.096150000000000000e+05
3.455090000000000000e+05
2.952790000000000000e+05
2.535120000000000000e+05
2.203910000000000000e+05
1.919840000000000000e+05
1.696050000000000000e+05
1.501950000000000000e+05
1.343650000000000000e+05
1.205750000000000000e+05
1.087470000000000000e+05
9.839800000000000000e+04
8.954100000000000000e+04
8.179500000000000000e+04
7.472600000000000000e+04
6.904200000000000000e+04
6.386600000000000000e+04
5.904800000000000000e+04
5.461300000000000000e+04
5.077200000000000000e+04
4.756000000000000000e+04
4.419600000000000000e+04
4.186800000000000000e+04
3.915400000000000000e+04
3.671200000000000000e+04
3.462900000000000000e+04
3.296600000000000000e+04
3.071000000000000000e+04
2.922400000000000000e+04
2.768100000000000000e+04
2.648500000000000000e+04
2.528800000000000000e+04
2.377800000000000000e+04
2.279800000000000000e+04
2.171300000000000000e+04
2.069100000000000000e+04
1.984200000000000000e+04
1.905900000000000000e+04
1.826700000000000000e+04
1.742600000000000000e+04
1.678700000000000000e+04
1.603400000000000000e+04
1.577100000000000000e+04
1.681300000000000000e+04
1.752100000000000000e+04
1.825100000000000000e+04
1.913400000000000000e+04
1.982300000000000000e+04
2.073000000000000000e+04
2.195500000000000000e+04
2.293100000000000000e+04
2.395900000000000000e+04
2.489600000000000000e+04
2.627700000000000000e+04
2.776500000000000000e+04
2.942400000000000000e+04
3.108300000000000000e+04
3.262500000000000000e+04
3.479600000000000000e+04
3.664300000000000000e+04
3.923000000000000000e+04
4.185700000000000000e+04
4.449300000000000000e+04
4.771700000000000000e+04
5.082800000000000000e+04
5.511300000000000000e+04
5.926600000000000000e+04
6.404700000000000000e+04
6.857700000000000000e+04
7.493800000000000000e+04
8.214300000000000000e+04
8.976500000000000000e+04
9.842900000000000000e+04
1.084580000000000000e+05
1.201330000000000000e+05
1.340700000000000000e+05
1.497380000000000000e+05
1.694900000000000000e+05
1.920540000000000000e+05
2.189850000000000000e+05
2.528570000000000000e+05
2.948100000000000000e+05
3.452200000000000000e+05
4.088930000000000000e+05
4.902780000000000000e+05
5.931830000000000000e+05
7.202470000000000000e+05
8.815620000000000000e+05
1.068691000000000000e+06
1.273049000000000000e+06
1.455706000000000000e+06
1.572548000000000000e+06
1.569549000000000000e+06
1.455702000000000000e+06
1.272910000000000000e+06
1.068569000000000000e+06
8.807540000000000000e+05
7.201760000000000000e+05
5.934800000000000000e+05
4.903600000000000000e+05
4.096150000000000000e+05
3.455090000000000000e+05
2.952790000000000000e+05
2.535120000000000000e+05
2.203910000000000000e+05
1.919840000000000000e+05
1.696050000000000000e+05
1.501950000000000000e+05
1.343650000000000000e+05
1.205750000000000000e+05
1.087470000000000000e+05
9.839800000000000000e+04
8.954100000000000000e+04
8.179500000000000000e+04
7.472600000000000000e+04
6.904200000000000000e+04
6.386600000000000000e+04
5.904800000000000000e+04
5.461300000000000000e+04
5.077200000000000000e+04
4.756000000000000000e+04
4.419600000000000000e+04
4.186800000000000000e+04
3.915400000000000000e+04
3.671200000000000000e+04
3.462900000000000000e+04
3.296600000000000000e+04
3.071000000000000000e+04
2.922400000000000000e+04
2.768100000000000000e+04
2.648500000000000000e+04
2.528800000000000000e+04
2.377800000000000000e+04
2.279800000000000000e+04
2.171300000000000000e+04
2.069100000000000000e+04
1.984200000000000000e+04
1.905900000000000000e+04
1.826700000000000000e+04
1.742600000000000000e+04
1.678700000000000000e+04
1.603400000000000000e+04
1.577100000000000000e+04
1.681300000000000000e+04
1.752100000000000000e+04
1.825100000000000000e+04
1.913400000000000000e+04
1.982300000000000000e+04
2.073000000000000000e+04
2.195500000000000000e+04
2.293100000000000000e+04
2.395900000000000000e+04
2.489600000000000000e+04
2.627700000000000000e+04
2.776500000000000000e+04
2.942400000000000000e+04
3.108300000000000000e+04
3.262500000000000000e+04
3.479600000000000000e+04
3.664300000000000000e+04
3.923000000000000000e+04
4.185700000000000000e+04
4.449300000000000000e+04
4.771700000000000000e+04
5.082800000000000000e+04
5.511300000000000000e+04
5.926600000000000000e+04
6.404700000000000000e+04
6.857700000000000000e+04
7.493800000000000000e+04
8.214300000000000000e+04
8.976500000000000000e+04
9.842900000000000000e+04
1.084580000000000000e+05
1.201330000000000000e+05
1.340700000000000000e+05
1.497380000000000000e+05
1.694900000000000000e+05
1.920540000000000000e+05
2.189850000000000000e+05
2.528570000000000000e+05
2.948100000000000000e+05
3.452200000000000000e+05
4.088930000000000000e+05
4.902780000000000000e+05
5.931830000000000000e+05
7.202470000000000000e+05
8.815620000000000000e+05
1.068691000000000000e+06
1.273049000000000000e+06
1.455706000000000000e+06
1.572548000000000000e+06
1.569549000000000000e+06
1.455702000000000000e+06
1.272910000000000000e+06
1.068569000000000000e+06
8.807540000000000000e+05
7.201760000000000000e+05
5.934800000000000000e+05
4.903600000000000000e+05
4.096150000000000000e+05
3.455090000000000000e+05
2.952790000000000000e+05
2.535120000000000000e+05
2.203910000000000000e+05
1.919840000000000000e+05
1.696050000000000000e+05
1.501950000000000000e+05
1.343650000000000000e+05
1.205750000000000000e+05
1.087470000000000000e+05
9.839800000000000000e+04
8.954100000000000000e+04
8.179500000000000000e+04
7.472600000000000000e+04
6.904200000000000000e+04
6.386600000000000000e+04
5.904800000000000000e+04
5.461300000000000000e+04
5.077200000000000000e+04
4.756000000000000000e+04
4.419600000000000000e+04
4.186800000000000000e+04
3.915400000000000000e+04
3.671200000000000000e+04
3.462900000000000000e+04
3.296600000000000000e+04
3.071000000000000000e+04
2.922400000000000000e+04
2.768100000000000000e+04
2.648500000000000000e+04
2.528800000000000000e+04
2.377800000000000000e+04
2.279800000000000000e+04
2.171300000000000000e+04
2.069100000000000000e+04
1.984200000000000000e+04
1.905900000000000000e+04
1.826700000000000000e+04
1.742600000000000000e+04
1.678700000000000000e+04
1.603400000000000000e+04
