4.000000000000000000e+03
4.194000000000000000e+03
4.399000000000000000e+03
4.601000000000000000e+03
4.749000000000000000e+03
4.865000000000000000e+03
5.067000000000000000e+03
5.426000000000000000e+03
5.682000000000000000e+03
6.030000000000000000e+03
6.166000000000000000e+03
6.503000000000000000e+03
6.883000000000000000e+03
7.468000000000000000e+03
7.728000000000000000e+03
8.332000000000000000e+03
8.755000000000000000e+03
9.245000000000000000e+03
9.733000000000000000e+03
1.039900000000000000e+04
1.124200000000000000e+04
1.178500000000000000e+04
1.264700000000000000e+04
1.360700000000000000e+04
1.481700000000000000e+04
1.594200000000000000e+04
1.727100000000000000e+04
1.869900000000000000e+04
2.038400000000000000e+04
2.228700000000000000e+04
2.472200000000000000e+04
2.725100000000000000e+04
3.011600000000000000e+04
3.322100000000000000e+04
3.801200000000000000e+04
4.229400000000000000e+04
4.766200000000000000e+04
5.521500000000000000e+04
6.316600000000000000e+04
7.373900000000000000e+04
8.641600000000000000e+04
1.022930000000000000e+05
1.227580000000000000e+05
1.475210000000000000e+05
1.803380000000000000e+05
2.206670000000000000e+05
2.666830000000000000e+05
3.181770000000000000e+05
3.648030000000000000e+05
3.932810000000000000e+05
3.919550000000000000e+05
3.637830000000000000e+05
3.186920000000000000e+05
2.666740000000000000e+05
2.204020000000000000e+05
1.799840000000000000e+05
1.484600000000000000e+05
1.227660000000000000e+05
1.027500000000000000e+05
8.623200000000000000e+04
7.350600000000000000e+04
6.302100000000000000e+04
5.473600000000000000e+04
4.761000000000000000e+04
4.254200000000000000e+04
3.758600000000000000e+04
3.326400000000000000e+04
3.030600000000000000e+04
2.731400000000000000e+04
2.478800000000000000e+04
2.258800000000000000e+04
2.047000000000000000e+04
1.852000000000000000e+04
1.736500000000000000e+04
1.577800000000000000e+04
1.473100000000000000e+04
1.400500000000000000e+04
1.287400000000000000e+04
1.191700000000000000e+04
1.106000000000000000e+04
1.029600000000000000e+04
9.915000000000000000e+03
9.209000000000000000e+03
8.535000000000000000e+03
8.116000000000000000e+03
7.947000000000000000e+03
7.332000000000000000e+03
6.991000000000000000e+03
6.686000000000000000e+03
6.306000000000000000e+03
5.961000000000000000e+03
5.745000000000000000e+03
5.391000000000000000e+03
5.291000000000000000e+03
5.036000000000000000e+03
4.829000000000000000e+03
4.491000000000000000e+03
4.490000000000000000e+03
4.344000000000000000e+03
3.963000000000000000e+03
4.000000000000000000e+03
4.194000000000000000e+03
4.399000000000000000e+03
4.601000000000000000e+03
4.749000000000000000e+03
4.865000000000000000e+03
5.067000000000000000e+03
5.426000000000000000e+03
5.682000000000000000e+03
6.030000000000000000e+03
6.166000000000000000e+03
6.503000000000000000e+03
6.883000000000000000e+03
7.468000000000000000e+03
7.728000000000000000e+03
8.332000000000000000e+03
8.755000000000000000e+03
9.245000000000000000e+03
9.733000000000000000e+03
1.039900000000000000e+04
1.124200000000000000e+04
1.178500000000000000e+04
1.264700000000000000e+04
1.360700000000000000e+04
1.481700000000000000e+04
1.594200000000000000e+04
1.727100000000000000e+04
1.869900000000000000e+04
2.038400000000000000e+04
2.228700000000000000e+04
2.472200000000000000e+04
2.725100000000000000e+04
3.011600000000000000e+04
3.322100000000000000e+04
3.801200000000000000e+04
4.229400000000000000e+04
4.766200000000000000e+04
5.521500000000000000e+04
6.316600000000000000e+04
7.373900000000000000e+04
8.641600000000000000e+04
1.022930000000000000e+05
1.227580000000000000e+05
1.475210000000000000e+05
1.803380000000000000e+05
2.206670000000000000e+05
2.666830000000000000e+05
3.181770000000000000e+05
3.648030000000000000e+05
3.932810000000000000e+05
3.919550000000000000e+05
3.637830000000000000e+05
3.186920000000000000e+05
2.666740000000000000e+05
2.204020000000000000e+05
1.799840000000000000e+05
1.484600000000000000e+05
1.227660000000000000e+05
1.027500000000000000e+05
8.623200000000000000e+04
7.350600000000000000e+04
6.302100000000000000e+04
5.473600000000000000e+04
4.761000000000000000e+04
4.254200000000000000e+04
3.758600000000000000e+04
3.326400000000000000e+04
3.030600000000000000e+04
2.731400000000000000e+04
2.478800000000000000e+04
2.258800000000000000e+04
2.047000000000000000e+04
1.852000000000000000e+04
1.736500000000000000e+04
1.577800000000000000e+04
1.473100000000000000e+04
1.400500000000000000e+04
1.287400000000000000e+04
1.191700000000000000e+04
1.106000000000000000e+04
1.029600000000000000e+04
9.915000000000000000e+03
9.209000000000000000e+03
8.535000000000000000e+03
8.116000000000000000e+03
7.947000000000000000e+03
7.332000000000000000e+03
6.991000000000000000e+03
6.686000000000000000e+03
6.306000000000000000e+03
5.961000000000000000e+03
5.745000000000000000e+03
5.391000000000000000e+03
5.291000000000000000e+03
5.036000000000000000e+03
4.829000000000000000e+03
4.491000000000000000e+03
4.490000000000000000e+03
4.344000000000000000e+03
3.963000000000000000e+03
4.000000000000000000e+03
4.194000000000000000e+03
4.399000000000000000e+03
4.601000000000000000e+03
4.749000000000000000e+03
4.865000000000000000e+03
5.067000000000000000e+03
5.426000000000000000e+03
5.682000000000000000e+03
6.030000000000000000e+03
6.166000000000000000e+03
6.503000000000000000e+03
6.883000000000000000e+03
7.468000000000000000e+03
7.728000000000000000e+03
8.332000000000000000e+03
8.755000000000000000e+03
9.245000000000000000e+03
9.733000000000000000e+03
1.039900000000000000e+04
1.124200000000000000e+04
1.178500000000000000e+04
1.264700000000000000e+04
1.360700000000000000e+04
1.481700000000000000e+04
1.594200000000000000e+04
1.727100000000000000e+04
1.869900000000000000e+04
2.038400000000000000e+04
2.228700000000000000e+04
2.472200000000000000e+04
2.725100000000000000e+04
3.011600000000000000e+04
3.322100000000000000e+04
3.801200000000000000e+04
4.229400000000000000e+04
4.766200000000000000e+04
5.521500000000000000e+04
6.316600000000000000e+04
7.373900000000000000e+04
8.641600000000000000e+04
1.022930000000000000e+05
1.227580000000000000e+05
1.475210000000000000e+05
1.803380000000000000e+05
2.206670000000000000e+05
2.666830000000000000e+05
3.181770000000000000e+05
3.648030000000000000e+05
3.932810000000000000e+05
3.919550000000000000e+05
3.637830000000000000e+05
3.186920000000000000e+05
2.666740000000000000e+05
2.204020000000000000e+05
1.799840000000000000e+05
1.484600000000000000e+05
1.227660000000000000e+05
1.027500000000000000e+05
8.623200000000000000e+04
7.350600000000000000e+04
6.302100000000000000e+04
5.473600000000000000e+04
4.761000000000000000e+04
4.254200000000000000e+04
3.758600000000000000e+04
3.326400000000000000e+04
3.030600000000000000e+04
2.731400000000000000e+04
2.478800000000000000e+04
2.258800000000000000e+04
2.047000000000000000e+04
1.852000000000000000e+04
1.736500000000000000e+04
1.577800000000000000e+04
1.473100000000000000e+04
1.400500000000000000e+04
1.287400000000000000e+04
1.191700000000000000e+04
1.106000000000000000e+04
1.029600000000000000e+04
9.915000000000000000e+03
9.209000000000000000e+03
8.535000000000000000e+03
8.116000000000000000e+03
7.947000000000000000e+03
7.332000000000000000e+03
6.991000000000000000e+03
6.686000000000000000e+03
6.306000000000000000e+03
5.961000000000000000e+03
5.745000000000000000e+03
5.391000000000000000e+03
5.291000000000000000e+03
5.036000000000000000e+03
4.829000000000000000e+03
4.491000000000000000e+03
4.490000000000000000e+03
4.344000000000000000e+03
3.963000000000000000e+03
4.000000000000000000e+03
4.194000000000000000e+03
4.399000000000000000e+03
4.601000000000000000e+03
4.749000000000000000e+03
4.865000000000000000e+03
5.067000000000000000e+03
5.426000000000000000e+03
5.682000000000000000e+03
6.030000000000000000e+03
6.166000000000000000e+03
6.503000000000000000e+03
6.883000000000000000e+03
7.468000000000000000e+03
7.728000000000000000e+03
8.332000000000000000e+03
8.755000000000000000e+03
9.245000000000000000e+03
9.733000000000000000e+03
1.039900000000000000e+04
1.124200000000000000e+04
1.178500000000000000e+04
1.264700000000000000e+04
1.360700000000000000e+04
1.481700000000000000e+04
1.594200000000000000e+04
1.727100000000000000e+04
1.869900000000000000e+04
2.038400000000000000e+04
2.228700000000000000e+04
2.472200000000000000e+04
2.725100000000000000e+04
3.011600000000000000e+04
3.322100000000000000e+04
3.801200000000000000e+04
4.229400000000000000e+04
4.766200000000000000e+04
5.521500000000000000e+04
6.316600000000000000e+04
7.373900000000000000e+04
8.641600000000000000e+04
1.022930000000000000e+05
1.227580000000000000e+05
1.475210000000000000e+05
1.803380000000000000e+05
2.206670000000000000e+05
2.666830000000000000e+05
3.181770000000000000e+05
3.648030000000000000e+05
3.932810000000000000e+05
3.919550000000000000e+05
3.637830000000000000e+05
3.186920000000000000e+05
2.666740000000000000e+05
2.204020000000000000e+05
1.799840000000000000e+05
1.484600000000000000e+05
1.227660000000000000e+05
1.027500000000000000e+05
8.623200000000000000e+04
7.350600000000000000e+04
6.302100000000000000e+04
5.473600000000000000e+04
4.761000000000000000e+04
4.254200000000000000e+04
3.758600000000000000e+04
3.326400000000000000e+04
3.030600000000000000e+04
2.731400000000000000e+04
2.478800000000000000e+04
2.258800000000000000e+04
2.047000000000000000e+04
1.852000000000000000e+04
1.736500000000000000e+04
1.577800000000000000e+04
1.473100000000000000e+04
1.400500000000000000e+04
1.287400000000000000e+04
1.191700000000000000e+04
1.106000000000000000e+04
1.029600000000000000e+04
9.915000000000000000e+03
9.209000000000000000e+03
8.535000000000000000e+03
8.116000000000000000e+03
7.947000000000000000e+03
7.332000000000000000e+03
6.991000000000000000e+03
6.686000000000000000e+03
6.306000000000000000e+03
5.961000000000000000e+03
5.745000000000000000e+03
5.391000000000000000e+03
5.291000000000000000e+03
5.036000000000000000e+03
4.829000000000000000e+03
4.491000000000000000e+03
4.490000000000000000e+03
4.344000000000000000e+03
3.963000000000000000e+03
4.000000000000000000e+03
4.194000000000000000e+03
4.399000000000000000e+03
4.601000000000000000e+03
4.749000000000000000e+03
4.865000000000000000e+03
5.067000000000000000e+03
5.426000000000000000e+03
5.682000000000000000e+03
6.030000000000000000e+03
6.166000000000000000e+03
6.503000000000000000e+03
6.883000000000000000e+03
7.468000000000000000e+03
7.728000000000000000e+03
8.332000000000000000e+03
8.755000000000000000e+03
9.245000000000000000e+03
9.733000000000000000e+03
1.039900000000000000e+04
1.124200000000000000e+04
1.178500000000000000e+04
1.264700000000000000e+04
1.360700000000000000e+04
1.481700000000000000e+04
1.594200000000000000e+04
1.727100000000000000e+04
1.869900000000000000e+04
2.038400000000000000e+04
2.228700000000000000e+04
2.472200000000000000e+04
2.725100000000000000e+04
3.011600000000000000e+04
3.322100000000000000e+04
3.801200000000000000e+04
4.229400000000000000e+04
4.766200000000000000e+04
5.521500000000000000e+04
6.316600000000000000e+04
7.373900000000000000e+04
8.641600000000000000e+04
1.022930000000000000e+05
1.227580000000000000e+05
1.475210000000000000e+05
1.803380000000000000e+05
2.206670000000000000e+05
2.666830000000000000e+05
3.181770000000000000e+05
3.648030000000000000e+05
3.932810000000000000e+05
3.919550000000000000e+05
3.637830000000000000e+05
3.186920000000000000e+05
2.666740000000000000e+05
2.204020000000000000e+05
1.799840000000000000e+05
1.484600000000000000e+05
1.227660000000000000e+05
1.027500000000000000e+05
8.623200000000000000e+04
7.350600000000000000e+04
6.302100000000000000e+04
5.473600000000000000e+04
4.761000000000000000e+04
4.254200000000000000e+04
3.758600000000000000e+04
3.326400000000000000e+04
3.030600000000000000e+04
2.731400000000000000e+04
2.478800000000000000e+04
2.258800000000000000e+04
2.047000000000000000e+04
1.852000000000000000e+04
1.736500000000000000e+04
1.577800000000000000e+04
1.473100000000000000e+04
1.400500000000000000e+04
1.287400000000000000e+04
1.191700000000000000e+04
1.106000000000000000e+04
1.029600000000000000e+04
9.915000000000000000e+03
9.209000000000000000e+03
8.535000000000000000e+03
8.116000000000000000e+03
7.947000000000000000e+03
7.332000000000000000e+03
6.991000000000000000e+03
6.686000000000000000e+03
6.306000000000000000e+03
5.961000000000000000e+03
5.745000000000000000e+03
5.391000000000000000e+03
5.291000000000000000e+03
5.036000000000000000e+03
4.829000000000000000e+03
4.491000000000000000e+03
4.490000000000000000e+03
4.344000000000000000e+03
3.963000000000000000e+03
4.000000000000000000e+03
4.194000000000000000e+03
4.399000000000000000e+03
4.601000000000000000e+03
4.749000000000000000e+03
4.865000000000000000e+03
5.067000000000000000e+03
5.426000000000000000e+03
5.682000000000000000e+03
6.030000000000000000e+03
6.166000000000000000e+03
6.503000000000000000e+03
6.883000000000000000e+03
7.468000000000000000e+03
7.728000000000000000e+03
8.332000000000000000e+03
8.755000000000000000e+03
9.245000000000000000e+03
9.733000000000000000e+03
1.039900000000000000e+04
1.124200000000000000e+04
1.178500000000000000e+04
1.264700000000000000e+04
1.360700000000000000e+04
1.481700000000000000e+04
1.594200000000000000e+04
1.727100000000000000e+04
1.869900000000000000e+04
2.038400000000000000e+04
2.228700000000000000e+04
2.472200000000000000e+04
2.725100000000000000e+04
3.011600000000000000e+04
3.322100000000000000e+04
3.801200000000000000e+04
4.229400000000000000e+04
4.766200000000000000e+04
5.521500000000000000e+04
6.316600000000000000e+04
7.373900000000000000e+04
8.641600000000000000e+04
1.022930000000000000e+05
1.227580000000000000e+05
1.475210000000000000e+05
1.803380000000000000e+05
2.206670000000000000e+05
2.666830000000000000e+05
3.181770000000000000e+05
3.648030000000000000e+05
3.932810000000000000e+05
3.919550000000000000e+05
3.637830000000000000e+05
3.186920000000000000e+05
2.666740000000000000e+05
2.204020000000000000e+05
1.799840000000000000e+05
1.484600000000000000e+05
1.227660000000000000e+05
1.027500000000000000e+05
8.623200000000000000e+04
7.350600000000000000e+04
6.302100000000000000e+04
5.473600000000000000e+04
4.761000000000000000e+04
4.254200000000000000e+04
3.758600000000000000e+04
3.326400000000000000e+04
3.030600000000000000e+04
2.731400000000000000e+04
2.478800000000000000e+04
2.258800000000000000e+04
2.047000000000000000e+04
1.852000000000000000e+04
1.736500000000000000e+04
1.577800000000000000e+04
1.473100000000000000e+04
1.400500000000000000e+04
1.287400000000000000e+04
1.191700000000000000e+04
1.106000000000000000e+04
1.029600000000000000e+04
9.915000000000000000e+03
9.209000000000000000e+03
8.535000000000000000e+03
8.116000000000000000e+03
7.947000000000000000e+03
7.332000000000000000e+03
6.991000000000000000e+03
6.686000000000000000e+03
6.306000000000000000e+03
5.961000000000000000e+03
5.745000000000000000e+03
5.391000000000000000e+03
5.291000000000000000e+03
5.036000000000000000e+03
4.829000000000000000e+03
4.491000000000000000e+03
4.490000000000000000e+03
4.344000000000000000e+03
3.963000000000000000e+03
4.000000000000000000e+03
4.194000000000000000e+03
4.399000000000000000e+03
4.601000000000000000e+03
4.749000000000000000e+03
4.865000000000000000e+03
5.067000000000000000e+03
5.426000000000000000e+03
5.682000000000000000e+03
6.030000000000000000e+03
6.166000000000000000e+03
6.503000000000000000e+03
6.883000000000000000e+03
7.468000000000000000e+03
7.728000000000000000e+03
8.332000000000000000e+03
8.755000000000000000e+03
9.245000000000000000e+03
9.733000000000000000e+03
1.039900000000000000e+04
1.124200000000000000e+04
1.178500000000000000e+04
1.264700000000000000e+04
1.360700000000000000e+04
1.481700000000000000e+04
1.594200000000000000e+04
1.727100000000000000e+04
1.869900000000000000e+04
2.038400000000000000e+04
2.228700000000000000e+04
2.472200000000000000e+04
2.725100000000000000e+04
3.011600000000000000e+04
3.322100000000000000e+04
3.801200000000000000e+04
4.229400000000000000e+04
4.766200000000000000e+04
5.521500000000000000e+04
6.316600000000000000e+04
7.373900000000000000e+04
8.641600000000000000e+04
1.022930000000000000e+05
1.227580000000000000e+05
1.475210000000000000e+05
1.803380000000000000e+05
2.206670000000000000e+05
2.666830000000000000e+05
3.181770000000000000e+05
3.648030000000000000e+05
3.932810000000000000e+05
3.919550000000000000e+05
3.637830000000000000e+05
3.186920000000000000e+05
2.666740000000000000e+05
2.204020000000000000e+05
1.799840000000000000e+05
1.484600000000000000e+05
1.227660000000000000e+05
1.027500000000000000e+05
8.623200000000000000e+04
7.350600000000000000e+04
6.302100000000000000e+04
5.473600000000000000e+04
4.761000000000000000e+04
4.254200000000000000e+04
3.758600000000000000e+04
3.326400000000000000e+04
3.030600000000000000e+04
2.731400000000000000e+04
2.478800000000000000e+04
2.258800000000000000e+04
2.047000000000000000e+04
1.852000000000000000e+04
1.736500000000000000e+04
1.577800000000000000e+04
1.473100000000000000e+04
1.400500000000000000e+04
1.287400000000000000e+04
1.191700000000000000e+04
1.106000000000000000e+04
1.029600000000000000e+04
9.915000000000000000e+03
9.209000000000000000e+03
8.535000000000000000e+03
8.116000000000000000e+03
7.947000000000000000e+03
7.332000000000000000e+03
6.991000000000000000e+03
6.686000000000000000e+03
6.306000000000000000e+03
5.961000000000000000e+03
5.745000000000000000e+03
5.391000000000000000e+03
5.291000000000000000e+03
5.036000000000000000e+03
4.829000000000000000e+03
4.491000000000000000e+03
4.490000000000000000e+03
4.344000000000000000e+03
3.963000000000000000e+03
4.000000000000000000e+03
4.194000000000000000e+03
4.399000000000000000e+03
4.601000000000000000e+03
4.749000000000000000e+03
4.865000000000000000e+03
5.067000000000000000e+03
5.426000000000000000e+03
5.682000000000000000e+03
6.030000000000000000e+03
6.166000000000000000e+03
6.503000000000000000e+03
6.883000000000000000e+03
7.468000000000000000e+03
7.728000000000000000e+03
8.332000000000000000e+03
8.755000000000000000e+03
9.245000000000000000e+03
9.733000000000000000e+03
1.039900000000000000e+04
1.124200000000000000e+04
1.178500000000000000e+04
1.264700000000000000e+04
1.360700000000000000e+04
1.481700000000000000e+04
1.594200000000000000e+04
1.727100000000000000e+04
1.869900000000000000e+04
2.038400000000000000e+04
2.228700000000000000e+04
2.472200000000000000e+04
2.725100000000000000e+04
3.011600000000000000e+04
3.322100000000000000e+04
3.801200000000000000e+04
4.229400000000000000e+04
4.766200000000000000e+04
5.521500000000000000e+04
6.316600000000000000e+04
7.373900000000000000e+04
8.641600000000000000e+04
1.022930000000000000e+05
1.227580000000000000e+05
1.475210000000000000e+05
1.803380000000000000e+05
2.206670000000000000e+05
2.666830000000000000e+05
3.181770000000000000e+05
3.648030000000000000e+05
3.932810000000000000e+05
3.919550000000000000e+05
3.637830000000000000e+05
3.186920000000000000e+05
2.666740000000000000e+05
2.204020000000000000e+05
1.799840000000000000e+05
1.484600000000000000e+05
1.227660000000000000e+05
1.027500000000000000e+05
8.623200000000000000e+04
7.350600000000000000e+04
6.302100000000000000e+04
5.473600000000000000e+04
4.761000000000000000e+04
4.254200000000000000e+04
3.758600000000000000e+04
3.326400000000000000e+04
3.030600000000000000e+04
2.731400000000000000e+04
2.478800000000000000e+04
2.258800000000000000e+04
2.047000000000000000e+04
1.852000000000000000e+04
1.736500000000000000e+04
1.577800000000000000e+04
1.473100000000000000e+04
1.400500000000000000e+04
1.287400000000000000e+04
1.191700000000000000e+04
1.106000000000000000e+04
1.029600000000000000e+04
9.915000000000000000e+03
9.209000000000000000e+03
8.535000000000000000e+03
8.116000000000000000e+03
7.947000000000000000e+03
7.332000000000000000e+03
6.991000000000000000e+03
6.686000000000000000e+03
6.306000000000000000e+03
5.961000000000000000e+03
5.745000000000000000e+03
5.391000000000000000e+03
5.291000000000000000e+03
5.036000000000000000e+03
4.829000000000000000e+03
4.491000000000000000e+03
4.490000000000000000e+03
4.344000000000000000e+03
3.963000000000000000e+03
4.000000000000000000e+03
4.194000000000000000e+03
4.399000000000000000e+03
4.601000000000000000e+03
4.749000000000000000e+03
4.865000000000000000e+03
5.067000000000000000e+03
5.426000000000000000e+03
5.682000000000000000e+03
6.030000000000000000e+03
6.166000000000000000e+03
6.503000000000000000e+03
6.883000000000000000e+03
7.468000000000000000e+03
7.728000000000000000e+03
8.332000000000000000e+03
8.755000000000000000e+03
9.245000000000000000e+03
9.733000000000000000e+03
1.039900000000000000e+04
1.124200000000000000e+04
1.178500000000000000e+04
1.264700000000000000e+04
1.360700000000000000e+04
1.481700000000000000e+04
1.594200000000000000e+04
1.727100000000000000e+04
1.869900000000000000e+04
2.038400000000000000e+04
2.228700000000000000e+04
2.472200000000000000e+04
2.725100000000000000e+04
3.011600000000000000e+04
3.322100000000000000e+04
3.801200000000000000e+04
4.229400000000000000e+04
4.766200000000000000e+04
5.521500000000000000e+04
6.316600000000000000e+04
7.373900000000000000e+04
8.641600000000000000e+04
1.022930000000000000e+05
1.227580000000000000e+05
1.475210000000000000e+05
1.803380000000000000e+05
2.206670000000000000e+05
2.666830000000000000e+05
3.181770000000000000e+05
3.648030000000000000e+05
3.932810000000000000e+05
3.919550000000000000e+05
3.637830000000000000e+05
3.186920000000000000e+05
2.666740000000000000e+05
2.204020000000000000e+05
1.799840000000000000e+05
1.484600000000000000e+05
1.227660000000000000e+05
1.027500000000000000e+05
8.623200000000000000e+04
7.350600000000000000e+04
6.302100000000000000e+04
5.473600000000000000e+04
4.761000000000000000e+04
4.254200000000000000e+04
3.758600000000000000e+04
3.326400000000000000e+04
3.030600000000000000e+04
2.731400000000000000e+04
2.478800000000000000e+04
2.258800000000000000e+04
2.047000000000000000e+04
1.852000000000000000e+04
1.736500000000000000e+04
1.577800000000000000e+04
1.473100000000000000e+04
1.400500000000000000e+04
1.287400000000000000e+04
1.191700000000000000e+04
1.106000000000000000e+04
1.029600000000000000e+04
9.915000000000000000e+03
9.209000000000000000e+03
8.535000000000000000e+03
8.116000000000000000e+03
7.947000000000000000e+03
7.332000000000000000e+03
6.991000000000000000e+03
6.686000000000000000e+03
6.306000000000000000e+03
5.961000000000000000e+03
5.745000000000000000e+03
5.391000000000000000e+03
5.291000000000000000e+03
5.036000000000000000e+03
4.829000000000000000e+03
4.491000000000000000e+03
4.490000000000000000e+03
4.344000000000000000e+03
3.963000000000000000e+03
4.000000000000000000e+03
4.194000000000000000e+03
4.399000000000000000e+03
4.601000000000000000e+03
4.749000000000000000e+03
4.865000000000000000e+03
5.067000000000000000e+03
5.426000000000000000e+03
5.682000000000000000e+03
6.030000000000000000e+03
6.166000000000000000e+03
6.503000000000000000e+03
6.883000000000000000e+03
7.468000000000000000e+03
7.728000000000000000e+03
8.332000000000000000e+03
8.755000000000000000e+03
9.245000000000000000e+03
9.733000000000000000e+03
1.039900000000000000e+04
1.124200000000000000e+04
1.178500000000000000e+04
1.264700000000000000e+04
1.360700000000000000e+04
1.481700000000000000e+04
1.594200000000000000e+04
1.727100000000000000e+04
1.869900000000000000e+04
2.038400000000000000e+04
2.228700000000000000e+04
2.472200000000000000e+04
2.725100000000000000e+04
3.011600000000000000e+04
3.322100000000000000e+04
3.801200000000000000e+04
4.229400000000000000e+04
4.766200000000000000e+04
5.521500000000000000e+04
6.316600000000000000e+04
7.373900000000000000e+04
8.641600000000000000e+04
1.022930000000000000e+05
1.227580000000000000e+05
1.475210000000000000e+05
1.803380000000000000e+05
2.206670000000000000e+05
2.666830000000000000e+05
3.181770000000000000e+05
3.648030000000000000e+05
3.932810000000000000e+05
3.919550000000000000e+05
3.637830000000000000e+05
3.186920000000000000e+05
2.666740000000000000e+05
2.204020000000000000e+05
1.799840000000000000e+05
1.484600000000000000e+05
1.227660000000000000e+05
1.027500000000000000e+05
8.623200000000000000e+04
7.350600000000000000e+04
6.302100000000000000e+04
5.473600000000000000e+04
4.761000000000000000e+04
4.254200000000000000e+04
3.758600000000000000e+04
3.326400000000000000e+04
3.030600000000000000e+04
2.731400000000000000e+04
2.478800000000000000e+04
2.258800000000000000e+04
2.047000000000000000e+04
1.852000000000000000e+04
1.736500000000000000e+04
1.577800000000000000e+04
1.473100000000000000e+04
1.400500000000000000e+04
1.287400000000000000e+04
1.191700000000000000e+04
1.106000000000000000e+04
1.029600000000000000e+04
9.915000000000000000e+03
9.209000000000000000e+03
8.535000000000000000e+03
8.116000000000000000e+03
7.947000000000000000e+03
7.332000000000000000e+03
6.991000000000000000e+03
6.686000000000000000e+03
6.306000000000000000e+03
5.961000000000000000e+03
5.745000000000000000e+03
5.391000000000000000e+03
5.291000000000000000e+03
5.036000000000000000e+03
4.829000000000000000e+03
4.491000000000000000e+03
4.490000000000000000e+03
4.344000000000000000e+03
3.963000000000000000e+03
4.000000000000000000e+03
4.194000000000000000e+03
4.399000000000000000e+03
4.601000000000000000e+03
4.749000000000000000e+03
4.865000000000000000e+03
5.067000000000000000e+03
5.426000000000000000e+03
5.682000000000000000e+03
6.030000000000000000e+03
6.166000000000000000e+03
6.503000000000000000e+03
6.883000000000000000e+03
7.468000000000000000e+03
7.728000000000000000e+03
8.332000000000000000e+03
8.755000000000000000e+03
9.245000000000000000e+03
9.733000000000000000e+03
1.039900000000000000e+04
1.124200000000000000e+04
1.178500000000000000e+04
1.264700000000000000e+04
1.360700000000000000e+04
1.481700000000000000e+04
1.594200000000000000e+04
1.727100000000000000e+04
1.869900000000000000e+04
2.038400000000000000e+04
2.228700000000000000e+04
2.472200000000000000e+04
2.725100000000000000e+04
3.011600000000000000e+04
3.322100000000000000e+04
3.801200000000000000e+04
4.229400000000000000e+04
4.766200000000000000e+04
5.521500000000000000e+04
6.316600000000000000e+04
7.373900000000000000e+04
8.641600000000000000e+04
1.022930000000000000e+05
1.227580000000000000e+05
1.475210000000000000e+05
1.803380000000000000e+05
2.206670000000000000e+05
2.666830000000000000e+05
3.181770000000000000e+05
3.648030000000000000e+05
3.932810000000000000e+05
3.919550000000000000e+05
3.637830000000000000e+05
3.186920000000000000e+05
2.666740000000000000e+05
2.204020000000000000e+05
1.799840000000000000e+05
1.484600000000000000e+05
1.227660000000000000e+05
1.027500000000000000e+05
8.623200000000000000e+04
7.350600000000000000e+04
6.302100000000000000e+04
5.473600000000000000e+04
4.761000000000000000e+04
4.254200000000000000e+04
3.758600000000000000e+04
3.326400000000000000e+04
3.030600000000000000e+04
2.731400000000000000e+04
2.478800000000000000e+04
2.258800000000000000e+04
2.047000000000000000e+04
1.852000000000000000e+04
1.736500000000000000e+04
1.577800000000000000e+04
1.473100000000000000e+04
1.400500000000000000e+04
1.287400000000000000e+04
1.191700000000000000e+04
1.106000000000000000e+04
1.029600000000000000e+04
9.915000000000000000e+03
9.209000000000000000e+03
8.535000000000000000e+03
8.116000000000000000e+03
7.947000000000000000e+03
7.332000000000000000e+03
6.991000000000000000e+03
6.686000000000000000e+03
6.306000000000000000e+03
5.961000000000000000e+03
5.745000000000000000e+03
5.391000000000000000e+03
5.291000000000000000e+03
5.036000000000000000e+03
4.829000000000000000e+03
4.491000000000000000e+03
4.490000000000000000e+03
4.344000000000000000e+03
3.963000000000000000e+03
4.000000000000000000e+03
4.194000000000000000e+03
4.399000000000000000e+03
4.601000000000000000e+03
4.749000000000000000e+03
4.865000000000000000e+03
5.067000000000000000e+03
5.426000000000000000e+03
5.682000000000000000e+03
6.030000000000000000e+03
6.166000000000000000e+03
6.503000000000000000e+03
6.883000000000000000e+03
7.468000000000000000e+03
7.728000000000000000e+03
8.332000000000000000e+03
8.755000000000000000e+03
9.245000000000000000e+03
9.733000000000000000e+03
1.039900000000000000e+04
1.124200000000000000e+04
1.178500000000000000e+04
1.264700000000000000e+04
1.360700000000000000e+04
1.481700000000000000e+04
1.594200000000000000e+04
1.727100000000000000e+04
1.869900000000000000e+04
2.038400000000000000e+04
2.228700000000000000e+04
2.472200000000000000e+04
2.725100000000000000e+04
3.011600000000000000e+04
3.322100000000000000e+04
3.801200000000000000e+04
4.229400000000000000e+04
4.766200000000000000e+04
5.521500000000000000e+04
6.316600000000000000e+04
7.373900000000000000e+04
8.641600000000000000e+04
1.022930000000000000e+05
1.227580000000000000e+05
1.475210000000000000e+05
1.803380000000000000e+05
2.206670000000000000e+05
2.666830000000000000e+05
3.181770000000000000e+05
3.648030000000000000e+05
3.932810000000000000e+05
3.919550000000000000e+05
3.637830000000000000e+05
3.186920000000000000e+05
2.666740000000000000e+05
2.204020000000000000e+05
1.799840000000000000e+05
1.484600000000000000e+05
1.227660000000000000e+05
1.027500000000000000e+05
8.623200000000000000e+04
7.350600000000000000e+04
6.302100000000000000e+04
5.473600000000000000e+04
4.761000000000000000e+04
4.254200000000000000e+04
3.758600000000000000e+04
3.326400000000000000e+04
3.030600000000000000e+04
2.731400000000000000e+04
2.478800000000000000e+04
2.258800000000000000e+04
2.047000000000000000e+04
1.852000000000000000e+04
1.736500000000000000e+04
1.577800000000000000e+04
1.473100000000000000e+04
1.400500000000000000e+04
1.287400000000000000e+04
1.191700000000000000e+04
1.106000000000000000e+04
1.029600000000000000e+04
9.915000000000000000e+03
9.209000000000000000e+03
8.535000000000000000e+03
8.116000000000000000e+03
7.947000000000000000e+03
7.332000000000000000e+03
6.991000000000000000e+03
6.686000000000000000e+03
6.306000000000000000e+03
5.961000000000000000e+03
5.745000000000000000e+03
5.391000000000000000e+03
5.291000000000000000e+03
5.036000000000000000e+03
4.829000000000000000e+03
4.491000000000000000e+03
4.490000000000000000e+03
4.344000000000000000e+03
3.963000000000000000e+03
4.000000000000000000e+03
4.194000000000000000e+03
4.399000000000000000e+03
4.601000000000000000e+03
4.749000000000000000e+03
4.865000000000000000e+03
5.067000000000000000e+03
5.426000000000000000e+03
5.682000000000000000e+03
6.030000000000000000e+03
6.166000000000000000e+03
6.503000000000000000e+03
6.883000000000000000e+03
7.468000000000000000e+03
7.728000000000000000e+03
8.332000000000000000e+03
8.755000000000000000e+03
9.245000000000000000e+03
9.733000000000000000e+03
1.039900000000000000e+04
1.124200000000000000e+04
1.178500000000000000e+04
1.264700000000000000e+04
1.360700000000000000e+04
1.481700000000000000e+04
1.594200000000000000e+04
1.727100000000000000e+04
1.869900000000000000e+04
2.038400000000000000e+04
2.228700000000000000e+04
2.472200000000000000e+04
2.725100000000000000e+04
3.011600000000000000e+04
3.322100000000000000e+04
3.801200000000000000e+04
4.229400000000000000e+04
4.766200000000000000e+04
5.521500000000000000e+04
6.316600000000000000e+04
7.373900000000000000e+04
8.641600000000000000e+04
1.022930000000000000e+05
1.227580000000000000e+05
1.475210000000000000e+05
1.803380000000000000e+05
2.206670000000000000e+05
2.666830000000000000e+05
3.181770000000000000e+05
3.648030000000000000e+05
3.932810000000000000e+05
3.919550000000000000e+05
3.637830000000000000e+05
3.186920000000000000e+05
2.666740000000000000e+05
2.204020000000000000e+05
1.799840000000000000e+05
1.484600000000000000e+05
1.227660000000000000e+05
1.027500000000000000e+05
8.623200000000000000e+04
7.350600000000000000e+04
6.302100000000000000e+04
5.473600000000000000e+04
4.761000000000000000e+04
4.254200000000000000e+04
3.758600000000000000e+04
3.326400000000000000e+04
3.030600000000000000e+04
2.731400000000000000e+04
2.478800000000000000e+04
2.258800000000000000e+04
2.047000000000000000e+04
1.852000000000000000e+04
1.736500000000000000e+04
1.577800000000000000e+04
1.473100000000000000e+04
1.400500000000000000e+04
1.287400000000000000e+04
1.191700000000000000e+04
1.106000000000000000e+04
1.029600000000000000e+04
9.915000000000000000e+03
9.209000000000000000e+03
8.535000000000000000e+03
8.116000000000000000e+03
7.947000000000000000e+03
7.332000000000000000e+03
6.991000000000000000e+03
6.686000000000000000e+03
6.306000000000000000e+03
5.961000000000000000e+03
5.745000000000000000e+03
5.391000000000000000e+03
5.291000000000000000e+03
5.036000000000000000e+03
4.829000000000000000e+03
4.491000000000000000e+03
4.490000000000000000e+03
4.344000000000000000e+03
3.963000000000000000e+03
4.000000000000000000e+03
4.194000000000000000e+03
4.399000000000000000e+03
4.601000000000000000e+03
4.749000000000000000e+03
4.865000000000000000e+03
5.067000000000000000e+03
5.426000000000000000e+03
5.682000000000000000e+03
6.030000000000000000e+03
6.166000000000000000e+03
6.503000000000000000e+03
6.883000000000000000e+03
7.468000000000000000e+03
7.728000000000000000e+03
8.332000000000000000e+03
8.755000000000000000e+03
9.245000000000000000e+03
9.733000000000000000e+03
1.039900000000000000e+04
1.124200000000000000e+04
1.178500000000000000e+04
1.264700000000000000e+04
1.360700000000000000e+04
1.481700000000000000e+04
1.594200000000000000e+04
1.727100000000000000e+04
1.869900000000000000e+04
2.038400000000000000e+04
2.228700000000000000e+04
2.472200000000000000e+04
2.725100000000000000e+04
3.011600000000000000e+04
3.322100000000000000e+04
3.801200000000000000e+04
4.229400000000000000e+04
4.766200000000000000e+04
5.521500000000000000e+04
6.316600000000000000e+04
7.373900000000000000e+04
8.641600000000000000e+04
1.022930000000000000e+05
1.227580000000000000e+05
1.475210000000000000e+05
1.803380000000000000e+05
2.206670000000000000e+05
2.666830000000000000e+05
3.181770000000000000e+05
3.648030000000000000e+05
3.932810000000000000e+05
3.919550000000000000e+05
3.637830000000000000e+05
3.186920000000000000e+05
2.666740000000000000e+05
2.204020000000000000e+05
1.799840000000000000e+05
1.484600000000000000e+05
1.227660000000000000e+05
1.027500000000000000e+05
8.623200000000000000e+04
7.350600000000000000e+04
6.302100000000000000e+04
5.473600000000000000e+04
4.761000000000000000e+04
4.254200000000000000e+04
3.758600000000000000e+04
3.326400000000000000e+04
3.030600000000000000e+04
2.731400000000000000e+04
2.478800000000000000e+04
2.258800000000000000e+04
2.047000000000000000e+04
1.852000000000000000e+04
1.736500000000000000e+04
1.577800000000000000e+04
1.473100000000000000e+04
1.400500000000000000e+04
1.287400000000000000e+04
1.191700000000000000e+04
1.106000000000000000e+04
1.029600000000000000e+04
9.915000000000000000e+03
9.209000000000000000e+03
8.535000000000000000e+03
8.116000000000000000e+03
7.947000000000000000e+03
7.332000000000000000e+03
6.991000000000000000e+03
6.686000000000000000e+03
6.306000000000000000e+03
5.961000000000000000e+03
5.745000000000000000e+03
5.391000000000000000e+03
5.291000000000000000e+03
5.036000000000000000e+03
4.829000000000000000e+03
4.491000000000000000e+03
4.490000000000000000e+03
4.344000000000000000e+03
3.963000000000000000e+03
4.000000000000000000e+03
4.194000000000000000e+03
4.399000000000000000e+03
4.601000000000000000e+03
4.749000000000000000e+03
4.865000000000000000e+03
5.067000000000000000e+03
5.426000000000000000e+03
5.682000000000000000e+03
6.030000000000000000e+03
6.166000000000000000e+03
6.503000000000000000e+03
6.883000000000000000e+03
7.468000000000000000e+03
7.728000000000000000e+03
8.332000000000000000e+03
8.755000000000000000e+03
9.245000000000000000e+03
9.733000000000000000e+03
1.039900000000000000e+04
1.124200000000000000e+04
1.178500000000000000e+04
1.264700000000000000e+04
1.360700000000000000e+04
1.481700000000000000e+04
1.594200000000000000e+04
1.727100000000000000e+04
1.869900000000000000e+04
2.038400000000000000e+04
2.228700000000000000e+04
2.472200000000000000e+04
2.725100000000000000e+04
3.011600000000000000e+04
3.322100000000000000e+04
3.801200000000000000e+04
4.229400000000000000e+04
4.766200000000000000e+04
5.521500000000000000e+04
6.316600000000000000e+04
7.373900000000000000e+04
8.641600000000000000e+04
1.022930000000000000e+05
1.227580000000000000e+05
1.475210000000000000e+05
1.803380000000000000e+05
2.206670000000000000e+05
2.666830000000000000e+05
3.181770000000000000e+05
3.648030000000000000e+05
3.932810000000000000e+05
3.919550000000000000e+05
3.637830000000000000e+05
3.186920000000000000e+05
2.666740000000000000e+05
2.204020000000000000e+05
1.799840000000000000e+05
1.484600000000000000e+05
1.227660000000000000e+05
1.027500000000000000e+05
8.623200000000000000e+04
7.350600000000000000e+04
6.302100000000000000e+04
5.473600000000000000e+04
4.761000000000000000e+04
4.254200000000000000e+04
3.758600000000000000e+04
3.326400000000000000e+04
3.030600000000000000e+04
2.731400000000000000e+04
2.478800000000000000e+04
2.258800000000000000e+04
2.047000000000000000e+04
1.852000000000000000e+04
1.736500000000000000e+04
1.577800000000000000e+04
1.473100000000000000e+04
1.400500000000000000e+04
1.287400000000000000e+04
1.191700000000000000e+04
1.106000000000000000e+04
1.029600000000000000e+04
9.915000000000000000e+03
9.209000000000000000e+03
8.535000000000000000e+03
8.116000000000000000e+03
7.947000000000000000e+03
7.332000000000000000e+03
6.991000000000000000e+03
6.686000000000000000e+03
6.306000000000000000e+03
5.961000000000000000e+03
5.745000000000000000e+03
5.391000000000000000e+03
5.291000000000000000e+03
5.036000000000000000e+03
4.829000000000000000e+03
4.491000000000000000e+03
4.490000000000000000e+03
4.344000000000000000e+03
3.963000000000000000e+03
4.000000000000000000e+03
4.194000000000000000e+03
4.399000000000000000e+03
4.601000000000000000e+03
4.749000000000000000e+03
4.865000000000000000e+03
5.067000000000000000e+03
5.426000000000000000e+03
5.682000000000000000e+03
6.030000000000000000e+03
6.166000000000000000e+03
6.503000000000000000e+03
6.883000000000000000e+03
7.468000000000000000e+03
7.728000000000000000e+03
8.332000000000000000e+03
8.755000000000000000e+03
9.245000000000000000e+03
9.733000000000000000e+03
1.039900000000000000e+04
1.124200000000000000e+04
1.178500000000000000e+04
1.264700000000000000e+04
1.360700000000000000e+04
1.481700000000000000e+04
1.594200000000000000e+04
1.727100000000000000e+04
1.869900000000000000e+04
2.038400000000000000e+04
2.228700000000000000e+04
2.472200000000000000e+04
2.725100000000000000e+04
3.011600000000000000e+04
3.322100000000000000e+04
3.801200000000000000e+04
4.229400000000000000e+04
4.766200000000000000e+04
5.521500000000000000e+04
6.316600000000000000e+04
7.373900000000000000e+04
8.641600000000000000e+04
1.022930000000000000e+05
1.227580000000000000e+05
1.475210000000000000e+05
1.803380000000000000e+05
2.206670000000000000e+05
2.666830000000000000e+05
3.181770000000000000e+05
3.648030000000000000e+05
3.932810000000000000e+05
3.919550000000000000e+05
3.637830000000000000e+05
3.186920000000000000e+05
2.666740000000000000e+05
2.204020000000000000e+05
1.799840000000000000e+05
1.484600000000000000e+05
1.227660000000000000e+05
1.027500000000000000e+05
8.623200000000000000e+04
7.350600000000000000e+04
6.302100000000000000e+04
5.473600000000000000e+04
4.761000000000000000e+04
4.254200000000000000e+04
3.758600000000000000e+04
3.326400000000000000e+04
3.030600000000000000e+04
2.731400000000000000e+04
2.478800000000000000e+04
2.258800000000000000e+04
2.047000000000000000e+04
1.852000000000000000e+04
1.736500000000000000e+04
1.577800000000000000e+04
1.473100000000000000e+04
1.400500000000000000e+04
1.287400000000000000e+04
1.191700000000000000e+04
1.106000000000000000e+04
1.029600000000000000e+04
9.915000000000000000e+03
9.209000000000000000e+03
8.535000000000000000e+03
8.116000000000000000e+03
7.947000000000000000e+03
7.332000000000000000e+03
6.991000000000000000e+03
6.686000000000000000e+03
6.306000000000000000e+03
5.961000000000000000e+03
5.745000000000000000e+03
5.391000000000000000e+03
5.291000000000000000e+03
5.036000000000000000e+03
4.829000000000000000e+03
4.491000000000000000e+03
4.490000000000000000e+03
4.344000000000000000e+03
3.963000000000000000e+03
