6.406700000000000000e+04
6.727500000000000000e+04
6.972000000000000000e+04
7.254000000000000000e+04
7.558000000000000000e+04
7.939300000000000000e+04
8.313900000000000000e+04
8.676300000000000000e+04
9.109300000000000000e+04
9.522300000000000000e+04
1.009240000000000000e+05
1.059280000000000000e+05
1.119130000000000000e+05
1.172800000000000000e+05
1.236720000000000000e+05
1.308910000000000000e+05
1.381330000000000000e+05
1.467850000000000000e+05
1.566820000000000000e+05
1.668600000000000000e+05
1.785500000000000000e+05
1.901390000000000000e+05
2.042400000000000000e+05
2.194080000000000000e+05
2.358980000000000000e+05
2.551590000000000000e+05
2.764260000000000000e+05
2.989710000000000000e+05
3.258280000000000000e+05
3.567660000000000000e+05
3.924040000000000000e+05
4.337170000000000000e+05
4.807400000000000000e+05
5.356140000000000000e+05
5.981710000000000000e+05
6.765010000000000000e+05
7.677870000000000000e+05
8.783080000000000000e+05
1.014222000000000000e+06
1.176129000000000000e+06
1.384446000000000000e+06
1.639066000000000000e+06
1.963457000000000000e+06
2.370821000000000000e+06
2.885585000000000000e+06
3.522506000000000000e+06
4.273552000000000000e+06
5.088065000000000000e+06
5.828646000000000000e+06
6.291484000000000000e+06
6.280713000000000000e+06
5.828839000000000000e+06
5.089120000000000000e+06
4.277659000000000000e+06
3.523520000000000000e+06
2.886904000000000000e+06
2.372573000000000000e+06
1.961433000000000000e+06
1.638688000000000000e+06
1.385449000000000000e+06
1.178930000000000000e+06
1.012301000000000000e+06
8.776940000000000000e+05
7.684840000000000000e+05
6.768550000000000000e+05
5.996590000000000000e+05
5.352140000000000000e+05
4.815560000000000000e+05
4.345050000000000000e+05
3.936550000000000000e+05
3.586730000000000000e+05
3.260450000000000000e+05
2.992410000000000000e+05
2.755300000000000000e+05
2.543710000000000000e+05
2.357010000000000000e+05
2.190570000000000000e+05
2.035380000000000000e+05
1.903970000000000000e+05
1.777720000000000000e+05
1.663680000000000000e+05
1.563600000000000000e+05
1.477570000000000000e+05
1.390260000000000000e+05
1.308480000000000000e+05
1.240500000000000000e+05
1.174620000000000000e+05
1.109920000000000000e+05
1.057130000000000000e+05
1.001270000000000000e+05
9.541000000000000000e+04
9.084100000000000000e+04
8.655700000000000000e+04
8.348000000000000000e+04
7.954500000000000000e+04
7.582400000000000000e+04
7.214500000000000000e+04
6.991600000000000000e+04
6.722000000000000000e+04
6.419300000000000000e+04
