1.601000000000000000e+04
1.666000000000000000e+04
1.738500000000000000e+04
1.833100000000000000e+04
1.915000000000000000e+04
1.983500000000000000e+04
2.063700000000000000e+04
2.160300000000000000e+04
2.266100000000000000e+04
2.417000000000000000e+04
2.498800000000000000e+04
2.653200000000000000e+04
2.788000000000000000e+04
2.974700000000000000e+04
3.100700000000000000e+04
3.275000000000000000e+04
3.463900000000000000e+04
3.676300000000000000e+04
3.931300000000000000e+04
4.155900000000000000e+04
4.415800000000000000e+04
4.755000000000000000e+04
5.087900000000000000e+04
5.396200000000000000e+04
5.841400000000000000e+04
6.399300000000000000e+04
6.874600000000000000e+04
7.447400000000000000e+04
8.141300000000000000e+04
8.938300000000000000e+04
9.764800000000000000e+04
1.081800000000000000e+05
1.204850000000000000e+05
1.340920000000000000e+05
1.500210000000000000e+05
1.693850000000000000e+05
1.925930000000000000e+05
2.198650000000000000e+05
2.534120000000000000e+05
2.950110000000000000e+05
3.449560000000000000e+05
4.094060000000000000e+05
4.919040000000000000e+05
5.928650000000000000e+05
7.216780000000000000e+05
8.802290000000000000e+05
1.068710000000000000e+06
1.273797000000000000e+06
1.457478000000000000e+06
1.569956000000000000e+06
1.569214000000000000e+06
1.457210000000000000e+06
1.271723000000000000e+06
1.068197000000000000e+06
8.799940000000000000e+05
7.206170000000000000e+05
5.934750000000000000e+05
4.912150000000000000e+05
4.091280000000000000e+05
3.467190000000000000e+05
2.933160000000000000e+05
2.541280000000000000e+05
2.195120000000000000e+05
1.926650000000000000e+05
1.693420000000000000e+05
1.503920000000000000e+05
1.343540000000000000e+05
1.209220000000000000e+05
1.082670000000000000e+05
9.852800000000000000e+04
8.945400000000000000e+04
8.189300000000000000e+04
7.543300000000000000e+04
6.871700000000000000e+04
6.359800000000000000e+04
5.910400000000000000e+04
5.449200000000000000e+04
5.087900000000000000e+04
4.770100000000000000e+04
4.431800000000000000e+04
4.171600000000000000e+04
3.911100000000000000e+04
3.646300000000000000e+04
3.506900000000000000e+04
3.265200000000000000e+04
3.099300000000000000e+04
2.927600000000000000e+04
2.774600000000000000e+04
2.640600000000000000e+04
2.533400000000000000e+04
2.387300000000000000e+04
2.286900000000000000e+04
2.190000000000000000e+04
2.078800000000000000e+04
1.989500000000000000e+04
1.890900000000000000e+04
1.830600000000000000e+04
1.744200000000000000e+04
1.677500000000000000e+04
1.619100000000000000e+04
1.601000000000000000e+04
1.666000000000000000e+04
1.738500000000000000e+04
1.833100000000000000e+04
1.915000000000000000e+04
1.983500000000000000e+04
2.063700000000000000e+04
2.160300000000000000e+04
2.266100000000000000e+04
2.417000000000000000e+04
2.498800000000000000e+04
2.653200000000000000e+04
2.788000000000000000e+04
2.974700000000000000e+04
3.100700000000000000e+04
3.275000000000000000e+04
3.463900000000000000e+04
3.676300000000000000e+04
3.931300000000000000e+04
4.155900000000000000e+04
4.415800000000000000e+04
4.755000000000000000e+04
5.087900000000000000e+04
5.396200000000000000e+04
5.841400000000000000e+04
6.399300000000000000e+04
6.874600000000000000e+04
7.447400000000000000e+04
8.141300000000000000e+04
8.938300000000000000e+04
9.764800000000000000e+04
1.081800000000000000e+05
1.204850000000000000e+05
1.340920000000000000e+05
1.500210000000000000e+05
1.693850000000000000e+05
1.925930000000000000e+05
2.198650000000000000e+05
2.534120000000000000e+05
2.950110000000000000e+05
3.449560000000000000e+05
4.094060000000000000e+05
4.919040000000000000e+05
5.928650000000000000e+05
7.216780000000000000e+05
8.802290000000000000e+05
1.068710000000000000e+06
1.273797000000000000e+06
1.457478000000000000e+06
1.569956000000000000e+06
1.569214000000000000e+06
1.457210000000000000e+06
1.271723000000000000e+06
1.068197000000000000e+06
8.799940000000000000e+05
7.206170000000000000e+05
5.934750000000000000e+05
4.912150000000000000e+05
4.091280000000000000e+05
3.467190000000000000e+05
2.933160000000000000e+05
2.541280000000000000e+05
2.195120000000000000e+05
1.926650000000000000e+05
1.693420000000000000e+05
1.503920000000000000e+05
1.343540000000000000e+05
1.209220000000000000e+05
1.082670000000000000e+05
9.852800000000000000e+04
8.945400000000000000e+04
8.189300000000000000e+04
7.543300000000000000e+04
6.871700000000000000e+04
6.359800000000000000e+04
5.910400000000000000e+04
5.449200000000000000e+04
5.087900000000000000e+04
4.770100000000000000e+04
4.431800000000000000e+04
4.171600000000000000e+04
3.911100000000000000e+04
3.646300000000000000e+04
3.506900000000000000e+04
3.265200000000000000e+04
3.099300000000000000e+04
2.927600000000000000e+04
2.774600000000000000e+04
2.640600000000000000e+04
2.533400000000000000e+04
2.387300000000000000e+04
2.286900000000000000e+04
2.190000000000000000e+04
2.078800000000000000e+04
1.989500000000000000e+04
1.890900000000000000e+04
1.830600000000000000e+04
1.744200000000000000e+04
1.677500000000000000e+04
1.619100000000000000e+04
1.601000000000000000e+04
1.666000000000000000e+04
1.738500000000000000e+04
1.833100000000000000e+04
1.915000000000000000e+04
1.983500000000000000e+04
2.063700000000000000e+04
2.160300000000000000e+04
2.266100000000000000e+04
2.417000000000000000e+04
2.498800000000000000e+04
2.653200000000000000e+04
2.788000000000000000e+04
2.974700000000000000e+04
3.100700000000000000e+04
3.275000000000000000e+04
3.463900000000000000e+04
3.676300000000000000e+04
3.931300000000000000e+04
4.155900000000000000e+04
4.415800000000000000e+04
4.755000000000000000e+04
5.087900000000000000e+04
5.396200000000000000e+04
5.841400000000000000e+04
6.399300000000000000e+04
6.874600000000000000e+04
7.447400000000000000e+04
8.141300000000000000e+04
8.938300000000000000e+04
9.764800000000000000e+04
1.081800000000000000e+05
1.204850000000000000e+05
1.340920000000000000e+05
1.500210000000000000e+05
1.693850000000000000e+05
1.925930000000000000e+05
2.198650000000000000e+05
2.534120000000000000e+05
2.950110000000000000e+05
3.449560000000000000e+05
4.094060000000000000e+05
4.919040000000000000e+05
5.928650000000000000e+05
7.216780000000000000e+05
8.802290000000000000e+05
1.068710000000000000e+06
1.273797000000000000e+06
1.457478000000000000e+06
1.569956000000000000e+06
1.569214000000000000e+06
1.457210000000000000e+06
1.271723000000000000e+06
1.068197000000000000e+06
8.799940000000000000e+05
7.206170000000000000e+05
5.934750000000000000e+05
4.912150000000000000e+05
4.091280000000000000e+05
3.467190000000000000e+05
2.933160000000000000e+05
2.541280000000000000e+05
2.195120000000000000e+05
1.926650000000000000e+05
1.693420000000000000e+05
1.503920000000000000e+05
1.343540000000000000e+05
1.209220000000000000e+05
1.082670000000000000e+05
9.852800000000000000e+04
8.945400000000000000e+04
8.189300000000000000e+04
7.543300000000000000e+04
6.871700000000000000e+04
6.359800000000000000e+04
5.910400000000000000e+04
5.449200000000000000e+04
5.087900000000000000e+04
4.770100000000000000e+04
4.431800000000000000e+04
4.171600000000000000e+04
3.911100000000000000e+04
3.646300000000000000e+04
3.506900000000000000e+04
3.265200000000000000e+04
3.099300000000000000e+04
2.927600000000000000e+04
2.774600000000000000e+04
2.640600000000000000e+04
2.533400000000000000e+04
2.387300000000000000e+04
2.286900000000000000e+04
2.190000000000000000e+04
2.078800000000000000e+04
1.989500000000000000e+04
1.890900000000000000e+04
1.830600000000000000e+04
1.744200000000000000e+04
1.677500000000000000e+04
1.619100000000000000e+04
1.601000000000000000e+04
1.666000000000000000e+04
1.738500000000000000e+04
1.833100000000000000e+04
1.915000000000000000e+04
1.983500000000000000e+04
2.063700000000000000e+04
2.160300000000000000e+04
2.266100000000000000e+04
2.417000000000000000e+04
2.498800000000000000e+04
2.653200000000000000e+04
2.788000000000000000e+04
2.974700000000000000e+04
3.100700000000000000e+04
3.275000000000000000e+04
3.463900000000000000e+04
3.676300000000000000e+04
3.931300000000000000e+04
4.155900000000000000e+04
4.415800000000000000e+04
4.755000000000000000e+04
5.087900000000000000e+04
5.396200000000000000e+04
5.841400000000000000e+04
6.399300000000000000e+04
6.874600000000000000e+04
7.447400000000000000e+04
8.141300000000000000e+04
8.938300000000000000e+04
9.764800000000000000e+04
1.081800000000000000e+05
1.204850000000000000e+05
1.340920000000000000e+05
1.500210000000000000e+05
1.693850000000000000e+05
1.925930000000000000e+05
2.198650000000000000e+05
2.534120000000000000e+05
2.950110000000000000e+05
3.449560000000000000e+05
4.094060000000000000e+05
4.919040000000000000e+05
5.928650000000000000e+05
7.216780000000000000e+05
8.802290000000000000e+05
1.068710000000000000e+06
1.273797000000000000e+06
1.457478000000000000e+06
1.569956000000000000e+06
1.569214000000000000e+06
1.457210000000000000e+06
1.271723000000000000e+06
1.068197000000000000e+06
8.799940000000000000e+05
7.206170000000000000e+05
5.934750000000000000e+05
4.912150000000000000e+05
4.091280000000000000e+05
3.467190000000000000e+05
2.933160000000000000e+05
2.541280000000000000e+05
2.195120000000000000e+05
1.926650000000000000e+05
1.693420000000000000e+05
1.503920000000000000e+05
1.343540000000000000e+05
1.209220000000000000e+05
1.082670000000000000e+05
9.852800000000000000e+04
8.945400000000000000e+04
8.189300000000000000e+04
7.543300000000000000e+04
6.871700000000000000e+04
6.359800000000000000e+04
5.910400000000000000e+04
5.449200000000000000e+04
5.087900000000000000e+04
4.770100000000000000e+04
4.431800000000000000e+04
4.171600000000000000e+04
3.911100000000000000e+04
3.646300000000000000e+04
3.506900000000000000e+04
3.265200000000000000e+04
3.099300000000000000e+04
2.927600000000000000e+04
2.774600000000000000e+04
2.640600000000000000e+04
2.533400000000000000e+04
2.387300000000000000e+04
2.286900000000000000e+04
2.190000000000000000e+04
2.078800000000000000e+04
1.989500000000000000e+04
1.890900000000000000e+04
1.830600000000000000e+04
1.744200000000000000e+04
1.677500000000000000e+04
1.619100000000000000e+04
