7.822000000000000000e+03
8.420000000000000000e+03
8.588000000000000000e+03
9.067000000000000000e+03
9.504000000000000000e+03
9.736000000000000000e+03
1.042200000000000000e+04
1.062800000000000000e+04
1.159300000000000000e+04
1.203900000000000000e+04
1.233000000000000000e+04
1.292600000000000000e+04
1.381900000000000000e+04
1.475500000000000000e+04
1.540100000000000000e+04
1.639900000000000000e+04
1.751600000000000000e+04
1.860000000000000000e+04
1.958200000000000000e+04
2.069900000000000000e+04
2.207800000000000000e+04
2.371000000000000000e+04
2.556800000000000000e+04
2.736100000000000000e+04
2.948500000000000000e+04
3.150600000000000000e+04
3.462000000000000000e+04
3.762600000000000000e+04
4.104200000000000000e+04
4.485400000000000000e+04
4.862600000000000000e+04
5.413400000000000000e+04
6.011300000000000000e+04
6.696900000000000000e+04
7.480200000000000000e+04
8.484900000000000000e+04
9.600300000000000000e+04
1.096770000000000000e+05
1.267910000000000000e+05
1.472230000000000000e+05
1.721600000000000000e+05
2.054990000000000000e+05
2.452140000000000000e+05
2.955450000000000000e+05
3.607080000000000000e+05
4.405340000000000000e+05
5.355080000000000000e+05
6.357130000000000000e+05
7.288320000000000000e+05
7.868530000000000000e+05
7.848720000000000000e+05
7.278820000000000000e+05
6.369260000000000000e+05
5.351100000000000000e+05
4.408500000000000000e+05
3.612700000000000000e+05
2.964960000000000000e+05
2.452130000000000000e+05
2.048370000000000000e+05
1.726880000000000000e+05
1.468450000000000000e+05
1.264700000000000000e+05
1.102560000000000000e+05
9.595000000000000000e+04
8.476000000000000000e+04
7.517600000000000000e+04
6.676300000000000000e+04
6.018000000000000000e+04
5.450400000000000000e+04
4.885700000000000000e+04
4.474500000000000000e+04
4.075100000000000000e+04
3.751100000000000000e+04
3.481800000000000000e+04
3.211900000000000000e+04
2.948000000000000000e+04
2.751600000000000000e+04
2.574900000000000000e+04
2.375100000000000000e+04
2.226000000000000000e+04
2.077500000000000000e+04
1.994500000000000000e+04
1.835700000000000000e+04
1.740900000000000000e+04
1.622700000000000000e+04
1.523500000000000000e+04
1.456800000000000000e+04
1.382100000000000000e+04
1.326400000000000000e+04
1.242600000000000000e+04
1.193700000000000000e+04
1.158600000000000000e+04
1.081900000000000000e+04
1.033200000000000000e+04
9.775000000000000000e+03
9.445000000000000000e+03
9.171000000000000000e+03
8.774000000000000000e+03
8.333000000000000000e+03
7.972000000000000000e+03
7.822000000000000000e+03
8.420000000000000000e+03
8.588000000000000000e+03
9.067000000000000000e+03
9.504000000000000000e+03
9.736000000000000000e+03
1.042200000000000000e+04
1.062800000000000000e+04
1.159300000000000000e+04
1.203900000000000000e+04
1.233000000000000000e+04
1.292600000000000000e+04
1.381900000000000000e+04
1.475500000000000000e+04
1.540100000000000000e+04
1.639900000000000000e+04
1.751600000000000000e+04
1.860000000000000000e+04
1.958200000000000000e+04
2.069900000000000000e+04
2.207800000000000000e+04
2.371000000000000000e+04
2.556800000000000000e+04
2.736100000000000000e+04
2.948500000000000000e+04
3.150600000000000000e+04
3.462000000000000000e+04
3.762600000000000000e+04
4.104200000000000000e+04
4.485400000000000000e+04
4.862600000000000000e+04
5.413400000000000000e+04
6.011300000000000000e+04
6.696900000000000000e+04
7.480200000000000000e+04
8.484900000000000000e+04
9.600300000000000000e+04
1.096770000000000000e+05
1.267910000000000000e+05
1.472230000000000000e+05
1.721600000000000000e+05
2.054990000000000000e+05
2.452140000000000000e+05
2.955450000000000000e+05
3.607080000000000000e+05
4.405340000000000000e+05
5.355080000000000000e+05
6.357130000000000000e+05
7.288320000000000000e+05
7.868530000000000000e+05
7.848720000000000000e+05
7.278820000000000000e+05
6.369260000000000000e+05
5.351100000000000000e+05
4.408500000000000000e+05
3.612700000000000000e+05
2.964960000000000000e+05
2.452130000000000000e+05
2.048370000000000000e+05
1.726880000000000000e+05
1.468450000000000000e+05
1.264700000000000000e+05
1.102560000000000000e+05
9.595000000000000000e+04
8.476000000000000000e+04
7.517600000000000000e+04
6.676300000000000000e+04
6.018000000000000000e+04
5.450400000000000000e+04
4.885700000000000000e+04
4.474500000000000000e+04
4.075100000000000000e+04
3.751100000000000000e+04
3.481800000000000000e+04
3.211900000000000000e+04
2.948000000000000000e+04
2.751600000000000000e+04
2.574900000000000000e+04
2.375100000000000000e+04
2.226000000000000000e+04
2.077500000000000000e+04
1.994500000000000000e+04
1.835700000000000000e+04
1.740900000000000000e+04
1.622700000000000000e+04
1.523500000000000000e+04
1.456800000000000000e+04
1.382100000000000000e+04
1.326400000000000000e+04
1.242600000000000000e+04
1.193700000000000000e+04
1.158600000000000000e+04
1.081900000000000000e+04
1.033200000000000000e+04
9.775000000000000000e+03
9.445000000000000000e+03
9.171000000000000000e+03
8.774000000000000000e+03
8.333000000000000000e+03
7.972000000000000000e+03
7.822000000000000000e+03
8.420000000000000000e+03
8.588000000000000000e+03
9.067000000000000000e+03
9.504000000000000000e+03
9.736000000000000000e+03
1.042200000000000000e+04
1.062800000000000000e+04
1.159300000000000000e+04
1.203900000000000000e+04
1.233000000000000000e+04
1.292600000000000000e+04
1.381900000000000000e+04
1.475500000000000000e+04
1.540100000000000000e+04
1.639900000000000000e+04
1.751600000000000000e+04
1.860000000000000000e+04
1.958200000000000000e+04
2.069900000000000000e+04
2.207800000000000000e+04
2.371000000000000000e+04
2.556800000000000000e+04
2.736100000000000000e+04
2.948500000000000000e+04
3.150600000000000000e+04
3.462000000000000000e+04
3.762600000000000000e+04
4.104200000000000000e+04
4.485400000000000000e+04
4.862600000000000000e+04
5.413400000000000000e+04
6.011300000000000000e+04
6.696900000000000000e+04
7.480200000000000000e+04
8.484900000000000000e+04
9.600300000000000000e+04
1.096770000000000000e+05
1.267910000000000000e+05
1.472230000000000000e+05
1.721600000000000000e+05
2.054990000000000000e+05
2.452140000000000000e+05
2.955450000000000000e+05
3.607080000000000000e+05
4.405340000000000000e+05
5.355080000000000000e+05
6.357130000000000000e+05
7.288320000000000000e+05
7.868530000000000000e+05
7.848720000000000000e+05
7.278820000000000000e+05
6.369260000000000000e+05
5.351100000000000000e+05
4.408500000000000000e+05
3.612700000000000000e+05
2.964960000000000000e+05
2.452130000000000000e+05
2.048370000000000000e+05
1.726880000000000000e+05
1.468450000000000000e+05
1.264700000000000000e+05
1.102560000000000000e+05
9.595000000000000000e+04
8.476000000000000000e+04
7.517600000000000000e+04
6.676300000000000000e+04
6.018000000000000000e+04
5.450400000000000000e+04
4.885700000000000000e+04
4.474500000000000000e+04
4.075100000000000000e+04
3.751100000000000000e+04
3.481800000000000000e+04
3.211900000000000000e+04
2.948000000000000000e+04
2.751600000000000000e+04
2.574900000000000000e+04
2.375100000000000000e+04
2.226000000000000000e+04
2.077500000000000000e+04
1.994500000000000000e+04
1.835700000000000000e+04
1.740900000000000000e+04
1.622700000000000000e+04
1.523500000000000000e+04
1.456800000000000000e+04
1.382100000000000000e+04
1.326400000000000000e+04
1.242600000000000000e+04
1.193700000000000000e+04
1.158600000000000000e+04
1.081900000000000000e+04
1.033200000000000000e+04
9.775000000000000000e+03
9.445000000000000000e+03
9.171000000000000000e+03
8.774000000000000000e+03
8.333000000000000000e+03
7.972000000000000000e+03
7.822000000000000000e+03
8.420000000000000000e+03
8.588000000000000000e+03
9.067000000000000000e+03
9.504000000000000000e+03
9.736000000000000000e+03
1.042200000000000000e+04
1.062800000000000000e+04
1.159300000000000000e+04
1.203900000000000000e+04
1.233000000000000000e+04
1.292600000000000000e+04
1.381900000000000000e+04
1.475500000000000000e+04
1.540100000000000000e+04
1.639900000000000000e+04
1.751600000000000000e+04
1.860000000000000000e+04
1.958200000000000000e+04
2.069900000000000000e+04
2.207800000000000000e+04
2.371000000000000000e+04
2.556800000000000000e+04
2.736100000000000000e+04
2.948500000000000000e+04
3.150600000000000000e+04
3.462000000000000000e+04
3.762600000000000000e+04
4.104200000000000000e+04
4.485400000000000000e+04
4.862600000000000000e+04
5.413400000000000000e+04
6.011300000000000000e+04
6.696900000000000000e+04
7.480200000000000000e+04
8.484900000000000000e+04
9.600300000000000000e+04
1.096770000000000000e+05
1.267910000000000000e+05
1.472230000000000000e+05
1.721600000000000000e+05
2.054990000000000000e+05
2.452140000000000000e+05
2.955450000000000000e+05
3.607080000000000000e+05
4.405340000000000000e+05
5.355080000000000000e+05
6.357130000000000000e+05
7.288320000000000000e+05
7.868530000000000000e+05
7.848720000000000000e+05
7.278820000000000000e+05
6.369260000000000000e+05
5.351100000000000000e+05
4.408500000000000000e+05
3.612700000000000000e+05
2.964960000000000000e+05
2.452130000000000000e+05
2.048370000000000000e+05
1.726880000000000000e+05
1.468450000000000000e+05
1.264700000000000000e+05
1.102560000000000000e+05
9.595000000000000000e+04
8.476000000000000000e+04
7.517600000000000000e+04
6.676300000000000000e+04
6.018000000000000000e+04
5.450400000000000000e+04
4.885700000000000000e+04
4.474500000000000000e+04
4.075100000000000000e+04
3.751100000000000000e+04
3.481800000000000000e+04
3.211900000000000000e+04
2.948000000000000000e+04
2.751600000000000000e+04
2.574900000000000000e+04
2.375100000000000000e+04
2.226000000000000000e+04
2.077500000000000000e+04
1.994500000000000000e+04
1.835700000000000000e+04
1.740900000000000000e+04
1.622700000000000000e+04
1.523500000000000000e+04
1.456800000000000000e+04
1.382100000000000000e+04
1.326400000000000000e+04
1.242600000000000000e+04
1.193700000000000000e+04
1.158600000000000000e+04
1.081900000000000000e+04
1.033200000000000000e+04
9.775000000000000000e+03
9.445000000000000000e+03
9.171000000000000000e+03
8.774000000000000000e+03
8.333000000000000000e+03
7.972000000000000000e+03
7.822000000000000000e+03
8.420000000000000000e+03
8.588000000000000000e+03
9.067000000000000000e+03
9.504000000000000000e+03
9.736000000000000000e+03
1.042200000000000000e+04
1.062800000000000000e+04
1.159300000000000000e+04
1.203900000000000000e+04
1.233000000000000000e+04
1.292600000000000000e+04
1.381900000000000000e+04
1.475500000000000000e+04
1.540100000000000000e+04
1.639900000000000000e+04
1.751600000000000000e+04
1.860000000000000000e+04
1.958200000000000000e+04
2.069900000000000000e+04
2.207800000000000000e+04
2.371000000000000000e+04
2.556800000000000000e+04
2.736100000000000000e+04
2.948500000000000000e+04
3.150600000000000000e+04
3.462000000000000000e+04
3.762600000000000000e+04
4.104200000000000000e+04
4.485400000000000000e+04
4.862600000000000000e+04
5.413400000000000000e+04
6.011300000000000000e+04
6.696900000000000000e+04
7.480200000000000000e+04
8.484900000000000000e+04
9.600300000000000000e+04
1.096770000000000000e+05
1.267910000000000000e+05
1.472230000000000000e+05
1.721600000000000000e+05
2.054990000000000000e+05
2.452140000000000000e+05
2.955450000000000000e+05
3.607080000000000000e+05
4.405340000000000000e+05
5.355080000000000000e+05
6.357130000000000000e+05
7.288320000000000000e+05
7.868530000000000000e+05
7.848720000000000000e+05
7.278820000000000000e+05
6.369260000000000000e+05
5.351100000000000000e+05
4.408500000000000000e+05
3.612700000000000000e+05
2.964960000000000000e+05
2.452130000000000000e+05
2.048370000000000000e+05
1.726880000000000000e+05
1.468450000000000000e+05
1.264700000000000000e+05
1.102560000000000000e+05
9.595000000000000000e+04
8.476000000000000000e+04
7.517600000000000000e+04
6.676300000000000000e+04
6.018000000000000000e+04
5.450400000000000000e+04
4.885700000000000000e+04
4.474500000000000000e+04
4.075100000000000000e+04
3.751100000000000000e+04
3.481800000000000000e+04
3.211900000000000000e+04
2.948000000000000000e+04
2.751600000000000000e+04
2.574900000000000000e+04
2.375100000000000000e+04
2.226000000000000000e+04
2.077500000000000000e+04
1.994500000000000000e+04
1.835700000000000000e+04
1.740900000000000000e+04
1.622700000000000000e+04
1.523500000000000000e+04
1.456800000000000000e+04
1.382100000000000000e+04
1.326400000000000000e+04
1.242600000000000000e+04
1.193700000000000000e+04
1.158600000000000000e+04
1.081900000000000000e+04
1.033200000000000000e+04
9.775000000000000000e+03
9.445000000000000000e+03
9.171000000000000000e+03
8.774000000000000000e+03
8.333000000000000000e+03
7.972000000000000000e+03
7.822000000000000000e+03
8.420000000000000000e+03
8.588000000000000000e+03
9.067000000000000000e+03
9.504000000000000000e+03
9.736000000000000000e+03
1.042200000000000000e+04
1.062800000000000000e+04
1.159300000000000000e+04
1.203900000000000000e+04
1.233000000000000000e+04
1.292600000000000000e+04
1.381900000000000000e+04
1.475500000000000000e+04
1.540100000000000000e+04
1.639900000000000000e+04
1.751600000000000000e+04
1.860000000000000000e+04
1.958200000000000000e+04
2.069900000000000000e+04
2.207800000000000000e+04
2.371000000000000000e+04
2.556800000000000000e+04
2.736100000000000000e+04
2.948500000000000000e+04
3.150600000000000000e+04
3.462000000000000000e+04
3.762600000000000000e+04
4.104200000000000000e+04
4.485400000000000000e+04
4.862600000000000000e+04
5.413400000000000000e+04
6.011300000000000000e+04
6.696900000000000000e+04
7.480200000000000000e+04
8.484900000000000000e+04
9.600300000000000000e+04
1.096770000000000000e+05
1.267910000000000000e+05
1.472230000000000000e+05
1.721600000000000000e+05
2.054990000000000000e+05
2.452140000000000000e+05
2.955450000000000000e+05
3.607080000000000000e+05
4.405340000000000000e+05
5.355080000000000000e+05
6.357130000000000000e+05
7.288320000000000000e+05
7.868530000000000000e+05
7.848720000000000000e+05
7.278820000000000000e+05
6.369260000000000000e+05
5.351100000000000000e+05
4.408500000000000000e+05
3.612700000000000000e+05
2.964960000000000000e+05
2.452130000000000000e+05
2.048370000000000000e+05
1.726880000000000000e+05
1.468450000000000000e+05
1.264700000000000000e+05
1.102560000000000000e+05
9.595000000000000000e+04
8.476000000000000000e+04
7.517600000000000000e+04
6.676300000000000000e+04
6.018000000000000000e+04
5.450400000000000000e+04
4.885700000000000000e+04
4.474500000000000000e+04
4.075100000000000000e+04
3.751100000000000000e+04
3.481800000000000000e+04
3.211900000000000000e+04
2.948000000000000000e+04
2.751600000000000000e+04
2.574900000000000000e+04
2.375100000000000000e+04
2.226000000000000000e+04
2.077500000000000000e+04
1.994500000000000000e+04
1.835700000000000000e+04
1.740900000000000000e+04
1.622700000000000000e+04
1.523500000000000000e+04
1.456800000000000000e+04
1.382100000000000000e+04
1.326400000000000000e+04
1.242600000000000000e+04
1.193700000000000000e+04
1.158600000000000000e+04
1.081900000000000000e+04
1.033200000000000000e+04
9.775000000000000000e+03
9.445000000000000000e+03
9.171000000000000000e+03
8.774000000000000000e+03
8.333000000000000000e+03
7.972000000000000000e+03
7.822000000000000000e+03
8.420000000000000000e+03
8.588000000000000000e+03
9.067000000000000000e+03
9.504000000000000000e+03
9.736000000000000000e+03
1.042200000000000000e+04
1.062800000000000000e+04
1.159300000000000000e+04
1.203900000000000000e+04
1.233000000000000000e+04
1.292600000000000000e+04
1.381900000000000000e+04
1.475500000000000000e+04
1.540100000000000000e+04
1.639900000000000000e+04
1.751600000000000000e+04
1.860000000000000000e+04
1.958200000000000000e+04
2.069900000000000000e+04
2.207800000000000000e+04
2.371000000000000000e+04
2.556800000000000000e+04
2.736100000000000000e+04
2.948500000000000000e+04
3.150600000000000000e+04
3.462000000000000000e+04
3.762600000000000000e+04
4.104200000000000000e+04
4.485400000000000000e+04
4.862600000000000000e+04
5.413400000000000000e+04
6.011300000000000000e+04
6.696900000000000000e+04
7.480200000000000000e+04
8.484900000000000000e+04
9.600300000000000000e+04
1.096770000000000000e+05
1.267910000000000000e+05
1.472230000000000000e+05
1.721600000000000000e+05
2.054990000000000000e+05
2.452140000000000000e+05
2.955450000000000000e+05
3.607080000000000000e+05
4.405340000000000000e+05
5.355080000000000000e+05
6.357130000000000000e+05
7.288320000000000000e+05
7.868530000000000000e+05
7.848720000000000000e+05
7.278820000000000000e+05
6.369260000000000000e+05
5.351100000000000000e+05
4.408500000000000000e+05
3.612700000000000000e+05
2.964960000000000000e+05
2.452130000000000000e+05
2.048370000000000000e+05
1.726880000000000000e+05
1.468450000000000000e+05
1.264700000000000000e+05
1.102560000000000000e+05
9.595000000000000000e+04
8.476000000000000000e+04
7.517600000000000000e+04
6.676300000000000000e+04
6.018000000000000000e+04
5.450400000000000000e+04
4.885700000000000000e+04
4.474500000000000000e+04
4.075100000000000000e+04
3.751100000000000000e+04
3.481800000000000000e+04
3.211900000000000000e+04
2.948000000000000000e+04
2.751600000000000000e+04
2.574900000000000000e+04
2.375100000000000000e+04
2.226000000000000000e+04
2.077500000000000000e+04
1.994500000000000000e+04
1.835700000000000000e+04
1.740900000000000000e+04
1.622700000000000000e+04
1.523500000000000000e+04
1.456800000000000000e+04
1.382100000000000000e+04
1.326400000000000000e+04
1.242600000000000000e+04
1.193700000000000000e+04
1.158600000000000000e+04
1.081900000000000000e+04
1.033200000000000000e+04
9.775000000000000000e+03
9.445000000000000000e+03
9.171000000000000000e+03
8.774000000000000000e+03
8.333000000000000000e+03
7.972000000000000000e+03
7.822000000000000000e+03
8.420000000000000000e+03
8.588000000000000000e+03
9.067000000000000000e+03
9.504000000000000000e+03
9.736000000000000000e+03
1.042200000000000000e+04
1.062800000000000000e+04
1.159300000000000000e+04
1.203900000000000000e+04
1.233000000000000000e+04
1.292600000000000000e+04
1.381900000000000000e+04
1.475500000000000000e+04
1.540100000000000000e+04
1.639900000000000000e+04
1.751600000000000000e+04
1.860000000000000000e+04
1.958200000000000000e+04
2.069900000000000000e+04
2.207800000000000000e+04
2.371000000000000000e+04
2.556800000000000000e+04
2.736100000000000000e+04
2.948500000000000000e+04
3.150600000000000000e+04
3.462000000000000000e+04
3.762600000000000000e+04
4.104200000000000000e+04
4.485400000000000000e+04
4.862600000000000000e+04
5.413400000000000000e+04
6.011300000000000000e+04
6.696900000000000000e+04
7.480200000000000000e+04
8.484900000000000000e+04
9.600300000000000000e+04
1.096770000000000000e+05
1.267910000000000000e+05
1.472230000000000000e+05
1.721600000000000000e+05
2.054990000000000000e+05
2.452140000000000000e+05
2.955450000000000000e+05
3.607080000000000000e+05
4.405340000000000000e+05
5.355080000000000000e+05
6.357130000000000000e+05
7.288320000000000000e+05
7.868530000000000000e+05
7.848720000000000000e+05
7.278820000000000000e+05
6.369260000000000000e+05
5.351100000000000000e+05
4.408500000000000000e+05
3.612700000000000000e+05
2.964960000000000000e+05
2.452130000000000000e+05
2.048370000000000000e+05
1.726880000000000000e+05
1.468450000000000000e+05
1.264700000000000000e+05
1.102560000000000000e+05
9.595000000000000000e+04
8.476000000000000000e+04
7.517600000000000000e+04
6.676300000000000000e+04
6.018000000000000000e+04
5.450400000000000000e+04
4.885700000000000000e+04
4.474500000000000000e+04
4.075100000000000000e+04
3.751100000000000000e+04
3.481800000000000000e+04
3.211900000000000000e+04
2.948000000000000000e+04
2.751600000000000000e+04
2.574900000000000000e+04
2.375100000000000000e+04
2.226000000000000000e+04
2.077500000000000000e+04
1.994500000000000000e+04
1.835700000000000000e+04
1.740900000000000000e+04
1.622700000000000000e+04
1.523500000000000000e+04
1.456800000000000000e+04
1.382100000000000000e+04
1.326400000000000000e+04
1.242600000000000000e+04
1.193700000000000000e+04
1.158600000000000000e+04
1.081900000000000000e+04
1.033200000000000000e+04
9.775000000000000000e+03
9.445000000000000000e+03
9.171000000000000000e+03
8.774000000000000000e+03
8.333000000000000000e+03
7.972000000000000000e+03
