1.975000000000000000e+03
2.109000000000000000e+03
2.145000000000000000e+03
2.282000000000000000e+03
2.334000000000000000e+03
2.485000000000000000e+03
2.527000000000000000e+03
2.688000000000000000e+03
2.918000000000000000e+03
2.932000000000000000e+03
3.146000000000000000e+03
3.219000000000000000e+03
3.471000000000000000e+03
3.800000000000000000e+03
3.903000000000000000e+03
4.131000000000000000e+03
4.333000000000000000e+03
4.581000000000000000e+03
5.006000000000000000e+03
5.282000000000000000e+03
5.464000000000000000e+03
5.968000000000000000e+03
6.310000000000000000e+03
6.902000000000000000e+03
7.266000000000000000e+03
8.000000000000000000e+03
8.500000000000000000e+03
9.476000000000000000e+03
1.014900000000000000e+04
1.118200000000000000e+04
1.216700000000000000e+04
1.368500000000000000e+04
1.493800000000000000e+04
1.679000000000000000e+04
1.873500000000000000e+04
2.103600000000000000e+04
2.434200000000000000e+04
2.739400000000000000e+04
3.175200000000000000e+04
3.663500000000000000e+04
4.308900000000000000e+04
5.127700000000000000e+04
6.122100000000000000e+04
7.395800000000000000e+04
9.012800000000000000e+04
1.097480000000000000e+05
1.334410000000000000e+05
1.592300000000000000e+05
1.819600000000000000e+05
1.968380000000000000e+05
1.963640000000000000e+05
1.822280000000000000e+05
1.592350000000000000e+05
1.338360000000000000e+05
1.099660000000000000e+05
9.030200000000000000e+04
7.444500000000000000e+04
6.093600000000000000e+04
5.112500000000000000e+04
4.302900000000000000e+04
3.701700000000000000e+04
3.143000000000000000e+04
2.714400000000000000e+04
2.410700000000000000e+04
2.131700000000000000e+04
1.874400000000000000e+04
1.671800000000000000e+04
1.528000000000000000e+04
1.361600000000000000e+04
1.214900000000000000e+04
1.130000000000000000e+04
1.014600000000000000e+04
9.183000000000000000e+03
8.473000000000000000e+03
8.023000000000000000e+03
7.361000000000000000e+03
6.849000000000000000e+03
6.357000000000000000e+03
6.002000000000000000e+03
5.568000000000000000e+03
5.197000000000000000e+03
4.990000000000000000e+03
4.734000000000000000e+03
4.347000000000000000e+03
4.174000000000000000e+03
3.853000000000000000e+03
3.730000000000000000e+03
3.427000000000000000e+03
3.335000000000000000e+03
3.247000000000000000e+03
2.962000000000000000e+03
2.830000000000000000e+03
2.769000000000000000e+03
2.562000000000000000e+03
2.434000000000000000e+03
2.389000000000000000e+03
2.316000000000000000e+03
2.193000000000000000e+03
2.068000000000000000e+03
2.011000000000000000e+03
1.975000000000000000e+03
2.109000000000000000e+03
2.145000000000000000e+03
2.282000000000000000e+03
2.334000000000000000e+03
2.485000000000000000e+03
2.527000000000000000e+03
2.688000000000000000e+03
2.918000000000000000e+03
2.932000000000000000e+03
3.146000000000000000e+03
3.219000000000000000e+03
3.471000000000000000e+03
3.800000000000000000e+03
3.903000000000000000e+03
4.131000000000000000e+03
4.333000000000000000e+03
4.581000000000000000e+03
5.006000000000000000e+03
5.282000000000000000e+03
5.464000000000000000e+03
5.968000000000000000e+03
6.310000000000000000e+03
6.902000000000000000e+03
7.266000000000000000e+03
8.000000000000000000e+03
8.500000000000000000e+03
9.476000000000000000e+03
1.014900000000000000e+04
1.118200000000000000e+04
1.216700000000000000e+04
1.368500000000000000e+04
1.493800000000000000e+04
1.679000000000000000e+04
1.873500000000000000e+04
2.103600000000000000e+04
2.434200000000000000e+04
2.739400000000000000e+04
3.175200000000000000e+04
3.663500000000000000e+04
4.308900000000000000e+04
5.127700000000000000e+04
6.122100000000000000e+04
7.395800000000000000e+04
9.012800000000000000e+04
1.097480000000000000e+05
1.334410000000000000e+05
1.592300000000000000e+05
1.819600000000000000e+05
1.968380000000000000e+05
1.963640000000000000e+05
1.822280000000000000e+05
1.592350000000000000e+05
1.338360000000000000e+05
1.099660000000000000e+05
9.030200000000000000e+04
7.444500000000000000e+04
6.093600000000000000e+04
5.112500000000000000e+04
4.302900000000000000e+04
3.701700000000000000e+04
3.143000000000000000e+04
2.714400000000000000e+04
2.410700000000000000e+04
2.131700000000000000e+04
1.874400000000000000e+04
1.671800000000000000e+04
1.528000000000000000e+04
1.361600000000000000e+04
1.214900000000000000e+04
1.130000000000000000e+04
1.014600000000000000e+04
9.183000000000000000e+03
8.473000000000000000e+03
8.023000000000000000e+03
7.361000000000000000e+03
6.849000000000000000e+03
6.357000000000000000e+03
6.002000000000000000e+03
5.568000000000000000e+03
5.197000000000000000e+03
4.990000000000000000e+03
4.734000000000000000e+03
4.347000000000000000e+03
4.174000000000000000e+03
3.853000000000000000e+03
3.730000000000000000e+03
3.427000000000000000e+03
3.335000000000000000e+03
3.247000000000000000e+03
2.962000000000000000e+03
2.830000000000000000e+03
2.769000000000000000e+03
2.562000000000000000e+03
2.434000000000000000e+03
2.389000000000000000e+03
2.316000000000000000e+03
2.193000000000000000e+03
2.068000000000000000e+03
2.011000000000000000e+03
1.975000000000000000e+03
2.109000000000000000e+03
2.145000000000000000e+03
2.282000000000000000e+03
2.334000000000000000e+03
2.485000000000000000e+03
2.527000000000000000e+03
2.688000000000000000e+03
2.918000000000000000e+03
2.932000000000000000e+03
3.146000000000000000e+03
3.219000000000000000e+03
3.471000000000000000e+03
3.800000000000000000e+03
3.903000000000000000e+03
4.131000000000000000e+03
4.333000000000000000e+03
4.581000000000000000e+03
5.006000000000000000e+03
5.282000000000000000e+03
5.464000000000000000e+03
5.968000000000000000e+03
6.310000000000000000e+03
6.902000000000000000e+03
7.266000000000000000e+03
8.000000000000000000e+03
8.500000000000000000e+03
9.476000000000000000e+03
1.014900000000000000e+04
1.118200000000000000e+04
1.216700000000000000e+04
1.368500000000000000e+04
1.493800000000000000e+04
1.679000000000000000e+04
1.873500000000000000e+04
2.103600000000000000e+04
2.434200000000000000e+04
2.739400000000000000e+04
3.175200000000000000e+04
3.663500000000000000e+04
4.308900000000000000e+04
5.127700000000000000e+04
6.122100000000000000e+04
7.395800000000000000e+04
9.012800000000000000e+04
1.097480000000000000e+05
1.334410000000000000e+05
1.592300000000000000e+05
1.819600000000000000e+05
1.968380000000000000e+05
1.963640000000000000e+05
1.822280000000000000e+05
1.592350000000000000e+05
1.338360000000000000e+05
1.099660000000000000e+05
9.030200000000000000e+04
7.444500000000000000e+04
6.093600000000000000e+04
5.112500000000000000e+04
4.302900000000000000e+04
3.701700000000000000e+04
3.143000000000000000e+04
2.714400000000000000e+04
2.410700000000000000e+04
2.131700000000000000e+04
1.874400000000000000e+04
1.671800000000000000e+04
1.528000000000000000e+04
1.361600000000000000e+04
1.214900000000000000e+04
1.130000000000000000e+04
1.014600000000000000e+04
9.183000000000000000e+03
8.473000000000000000e+03
8.023000000000000000e+03
7.361000000000000000e+03
6.849000000000000000e+03
6.357000000000000000e+03
6.002000000000000000e+03
5.568000000000000000e+03
5.197000000000000000e+03
4.990000000000000000e+03
4.734000000000000000e+03
4.347000000000000000e+03
4.174000000000000000e+03
3.853000000000000000e+03
3.730000000000000000e+03
3.427000000000000000e+03
3.335000000000000000e+03
3.247000000000000000e+03
2.962000000000000000e+03
2.830000000000000000e+03
2.769000000000000000e+03
2.562000000000000000e+03
2.434000000000000000e+03
2.389000000000000000e+03
2.316000000000000000e+03
2.193000000000000000e+03
2.068000000000000000e+03
2.011000000000000000e+03
1.975000000000000000e+03
2.109000000000000000e+03
2.145000000000000000e+03
2.282000000000000000e+03
2.334000000000000000e+03
2.485000000000000000e+03
2.527000000000000000e+03
2.688000000000000000e+03
2.918000000000000000e+03
2.932000000000000000e+03
3.146000000000000000e+03
3.219000000000000000e+03
3.471000000000000000e+03
3.800000000000000000e+03
3.903000000000000000e+03
4.131000000000000000e+03
4.333000000000000000e+03
4.581000000000000000e+03
5.006000000000000000e+03
5.282000000000000000e+03
5.464000000000000000e+03
5.968000000000000000e+03
6.310000000000000000e+03
6.902000000000000000e+03
7.266000000000000000e+03
8.000000000000000000e+03
8.500000000000000000e+03
9.476000000000000000e+03
1.014900000000000000e+04
1.118200000000000000e+04
1.216700000000000000e+04
1.368500000000000000e+04
1.493800000000000000e+04
1.679000000000000000e+04
1.873500000000000000e+04
2.103600000000000000e+04
2.434200000000000000e+04
2.739400000000000000e+04
3.175200000000000000e+04
3.663500000000000000e+04
4.308900000000000000e+04
5.127700000000000000e+04
6.122100000000000000e+04
7.395800000000000000e+04
9.012800000000000000e+04
1.097480000000000000e+05
1.334410000000000000e+05
1.592300000000000000e+05
1.819600000000000000e+05
1.968380000000000000e+05
1.963640000000000000e+05
1.822280000000000000e+05
1.592350000000000000e+05
1.338360000000000000e+05
1.099660000000000000e+05
9.030200000000000000e+04
7.444500000000000000e+04
6.093600000000000000e+04
5.112500000000000000e+04
4.302900000000000000e+04
3.701700000000000000e+04
3.143000000000000000e+04
2.714400000000000000e+04
2.410700000000000000e+04
2.131700000000000000e+04
1.874400000000000000e+04
1.671800000000000000e+04
1.528000000000000000e+04
1.361600000000000000e+04
1.214900000000000000e+04
1.130000000000000000e+04
1.014600000000000000e+04
9.183000000000000000e+03
8.473000000000000000e+03
8.023000000000000000e+03
7.361000000000000000e+03
6.849000000000000000e+03
6.357000000000000000e+03
6.002000000000000000e+03
5.568000000000000000e+03
5.197000000000000000e+03
4.990000000000000000e+03
4.734000000000000000e+03
4.347000000000000000e+03
4.174000000000000000e+03
3.853000000000000000e+03
3.730000000000000000e+03
3.427000000000000000e+03
3.335000000000000000e+03
3.247000000000000000e+03
2.962000000000000000e+03
2.830000000000000000e+03
2.769000000000000000e+03
2.562000000000000000e+03
2.434000000000000000e+03
2.389000000000000000e+03
2.316000000000000000e+03
2.193000000000000000e+03
2.068000000000000000e+03
2.011000000000000000e+03
1.975000000000000000e+03
2.109000000000000000e+03
2.145000000000000000e+03
2.282000000000000000e+03
2.334000000000000000e+03
2.485000000000000000e+03
2.527000000000000000e+03
2.688000000000000000e+03
2.918000000000000000e+03
2.932000000000000000e+03
3.146000000000000000e+03
3.219000000000000000e+03
3.471000000000000000e+03
3.800000000000000000e+03
3.903000000000000000e+03
4.131000000000000000e+03
4.333000000000000000e+03
4.581000000000000000e+03
5.006000000000000000e+03
5.282000000000000000e+03
5.464000000000000000e+03
5.968000000000000000e+03
6.310000000000000000e+03
6.902000000000000000e+03
7.266000000000000000e+03
8.000000000000000000e+03
8.500000000000000000e+03
9.476000000000000000e+03
1.014900000000000000e+04
1.118200000000000000e+04
1.216700000000000000e+04
1.368500000000000000e+04
1.493800000000000000e+04
1.679000000000000000e+04
1.873500000000000000e+04
2.103600000000000000e+04
2.434200000000000000e+04
2.739400000000000000e+04
3.175200000000000000e+04
3.663500000000000000e+04
4.308900000000000000e+04
5.127700000000000000e+04
6.122100000000000000e+04
7.395800000000000000e+04
9.012800000000000000e+04
1.097480000000000000e+05
1.334410000000000000e+05
1.592300000000000000e+05
1.819600000000000000e+05
1.968380000000000000e+05
1.963640000000000000e+05
1.822280000000000000e+05
1.592350000000000000e+05
1.338360000000000000e+05
1.099660000000000000e+05
9.030200000000000000e+04
7.444500000000000000e+04
6.093600000000000000e+04
5.112500000000000000e+04
4.302900000000000000e+04
3.701700000000000000e+04
3.143000000000000000e+04
2.714400000000000000e+04
2.410700000000000000e+04
2.131700000000000000e+04
1.874400000000000000e+04
1.671800000000000000e+04
1.528000000000000000e+04
1.361600000000000000e+04
1.214900000000000000e+04
1.130000000000000000e+04
1.014600000000000000e+04
9.183000000000000000e+03
8.473000000000000000e+03
8.023000000000000000e+03
7.361000000000000000e+03
6.849000000000000000e+03
6.357000000000000000e+03
6.002000000000000000e+03
5.568000000000000000e+03
5.197000000000000000e+03
4.990000000000000000e+03
4.734000000000000000e+03
4.347000000000000000e+03
4.174000000000000000e+03
3.853000000000000000e+03
3.730000000000000000e+03
3.427000000000000000e+03
3.335000000000000000e+03
3.247000000000000000e+03
2.962000000000000000e+03
2.830000000000000000e+03
2.769000000000000000e+03
2.562000000000000000e+03
2.434000000000000000e+03
2.389000000000000000e+03
2.316000000000000000e+03
2.193000000000000000e+03
2.068000000000000000e+03
2.011000000000000000e+03
1.975000000000000000e+03
2.109000000000000000e+03
2.145000000000000000e+03
2.282000000000000000e+03
2.334000000000000000e+03
2.485000000000000000e+03
2.527000000000000000e+03
2.688000000000000000e+03
2.918000000000000000e+03
2.932000000000000000e+03
3.146000000000000000e+03
3.219000000000000000e+03
3.471000000000000000e+03
3.800000000000000000e+03
3.903000000000000000e+03
4.131000000000000000e+03
4.333000000000000000e+03
4.581000000000000000e+03
5.006000000000000000e+03
5.282000000000000000e+03
5.464000000000000000e+03
5.968000000000000000e+03
6.310000000000000000e+03
6.902000000000000000e+03
7.266000000000000000e+03
8.000000000000000000e+03
8.500000000000000000e+03
9.476000000000000000e+03
1.014900000000000000e+04
1.118200000000000000e+04
1.216700000000000000e+04
1.368500000000000000e+04
1.493800000000000000e+04
1.679000000000000000e+04
1.873500000000000000e+04
2.103600000000000000e+04
2.434200000000000000e+04
2.739400000000000000e+04
3.175200000000000000e+04
3.663500000000000000e+04
4.308900000000000000e+04
5.127700000000000000e+04
6.122100000000000000e+04
7.395800000000000000e+04
9.012800000000000000e+04
1.097480000000000000e+05
1.334410000000000000e+05
1.592300000000000000e+05
1.819600000000000000e+05
1.968380000000000000e+05
1.963640000000000000e+05
1.822280000000000000e+05
1.592350000000000000e+05
1.338360000000000000e+05
1.099660000000000000e+05
9.030200000000000000e+04
7.444500000000000000e+04
6.093600000000000000e+04
5.112500000000000000e+04
4.302900000000000000e+04
3.701700000000000000e+04
3.143000000000000000e+04
2.714400000000000000e+04
2.410700000000000000e+04
2.131700000000000000e+04
1.874400000000000000e+04
1.671800000000000000e+04
1.528000000000000000e+04
1.361600000000000000e+04
1.214900000000000000e+04
1.130000000000000000e+04
1.014600000000000000e+04
9.183000000000000000e+03
8.473000000000000000e+03
8.023000000000000000e+03
7.361000000000000000e+03
6.849000000000000000e+03
6.357000000000000000e+03
6.002000000000000000e+03
5.568000000000000000e+03
5.197000000000000000e+03
4.990000000000000000e+03
4.734000000000000000e+03
4.347000000000000000e+03
4.174000000000000000e+03
3.853000000000000000e+03
3.730000000000000000e+03
3.427000000000000000e+03
3.335000000000000000e+03
3.247000000000000000e+03
2.962000000000000000e+03
2.830000000000000000e+03
2.769000000000000000e+03
2.562000000000000000e+03
2.434000000000000000e+03
2.389000000000000000e+03
2.316000000000000000e+03
2.193000000000000000e+03
2.068000000000000000e+03
2.011000000000000000e+03
1.975000000000000000e+03
2.109000000000000000e+03
2.145000000000000000e+03
2.282000000000000000e+03
2.334000000000000000e+03
2.485000000000000000e+03
2.527000000000000000e+03
2.688000000000000000e+03
2.918000000000000000e+03
2.932000000000000000e+03
3.146000000000000000e+03
3.219000000000000000e+03
3.471000000000000000e+03
3.800000000000000000e+03
3.903000000000000000e+03
4.131000000000000000e+03
4.333000000000000000e+03
4.581000000000000000e+03
5.006000000000000000e+03
5.282000000000000000e+03
5.464000000000000000e+03
5.968000000000000000e+03
6.310000000000000000e+03
6.902000000000000000e+03
7.266000000000000000e+03
8.000000000000000000e+03
8.500000000000000000e+03
9.476000000000000000e+03
1.014900000000000000e+04
1.118200000000000000e+04
1.216700000000000000e+04
1.368500000000000000e+04
1.493800000000000000e+04
1.679000000000000000e+04
1.873500000000000000e+04
2.103600000000000000e+04
2.434200000000000000e+04
2.739400000000000000e+04
3.175200000000000000e+04
3.663500000000000000e+04
4.308900000000000000e+04
5.127700000000000000e+04
6.122100000000000000e+04
7.395800000000000000e+04
9.012800000000000000e+04
1.097480000000000000e+05
1.334410000000000000e+05
1.592300000000000000e+05
1.819600000000000000e+05
1.968380000000000000e+05
1.963640000000000000e+05
1.822280000000000000e+05
1.592350000000000000e+05
1.338360000000000000e+05
1.099660000000000000e+05
9.030200000000000000e+04
7.444500000000000000e+04
6.093600000000000000e+04
5.112500000000000000e+04
4.302900000000000000e+04
3.701700000000000000e+04
3.143000000000000000e+04
2.714400000000000000e+04
2.410700000000000000e+04
2.131700000000000000e+04
1.874400000000000000e+04
1.671800000000000000e+04
1.528000000000000000e+04
1.361600000000000000e+04
1.214900000000000000e+04
1.130000000000000000e+04
1.014600000000000000e+04
9.183000000000000000e+03
8.473000000000000000e+03
8.023000000000000000e+03
7.361000000000000000e+03
6.849000000000000000e+03
6.357000000000000000e+03
6.002000000000000000e+03
5.568000000000000000e+03
5.197000000000000000e+03
4.990000000000000000e+03
4.734000000000000000e+03
4.347000000000000000e+03
4.174000000000000000e+03
3.853000000000000000e+03
3.730000000000000000e+03
3.427000000000000000e+03
3.335000000000000000e+03
3.247000000000000000e+03
2.962000000000000000e+03
2.830000000000000000e+03
2.769000000000000000e+03
2.562000000000000000e+03
2.434000000000000000e+03
2.389000000000000000e+03
2.316000000000000000e+03
2.193000000000000000e+03
2.068000000000000000e+03
2.011000000000000000e+03
1.975000000000000000e+03
2.109000000000000000e+03
2.145000000000000000e+03
2.282000000000000000e+03
2.334000000000000000e+03
2.485000000000000000e+03
2.527000000000000000e+03
2.688000000000000000e+03
2.918000000000000000e+03
2.932000000000000000e+03
3.146000000000000000e+03
3.219000000000000000e+03
3.471000000000000000e+03
3.800000000000000000e+03
3.903000000000000000e+03
4.131000000000000000e+03
4.333000000000000000e+03
4.581000000000000000e+03
5.006000000000000000e+03
5.282000000000000000e+03
5.464000000000000000e+03
5.968000000000000000e+03
6.310000000000000000e+03
6.902000000000000000e+03
7.266000000000000000e+03
8.000000000000000000e+03
8.500000000000000000e+03
9.476000000000000000e+03
1.014900000000000000e+04
1.118200000000000000e+04
1.216700000000000000e+04
1.368500000000000000e+04
1.493800000000000000e+04
1.679000000000000000e+04
1.873500000000000000e+04
2.103600000000000000e+04
2.434200000000000000e+04
2.739400000000000000e+04
3.175200000000000000e+04
3.663500000000000000e+04
4.308900000000000000e+04
5.127700000000000000e+04
6.122100000000000000e+04
7.395800000000000000e+04
9.012800000000000000e+04
1.097480000000000000e+05
1.334410000000000000e+05
1.592300000000000000e+05
1.819600000000000000e+05
1.968380000000000000e+05
1.963640000000000000e+05
1.822280000000000000e+05
1.592350000000000000e+05
1.338360000000000000e+05
1.099660000000000000e+05
9.030200000000000000e+04
7.444500000000000000e+04
6.093600000000000000e+04
5.112500000000000000e+04
4.302900000000000000e+04
3.701700000000000000e+04
3.143000000000000000e+04
2.714400000000000000e+04
2.410700000000000000e+04
2.131700000000000000e+04
1.874400000000000000e+04
1.671800000000000000e+04
1.528000000000000000e+04
1.361600000000000000e+04
1.214900000000000000e+04
1.130000000000000000e+04
1.014600000000000000e+04
9.183000000000000000e+03
8.473000000000000000e+03
8.023000000000000000e+03
7.361000000000000000e+03
6.849000000000000000e+03
6.357000000000000000e+03
6.002000000000000000e+03
5.568000000000000000e+03
5.197000000000000000e+03
4.990000000000000000e+03
4.734000000000000000e+03
4.347000000000000000e+03
4.174000000000000000e+03
3.853000000000000000e+03
3.730000000000000000e+03
3.427000000000000000e+03
3.335000000000000000e+03
3.247000000000000000e+03
2.962000000000000000e+03
2.830000000000000000e+03
2.769000000000000000e+03
2.562000000000000000e+03
2.434000000000000000e+03
2.389000000000000000e+03
2.316000000000000000e+03
2.193000000000000000e+03
2.068000000000000000e+03
2.011000000000000000e+03
1.975000000000000000e+03
2.109000000000000000e+03
2.145000000000000000e+03
2.282000000000000000e+03
2.334000000000000000e+03
2.485000000000000000e+03
2.527000000000000000e+03
2.688000000000000000e+03
2.918000000000000000e+03
2.932000000000000000e+03
3.146000000000000000e+03
3.219000000000000000e+03
3.471000000000000000e+03
3.800000000000000000e+03
3.903000000000000000e+03
4.131000000000000000e+03
4.333000000000000000e+03
4.581000000000000000e+03
5.006000000000000000e+03
5.282000000000000000e+03
5.464000000000000000e+03
5.968000000000000000e+03
6.310000000000000000e+03
6.902000000000000000e+03
7.266000000000000000e+03
8.000000000000000000e+03
8.500000000000000000e+03
9.476000000000000000e+03
1.014900000000000000e+04
1.118200000000000000e+04
1.216700000000000000e+04
1.368500000000000000e+04
1.493800000000000000e+04
1.679000000000000000e+04
1.873500000000000000e+04
2.103600000000000000e+04
2.434200000000000000e+04
2.739400000000000000e+04
3.175200000000000000e+04
3.663500000000000000e+04
4.308900000000000000e+04
5.127700000000000000e+04
6.122100000000000000e+04
7.395800000000000000e+04
9.012800000000000000e+04
1.097480000000000000e+05
1.334410000000000000e+05
1.592300000000000000e+05
1.819600000000000000e+05
1.968380000000000000e+05
1.963640000000000000e+05
1.822280000000000000e+05
1.592350000000000000e+05
1.338360000000000000e+05
1.099660000000000000e+05
9.030200000000000000e+04
7.444500000000000000e+04
6.093600000000000000e+04
5.112500000000000000e+04
4.302900000000000000e+04
3.701700000000000000e+04
3.143000000000000000e+04
2.714400000000000000e+04
2.410700000000000000e+04
2.131700000000000000e+04
1.874400000000000000e+04
1.671800000000000000e+04
1.528000000000000000e+04
1.361600000000000000e+04
1.214900000000000000e+04
1.130000000000000000e+04
1.014600000000000000e+04
9.183000000000000000e+03
8.473000000000000000e+03
8.023000000000000000e+03
7.361000000000000000e+03
6.849000000000000000e+03
6.357000000000000000e+03
6.002000000000000000e+03
5.568000000000000000e+03
5.197000000000000000e+03
4.990000000000000000e+03
4.734000000000000000e+03
4.347000000000000000e+03
4.174000000000000000e+03
3.853000000000000000e+03
3.730000000000000000e+03
3.427000000000000000e+03
3.335000000000000000e+03
3.247000000000000000e+03
2.962000000000000000e+03
2.830000000000000000e+03
2.769000000000000000e+03
2.562000000000000000e+03
2.434000000000000000e+03
2.389000000000000000e+03
2.316000000000000000e+03
2.193000000000000000e+03
2.068000000000000000e+03
2.011000000000000000e+03
1.975000000000000000e+03
2.109000000000000000e+03
2.145000000000000000e+03
2.282000000000000000e+03
2.334000000000000000e+03
2.485000000000000000e+03
2.527000000000000000e+03
2.688000000000000000e+03
2.918000000000000000e+03
2.932000000000000000e+03
3.146000000000000000e+03
3.219000000000000000e+03
3.471000000000000000e+03
3.800000000000000000e+03
3.903000000000000000e+03
4.131000000000000000e+03
4.333000000000000000e+03
4.581000000000000000e+03
5.006000000000000000e+03
5.282000000000000000e+03
5.464000000000000000e+03
5.968000000000000000e+03
6.310000000000000000e+03
6.902000000000000000e+03
7.266000000000000000e+03
8.000000000000000000e+03
8.500000000000000000e+03
9.476000000000000000e+03
1.014900000000000000e+04
1.118200000000000000e+04
1.216700000000000000e+04
1.368500000000000000e+04
1.493800000000000000e+04
1.679000000000000000e+04
1.873500000000000000e+04
2.103600000000000000e+04
2.434200000000000000e+04
2.739400000000000000e+04
3.175200000000000000e+04
3.663500000000000000e+04
4.308900000000000000e+04
5.127700000000000000e+04
6.122100000000000000e+04
7.395800000000000000e+04
9.012800000000000000e+04
1.097480000000000000e+05
1.334410000000000000e+05
1.592300000000000000e+05
1.819600000000000000e+05
1.968380000000000000e+05
1.963640000000000000e+05
1.822280000000000000e+05
1.592350000000000000e+05
1.338360000000000000e+05
1.099660000000000000e+05
9.030200000000000000e+04
7.444500000000000000e+04
6.093600000000000000e+04
5.112500000000000000e+04
4.302900000000000000e+04
3.701700000000000000e+04
3.143000000000000000e+04
2.714400000000000000e+04
2.410700000000000000e+04
2.131700000000000000e+04
1.874400000000000000e+04
1.671800000000000000e+04
1.528000000000000000e+04
1.361600000000000000e+04
1.214900000000000000e+04
1.130000000000000000e+04
1.014600000000000000e+04
9.183000000000000000e+03
8.473000000000000000e+03
8.023000000000000000e+03
7.361000000000000000e+03
6.849000000000000000e+03
6.357000000000000000e+03
6.002000000000000000e+03
5.568000000000000000e+03
5.197000000000000000e+03
4.990000000000000000e+03
4.734000000000000000e+03
4.347000000000000000e+03
4.174000000000000000e+03
3.853000000000000000e+03
3.730000000000000000e+03
3.427000000000000000e+03
3.335000000000000000e+03
3.247000000000000000e+03
2.962000000000000000e+03
2.830000000000000000e+03
2.769000000000000000e+03
2.562000000000000000e+03
2.434000000000000000e+03
2.389000000000000000e+03
2.316000000000000000e+03
2.193000000000000000e+03
2.068000000000000000e+03
2.011000000000000000e+03
1.975000000000000000e+03
2.109000000000000000e+03
2.145000000000000000e+03
2.282000000000000000e+03
2.334000000000000000e+03
2.485000000000000000e+03
2.527000000000000000e+03
2.688000000000000000e+03
2.918000000000000000e+03
2.932000000000000000e+03
3.146000000000000000e+03
3.219000000000000000e+03
3.471000000000000000e+03
3.800000000000000000e+03
3.903000000000000000e+03
4.131000000000000000e+03
4.333000000000000000e+03
4.581000000000000000e+03
5.006000000000000000e+03
5.282000000000000000e+03
5.464000000000000000e+03
5.968000000000000000e+03
6.310000000000000000e+03
6.902000000000000000e+03
7.266000000000000000e+03
8.000000000000000000e+03
8.500000000000000000e+03
9.476000000000000000e+03
1.014900000000000000e+04
1.118200000000000000e+04
1.216700000000000000e+04
1.368500000000000000e+04
1.493800000000000000e+04
1.679000000000000000e+04
1.873500000000000000e+04
2.103600000000000000e+04
2.434200000000000000e+04
2.739400000000000000e+04
3.175200000000000000e+04
3.663500000000000000e+04
4.308900000000000000e+04
5.127700000000000000e+04
6.122100000000000000e+04
7.395800000000000000e+04
9.012800000000000000e+04
1.097480000000000000e+05
1.334410000000000000e+05
1.592300000000000000e+05
1.819600000000000000e+05
1.968380000000000000e+05
1.963640000000000000e+05
1.822280000000000000e+05
1.592350000000000000e+05
1.338360000000000000e+05
1.099660000000000000e+05
9.030200000000000000e+04
7.444500000000000000e+04
6.093600000000000000e+04
5.112500000000000000e+04
4.302900000000000000e+04
3.701700000000000000e+04
3.143000000000000000e+04
2.714400000000000000e+04
2.410700000000000000e+04
2.131700000000000000e+04
1.874400000000000000e+04
1.671800000000000000e+04
1.528000000000000000e+04
1.361600000000000000e+04
1.214900000000000000e+04
1.130000000000000000e+04
1.014600000000000000e+04
9.183000000000000000e+03
8.473000000000000000e+03
8.023000000000000000e+03
7.361000000000000000e+03
6.849000000000000000e+03
6.357000000000000000e+03
6.002000000000000000e+03
5.568000000000000000e+03
5.197000000000000000e+03
4.990000000000000000e+03
4.734000000000000000e+03
4.347000000000000000e+03
4.174000000000000000e+03
3.853000000000000000e+03
3.730000000000000000e+03
3.427000000000000000e+03
3.335000000000000000e+03
3.247000000000000000e+03
2.962000000000000000e+03
2.830000000000000000e+03
2.769000000000000000e+03
2.562000000000000000e+03
2.434000000000000000e+03
2.389000000000000000e+03
2.316000000000000000e+03
2.193000000000000000e+03
2.068000000000000000e+03
2.011000000000000000e+03
1.975000000000000000e+03
2.109000000000000000e+03
2.145000000000000000e+03
2.282000000000000000e+03
2.334000000000000000e+03
2.485000000000000000e+03
2.527000000000000000e+03
2.688000000000000000e+03
2.918000000000000000e+03
2.932000000000000000e+03
3.146000000000000000e+03
3.219000000000000000e+03
3.471000000000000000e+03
3.800000000000000000e+03
3.903000000000000000e+03
4.131000000000000000e+03
4.333000000000000000e+03
4.581000000000000000e+03
5.006000000000000000e+03
5.282000000000000000e+03
5.464000000000000000e+03
5.968000000000000000e+03
6.310000000000000000e+03
6.902000000000000000e+03
7.266000000000000000e+03
8.000000000000000000e+03
8.500000000000000000e+03
9.476000000000000000e+03
1.014900000000000000e+04
1.118200000000000000e+04
1.216700000000000000e+04
1.368500000000000000e+04
1.493800000000000000e+04
1.679000000000000000e+04
1.873500000000000000e+04
2.103600000000000000e+04
2.434200000000000000e+04
2.739400000000000000e+04
3.175200000000000000e+04
3.663500000000000000e+04
4.308900000000000000e+04
5.127700000000000000e+04
6.122100000000000000e+04
7.395800000000000000e+04
9.012800000000000000e+04
1.097480000000000000e+05
1.334410000000000000e+05
1.592300000000000000e+05
1.819600000000000000e+05
1.968380000000000000e+05
1.963640000000000000e+05
1.822280000000000000e+05
1.592350000000000000e+05
1.338360000000000000e+05
1.099660000000000000e+05
9.030200000000000000e+04
7.444500000000000000e+04
6.093600000000000000e+04
5.112500000000000000e+04
4.302900000000000000e+04
3.701700000000000000e+04
3.143000000000000000e+04
2.714400000000000000e+04
2.410700000000000000e+04
2.131700000000000000e+04
1.874400000000000000e+04
1.671800000000000000e+04
1.528000000000000000e+04
1.361600000000000000e+04
1.214900000000000000e+04
1.130000000000000000e+04
1.014600000000000000e+04
9.183000000000000000e+03
8.473000000000000000e+03
8.023000000000000000e+03
7.361000000000000000e+03
6.849000000000000000e+03
6.357000000000000000e+03
6.002000000000000000e+03
5.568000000000000000e+03
5.197000000000000000e+03
4.990000000000000000e+03
4.734000000000000000e+03
4.347000000000000000e+03
4.174000000000000000e+03
3.853000000000000000e+03
3.730000000000000000e+03
3.427000000000000000e+03
3.335000000000000000e+03
3.247000000000000000e+03
2.962000000000000000e+03
2.830000000000000000e+03
2.769000000000000000e+03
2.562000000000000000e+03
2.434000000000000000e+03
2.389000000000000000e+03
2.316000000000000000e+03
2.193000000000000000e+03
2.068000000000000000e+03
2.011000000000000000e+03
1.975000000000000000e+03
2.109000000000000000e+03
2.145000000000000000e+03
2.282000000000000000e+03
2.334000000000000000e+03
2.485000000000000000e+03
2.527000000000000000e+03
2.688000000000000000e+03
2.918000000000000000e+03
2.932000000000000000e+03
3.146000000000000000e+03
3.219000000000000000e+03
3.471000000000000000e+03
3.800000000000000000e+03
3.903000000000000000e+03
4.131000000000000000e+03
4.333000000000000000e+03
4.581000000000000000e+03
5.006000000000000000e+03
5.282000000000000000e+03
5.464000000000000000e+03
5.968000000000000000e+03
6.310000000000000000e+03
6.902000000000000000e+03
7.266000000000000000e+03
8.000000000000000000e+03
8.500000000000000000e+03
9.476000000000000000e+03
1.014900000000000000e+04
1.118200000000000000e+04
1.216700000000000000e+04
1.368500000000000000e+04
1.493800000000000000e+04
1.679000000000000000e+04
1.873500000000000000e+04
2.103600000000000000e+04
2.434200000000000000e+04
2.739400000000000000e+04
3.175200000000000000e+04
3.663500000000000000e+04
4.308900000000000000e+04
5.127700000000000000e+04
6.122100000000000000e+04
7.395800000000000000e+04
9.012800000000000000e+04
1.097480000000000000e+05
1.334410000000000000e+05
1.592300000000000000e+05
1.819600000000000000e+05
1.968380000000000000e+05
1.963640000000000000e+05
1.822280000000000000e+05
1.592350000000000000e+05
1.338360000000000000e+05
1.099660000000000000e+05
9.030200000000000000e+04
7.444500000000000000e+04
6.093600000000000000e+04
5.112500000000000000e+04
4.302900000000000000e+04
3.701700000000000000e+04
3.143000000000000000e+04
2.714400000000000000e+04
2.410700000000000000e+04
2.131700000000000000e+04
1.874400000000000000e+04
1.671800000000000000e+04
1.528000000000000000e+04
1.361600000000000000e+04
1.214900000000000000e+04
1.130000000000000000e+04
1.014600000000000000e+04
9.183000000000000000e+03
8.473000000000000000e+03
8.023000000000000000e+03
7.361000000000000000e+03
6.849000000000000000e+03
6.357000000000000000e+03
6.002000000000000000e+03
5.568000000000000000e+03
5.197000000000000000e+03
4.990000000000000000e+03
4.734000000000000000e+03
4.347000000000000000e+03
4.174000000000000000e+03
3.853000000000000000e+03
3.730000000000000000e+03
3.427000000000000000e+03
3.335000000000000000e+03
3.247000000000000000e+03
2.962000000000000000e+03
2.830000000000000000e+03
2.769000000000000000e+03
2.562000000000000000e+03
2.434000000000000000e+03
2.389000000000000000e+03
2.316000000000000000e+03
2.193000000000000000e+03
2.068000000000000000e+03
2.011000000000000000e+03
1.975000000000000000e+03
2.109000000000000000e+03
2.145000000000000000e+03
2.282000000000000000e+03
2.334000000000000000e+03
2.485000000000000000e+03
2.527000000000000000e+03
2.688000000000000000e+03
2.918000000000000000e+03
2.932000000000000000e+03
3.146000000000000000e+03
3.219000000000000000e+03
3.471000000000000000e+03
3.800000000000000000e+03
3.903000000000000000e+03
4.131000000000000000e+03
4.333000000000000000e+03
4.581000000000000000e+03
5.006000000000000000e+03
5.282000000000000000e+03
5.464000000000000000e+03
5.968000000000000000e+03
6.310000000000000000e+03
6.902000000000000000e+03
7.266000000000000000e+03
8.000000000000000000e+03
8.500000000000000000e+03
9.476000000000000000e+03
1.014900000000000000e+04
1.118200000000000000e+04
1.216700000000000000e+04
1.368500000000000000e+04
1.493800000000000000e+04
1.679000000000000000e+04
1.873500000000000000e+04
2.103600000000000000e+04
2.434200000000000000e+04
2.739400000000000000e+04
3.175200000000000000e+04
3.663500000000000000e+04
4.308900000000000000e+04
5.127700000000000000e+04
6.122100000000000000e+04
7.395800000000000000e+04
9.012800000000000000e+04
1.097480000000000000e+05
1.334410000000000000e+05
1.592300000000000000e+05
1.819600000000000000e+05
1.968380000000000000e+05
1.963640000000000000e+05
1.822280000000000000e+05
1.592350000000000000e+05
1.338360000000000000e+05
1.099660000000000000e+05
9.030200000000000000e+04
7.444500000000000000e+04
6.093600000000000000e+04
5.112500000000000000e+04
4.302900000000000000e+04
3.701700000000000000e+04
3.143000000000000000e+04
2.714400000000000000e+04
2.410700000000000000e+04
2.131700000000000000e+04
1.874400000000000000e+04
1.671800000000000000e+04
1.528000000000000000e+04
1.361600000000000000e+04
1.214900000000000000e+04
1.130000000000000000e+04
1.014600000000000000e+04
9.183000000000000000e+03
8.473000000000000000e+03
8.023000000000000000e+03
7.361000000000000000e+03
6.849000000000000000e+03
6.357000000000000000e+03
6.002000000000000000e+03
5.568000000000000000e+03
5.197000000000000000e+03
4.990000000000000000e+03
4.734000000000000000e+03
4.347000000000000000e+03
4.174000000000000000e+03
3.853000000000000000e+03
3.730000000000000000e+03
3.427000000000000000e+03
3.335000000000000000e+03
3.247000000000000000e+03
2.962000000000000000e+03
2.830000000000000000e+03
2.769000000000000000e+03
2.562000000000000000e+03
2.434000000000000000e+03
2.389000000000000000e+03
2.316000000000000000e+03
2.193000000000000000e+03
2.068000000000000000e+03
2.011000000000000000e+03
1.975000000000000000e+03
2.109000000000000000e+03
2.145000000000000000e+03
2.282000000000000000e+03
2.334000000000000000e+03
2.485000000000000000e+03
2.527000000000000000e+03
2.688000000000000000e+03
2.918000000000000000e+03
2.932000000000000000e+03
3.146000000000000000e+03
3.219000000000000000e+03
3.471000000000000000e+03
3.800000000000000000e+03
3.903000000000000000e+03
4.131000000000000000e+03
4.333000000000000000e+03
4.581000000000000000e+03
5.006000000000000000e+03
5.282000000000000000e+03
5.464000000000000000e+03
5.968000000000000000e+03
6.310000000000000000e+03
6.902000000000000000e+03
7.266000000000000000e+03
8.000000000000000000e+03
8.500000000000000000e+03
9.476000000000000000e+03
1.014900000000000000e+04
1.118200000000000000e+04
1.216700000000000000e+04
1.368500000000000000e+04
1.493800000000000000e+04
1.679000000000000000e+04
1.873500000000000000e+04
2.103600000000000000e+04
2.434200000000000000e+04
2.739400000000000000e+04
3.175200000000000000e+04
3.663500000000000000e+04
4.308900000000000000e+04
5.127700000000000000e+04
6.122100000000000000e+04
7.395800000000000000e+04
9.012800000000000000e+04
1.097480000000000000e+05
1.334410000000000000e+05
1.592300000000000000e+05
1.819600000000000000e+05
1.968380000000000000e+05
1.963640000000000000e+05
1.822280000000000000e+05
1.592350000000000000e+05
1.338360000000000000e+05
1.099660000000000000e+05
9.030200000000000000e+04
7.444500000000000000e+04
6.093600000000000000e+04
5.112500000000000000e+04
4.302900000000000000e+04
3.701700000000000000e+04
3.143000000000000000e+04
2.714400000000000000e+04
2.410700000000000000e+04
2.131700000000000000e+04
1.874400000000000000e+04
1.671800000000000000e+04
1.528000000000000000e+04
1.361600000000000000e+04
1.214900000000000000e+04
1.130000000000000000e+04
1.014600000000000000e+04
9.183000000000000000e+03
8.473000000000000000e+03
8.023000000000000000e+03
7.361000000000000000e+03
6.849000000000000000e+03
6.357000000000000000e+03
6.002000000000000000e+03
5.568000000000000000e+03
5.197000000000000000e+03
4.990000000000000000e+03
4.734000000000000000e+03
4.347000000000000000e+03
4.174000000000000000e+03
3.853000000000000000e+03
3.730000000000000000e+03
3.427000000000000000e+03
3.335000000000000000e+03
3.247000000000000000e+03
2.962000000000000000e+03
2.830000000000000000e+03
2.769000000000000000e+03
2.562000000000000000e+03
2.434000000000000000e+03
2.389000000000000000e+03
2.316000000000000000e+03
2.193000000000000000e+03
2.068000000000000000e+03
2.011000000000000000e+03
1.975000000000000000e+03
2.109000000000000000e+03
2.145000000000000000e+03
2.282000000000000000e+03
2.334000000000000000e+03
2.485000000000000000e+03
2.527000000000000000e+03
2.688000000000000000e+03
2.918000000000000000e+03
2.932000000000000000e+03
3.146000000000000000e+03
3.219000000000000000e+03
3.471000000000000000e+03
3.800000000000000000e+03
3.903000000000000000e+03
4.131000000000000000e+03
4.333000000000000000e+03
4.581000000000000000e+03
5.006000000000000000e+03
5.282000000000000000e+03
5.464000000000000000e+03
5.968000000000000000e+03
6.310000000000000000e+03
6.902000000000000000e+03
7.266000000000000000e+03
8.000000000000000000e+03
8.500000000000000000e+03
9.476000000000000000e+03
1.014900000000000000e+04
1.118200000000000000e+04
1.216700000000000000e+04
1.368500000000000000e+04
1.493800000000000000e+04
1.679000000000000000e+04
1.873500000000000000e+04
2.103600000000000000e+04
2.434200000000000000e+04
2.739400000000000000e+04
3.175200000000000000e+04
3.663500000000000000e+04
4.308900000000000000e+04
5.127700000000000000e+04
6.122100000000000000e+04
7.395800000000000000e+04
9.012800000000000000e+04
1.097480000000000000e+05
1.334410000000000000e+05
1.592300000000000000e+05
1.819600000000000000e+05
1.968380000000000000e+05
1.963640000000000000e+05
1.822280000000000000e+05
1.592350000000000000e+05
1.338360000000000000e+05
1.099660000000000000e+05
9.030200000000000000e+04
7.444500000000000000e+04
6.093600000000000000e+04
5.112500000000000000e+04
4.302900000000000000e+04
3.701700000000000000e+04
3.143000000000000000e+04
2.714400000000000000e+04
2.410700000000000000e+04
2.131700000000000000e+04
1.874400000000000000e+04
1.671800000000000000e+04
1.528000000000000000e+04
1.361600000000000000e+04
1.214900000000000000e+04
1.130000000000000000e+04
1.014600000000000000e+04
9.183000000000000000e+03
8.473000000000000000e+03
8.023000000000000000e+03
7.361000000000000000e+03
6.849000000000000000e+03
6.357000000000000000e+03
6.002000000000000000e+03
5.568000000000000000e+03
5.197000000000000000e+03
4.990000000000000000e+03
4.734000000000000000e+03
4.347000000000000000e+03
4.174000000000000000e+03
3.853000000000000000e+03
3.730000000000000000e+03
3.427000000000000000e+03
3.335000000000000000e+03
3.247000000000000000e+03
2.962000000000000000e+03
2.830000000000000000e+03
2.769000000000000000e+03
2.562000000000000000e+03
2.434000000000000000e+03
2.389000000000000000e+03
2.316000000000000000e+03
2.193000000000000000e+03
2.068000000000000000e+03
2.011000000000000000e+03
1.975000000000000000e+03
2.109000000000000000e+03
2.145000000000000000e+03
2.282000000000000000e+03
2.334000000000000000e+03
2.485000000000000000e+03
2.527000000000000000e+03
2.688000000000000000e+03
2.918000000000000000e+03
2.932000000000000000e+03
3.146000000000000000e+03
3.219000000000000000e+03
3.471000000000000000e+03
3.800000000000000000e+03
3.903000000000000000e+03
4.131000000000000000e+03
4.333000000000000000e+03
4.581000000000000000e+03
5.006000000000000000e+03
5.282000000000000000e+03
5.464000000000000000e+03
5.968000000000000000e+03
6.310000000000000000e+03
6.902000000000000000e+03
7.266000000000000000e+03
8.000000000000000000e+03
8.500000000000000000e+03
9.476000000000000000e+03
1.014900000000000000e+04
1.118200000000000000e+04
1.216700000000000000e+04
1.368500000000000000e+04
1.493800000000000000e+04
1.679000000000000000e+04
1.873500000000000000e+04
2.103600000000000000e+04
2.434200000000000000e+04
2.739400000000000000e+04
3.175200000000000000e+04
3.663500000000000000e+04
4.308900000000000000e+04
5.127700000000000000e+04
6.122100000000000000e+04
7.395800000000000000e+04
9.012800000000000000e+04
1.097480000000000000e+05
1.334410000000000000e+05
1.592300000000000000e+05
1.819600000000000000e+05
1.968380000000000000e+05
1.963640000000000000e+05
1.822280000000000000e+05
1.592350000000000000e+05
1.338360000000000000e+05
1.099660000000000000e+05
9.030200000000000000e+04
7.444500000000000000e+04
6.093600000000000000e+04
5.112500000000000000e+04
4.302900000000000000e+04
3.701700000000000000e+04
3.143000000000000000e+04
2.714400000000000000e+04
2.410700000000000000e+04
2.131700000000000000e+04
1.874400000000000000e+04
1.671800000000000000e+04
1.528000000000000000e+04
1.361600000000000000e+04
1.214900000000000000e+04
1.130000000000000000e+04
1.014600000000000000e+04
9.183000000000000000e+03
8.473000000000000000e+03
8.023000000000000000e+03
7.361000000000000000e+03
6.849000000000000000e+03
6.357000000000000000e+03
6.002000000000000000e+03
5.568000000000000000e+03
5.197000000000000000e+03
4.990000000000000000e+03
4.734000000000000000e+03
4.347000000000000000e+03
4.174000000000000000e+03
3.853000000000000000e+03
3.730000000000000000e+03
3.427000000000000000e+03
3.335000000000000000e+03
3.247000000000000000e+03
2.962000000000000000e+03
2.830000000000000000e+03
2.769000000000000000e+03
2.562000000000000000e+03
2.434000000000000000e+03
2.389000000000000000e+03
2.316000000000000000e+03
2.193000000000000000e+03
2.068000000000000000e+03
2.011000000000000000e+03
1.975000000000000000e+03
2.109000000000000000e+03
2.145000000000000000e+03
2.282000000000000000e+03
2.334000000000000000e+03
2.485000000000000000e+03
2.527000000000000000e+03
2.688000000000000000e+03
2.918000000000000000e+03
2.932000000000000000e+03
3.146000000000000000e+03
3.219000000000000000e+03
3.471000000000000000e+03
3.800000000000000000e+03
3.903000000000000000e+03
4.131000000000000000e+03
4.333000000000000000e+03
4.581000000000000000e+03
5.006000000000000000e+03
5.282000000000000000e+03
5.464000000000000000e+03
5.968000000000000000e+03
6.310000000000000000e+03
6.902000000000000000e+03
7.266000000000000000e+03
8.000000000000000000e+03
8.500000000000000000e+03
9.476000000000000000e+03
1.014900000000000000e+04
1.118200000000000000e+04
1.216700000000000000e+04
1.368500000000000000e+04
1.493800000000000000e+04
1.679000000000000000e+04
1.873500000000000000e+04
2.103600000000000000e+04
2.434200000000000000e+04
2.739400000000000000e+04
3.175200000000000000e+04
3.663500000000000000e+04
4.308900000000000000e+04
5.127700000000000000e+04
6.122100000000000000e+04
7.395800000000000000e+04
9.012800000000000000e+04
1.097480000000000000e+05
1.334410000000000000e+05
1.592300000000000000e+05
1.819600000000000000e+05
1.968380000000000000e+05
1.963640000000000000e+05
1.822280000000000000e+05
1.592350000000000000e+05
1.338360000000000000e+05
1.099660000000000000e+05
9.030200000000000000e+04
7.444500000000000000e+04
6.093600000000000000e+04
5.112500000000000000e+04
4.302900000000000000e+04
3.701700000000000000e+04
3.143000000000000000e+04
2.714400000000000000e+04
2.410700000000000000e+04
2.131700000000000000e+04
1.874400000000000000e+04
1.671800000000000000e+04
1.528000000000000000e+04
1.361600000000000000e+04
1.214900000000000000e+04
1.130000000000000000e+04
1.014600000000000000e+04
9.183000000000000000e+03
8.473000000000000000e+03
8.023000000000000000e+03
7.361000000000000000e+03
6.849000000000000000e+03
6.357000000000000000e+03
6.002000000000000000e+03
5.568000000000000000e+03
5.197000000000000000e+03
4.990000000000000000e+03
4.734000000000000000e+03
4.347000000000000000e+03
4.174000000000000000e+03
3.853000000000000000e+03
3.730000000000000000e+03
3.427000000000000000e+03
3.335000000000000000e+03
3.247000000000000000e+03
2.962000000000000000e+03
2.830000000000000000e+03
2.769000000000000000e+03
2.562000000000000000e+03
2.434000000000000000e+03
2.389000000000000000e+03
2.316000000000000000e+03
2.193000000000000000e+03
2.068000000000000000e+03
2.011000000000000000e+03
1.975000000000000000e+03
2.109000000000000000e+03
2.145000000000000000e+03
2.282000000000000000e+03
2.334000000000000000e+03
2.485000000000000000e+03
2.527000000000000000e+03
2.688000000000000000e+03
2.918000000000000000e+03
2.932000000000000000e+03
3.146000000000000000e+03
3.219000000000000000e+03
3.471000000000000000e+03
3.800000000000000000e+03
3.903000000000000000e+03
4.131000000000000000e+03
4.333000000000000000e+03
4.581000000000000000e+03
5.006000000000000000e+03
5.282000000000000000e+03
5.464000000000000000e+03
5.968000000000000000e+03
6.310000000000000000e+03
6.902000000000000000e+03
7.266000000000000000e+03
8.000000000000000000e+03
8.500000000000000000e+03
9.476000000000000000e+03
1.014900000000000000e+04
1.118200000000000000e+04
1.216700000000000000e+04
1.368500000000000000e+04
1.493800000000000000e+04
1.679000000000000000e+04
1.873500000000000000e+04
2.103600000000000000e+04
2.434200000000000000e+04
2.739400000000000000e+04
3.175200000000000000e+04
3.663500000000000000e+04
4.308900000000000000e+04
5.127700000000000000e+04
6.122100000000000000e+04
7.395800000000000000e+04
9.012800000000000000e+04
1.097480000000000000e+05
1.334410000000000000e+05
1.592300000000000000e+05
1.819600000000000000e+05
1.968380000000000000e+05
1.963640000000000000e+05
1.822280000000000000e+05
1.592350000000000000e+05
1.338360000000000000e+05
1.099660000000000000e+05
9.030200000000000000e+04
7.444500000000000000e+04
6.093600000000000000e+04
5.112500000000000000e+04
4.302900000000000000e+04
3.701700000000000000e+04
3.143000000000000000e+04
2.714400000000000000e+04
2.410700000000000000e+04
2.131700000000000000e+04
1.874400000000000000e+04
1.671800000000000000e+04
1.528000000000000000e+04
1.361600000000000000e+04
1.214900000000000000e+04
1.130000000000000000e+04
1.014600000000000000e+04
9.183000000000000000e+03
8.473000000000000000e+03
8.023000000000000000e+03
7.361000000000000000e+03
6.849000000000000000e+03
6.357000000000000000e+03
6.002000000000000000e+03
5.568000000000000000e+03
5.197000000000000000e+03
4.990000000000000000e+03
4.734000000000000000e+03
4.347000000000000000e+03
4.174000000000000000e+03
3.853000000000000000e+03
3.730000000000000000e+03
3.427000000000000000e+03
3.335000000000000000e+03
3.247000000000000000e+03
2.962000000000000000e+03
2.830000000000000000e+03
2.769000000000000000e+03
2.562000000000000000e+03
2.434000000000000000e+03
2.389000000000000000e+03
2.316000000000000000e+03
2.193000000000000000e+03
2.068000000000000000e+03
2.011000000000000000e+03
1.975000000000000000e+03
2.109000000000000000e+03
2.145000000000000000e+03
2.282000000000000000e+03
2.334000000000000000e+03
2.485000000000000000e+03
2.527000000000000000e+03
2.688000000000000000e+03
2.918000000000000000e+03
2.932000000000000000e+03
3.146000000000000000e+03
3.219000000000000000e+03
3.471000000000000000e+03
3.800000000000000000e+03
3.903000000000000000e+03
4.131000000000000000e+03
4.333000000000000000e+03
4.581000000000000000e+03
5.006000000000000000e+03
5.282000000000000000e+03
5.464000000000000000e+03
5.968000000000000000e+03
6.310000000000000000e+03
6.902000000000000000e+03
7.266000000000000000e+03
8.000000000000000000e+03
8.500000000000000000e+03
9.476000000000000000e+03
1.014900000000000000e+04
1.118200000000000000e+04
1.216700000000000000e+04
1.368500000000000000e+04
1.493800000000000000e+04
1.679000000000000000e+04
1.873500000000000000e+04
2.103600000000000000e+04
2.434200000000000000e+04
2.739400000000000000e+04
3.175200000000000000e+04
3.663500000000000000e+04
4.308900000000000000e+04
5.127700000000000000e+04
6.122100000000000000e+04
7.395800000000000000e+04
9.012800000000000000e+04
1.097480000000000000e+05
1.334410000000000000e+05
1.592300000000000000e+05
1.819600000000000000e+05
1.968380000000000000e+05
1.963640000000000000e+05
1.822280000000000000e+05
1.592350000000000000e+05
1.338360000000000000e+05
1.099660000000000000e+05
9.030200000000000000e+04
7.444500000000000000e+04
6.093600000000000000e+04
5.112500000000000000e+04
4.302900000000000000e+04
3.701700000000000000e+04
3.143000000000000000e+04
2.714400000000000000e+04
2.410700000000000000e+04
2.131700000000000000e+04
1.874400000000000000e+04
1.671800000000000000e+04
1.528000000000000000e+04
1.361600000000000000e+04
1.214900000000000000e+04
1.130000000000000000e+04
1.014600000000000000e+04
9.183000000000000000e+03
8.473000000000000000e+03
8.023000000000000000e+03
7.361000000000000000e+03
6.849000000000000000e+03
6.357000000000000000e+03
6.002000000000000000e+03
5.568000000000000000e+03
5.197000000000000000e+03
4.990000000000000000e+03
4.734000000000000000e+03
4.347000000000000000e+03
4.174000000000000000e+03
3.853000000000000000e+03
3.730000000000000000e+03
3.427000000000000000e+03
3.335000000000000000e+03
3.247000000000000000e+03
2.962000000000000000e+03
2.830000000000000000e+03
2.769000000000000000e+03
2.562000000000000000e+03
2.434000000000000000e+03
2.389000000000000000e+03
2.316000000000000000e+03
2.193000000000000000e+03
2.068000000000000000e+03
2.011000000000000000e+03
1.975000000000000000e+03
2.109000000000000000e+03
2.145000000000000000e+03
2.282000000000000000e+03
2.334000000000000000e+03
2.485000000000000000e+03
2.527000000000000000e+03
2.688000000000000000e+03
2.918000000000000000e+03
2.932000000000000000e+03
3.146000000000000000e+03
3.219000000000000000e+03
3.471000000000000000e+03
3.800000000000000000e+03
3.903000000000000000e+03
4.131000000000000000e+03
4.333000000000000000e+03
4.581000000000000000e+03
5.006000000000000000e+03
5.282000000000000000e+03
5.464000000000000000e+03
5.968000000000000000e+03
6.310000000000000000e+03
6.902000000000000000e+03
7.266000000000000000e+03
8.000000000000000000e+03
8.500000000000000000e+03
9.476000000000000000e+03
1.014900000000000000e+04
1.118200000000000000e+04
1.216700000000000000e+04
1.368500000000000000e+04
1.493800000000000000e+04
1.679000000000000000e+04
1.873500000000000000e+04
2.103600000000000000e+04
2.434200000000000000e+04
2.739400000000000000e+04
3.175200000000000000e+04
3.663500000000000000e+04
4.308900000000000000e+04
5.127700000000000000e+04
6.122100000000000000e+04
7.395800000000000000e+04
9.012800000000000000e+04
1.097480000000000000e+05
1.334410000000000000e+05
1.592300000000000000e+05
1.819600000000000000e+05
1.968380000000000000e+05
1.963640000000000000e+05
1.822280000000000000e+05
1.592350000000000000e+05
1.338360000000000000e+05
1.099660000000000000e+05
9.030200000000000000e+04
7.444500000000000000e+04
6.093600000000000000e+04
5.112500000000000000e+04
4.302900000000000000e+04
3.701700000000000000e+04
3.143000000000000000e+04
2.714400000000000000e+04
2.410700000000000000e+04
2.131700000000000000e+04
1.874400000000000000e+04
1.671800000000000000e+04
1.528000000000000000e+04
1.361600000000000000e+04
1.214900000000000000e+04
1.130000000000000000e+04
1.014600000000000000e+04
9.183000000000000000e+03
8.473000000000000000e+03
8.023000000000000000e+03
7.361000000000000000e+03
6.849000000000000000e+03
6.357000000000000000e+03
6.002000000000000000e+03
5.568000000000000000e+03
5.197000000000000000e+03
4.990000000000000000e+03
4.734000000000000000e+03
4.347000000000000000e+03
4.174000000000000000e+03
3.853000000000000000e+03
3.730000000000000000e+03
3.427000000000000000e+03
3.335000000000000000e+03
3.247000000000000000e+03
2.962000000000000000e+03
2.830000000000000000e+03
2.769000000000000000e+03
2.562000000000000000e+03
2.434000000000000000e+03
2.389000000000000000e+03
2.316000000000000000e+03
2.193000000000000000e+03
2.068000000000000000e+03
2.011000000000000000e+03
1.975000000000000000e+03
2.109000000000000000e+03
2.145000000000000000e+03
2.282000000000000000e+03
2.334000000000000000e+03
2.485000000000000000e+03
2.527000000000000000e+03
2.688000000000000000e+03
2.918000000000000000e+03
2.932000000000000000e+03
3.146000000000000000e+03
3.219000000000000000e+03
3.471000000000000000e+03
3.800000000000000000e+03
3.903000000000000000e+03
4.131000000000000000e+03
4.333000000000000000e+03
4.581000000000000000e+03
5.006000000000000000e+03
5.282000000000000000e+03
5.464000000000000000e+03
5.968000000000000000e+03
6.310000000000000000e+03
6.902000000000000000e+03
7.266000000000000000e+03
8.000000000000000000e+03
8.500000000000000000e+03
9.476000000000000000e+03
1.014900000000000000e+04
1.118200000000000000e+04
1.216700000000000000e+04
1.368500000000000000e+04
1.493800000000000000e+04
1.679000000000000000e+04
1.873500000000000000e+04
2.103600000000000000e+04
2.434200000000000000e+04
2.739400000000000000e+04
3.175200000000000000e+04
3.663500000000000000e+04
4.308900000000000000e+04
5.127700000000000000e+04
6.122100000000000000e+04
7.395800000000000000e+04
9.012800000000000000e+04
1.097480000000000000e+05
1.334410000000000000e+05
1.592300000000000000e+05
1.819600000000000000e+05
1.968380000000000000e+05
1.963640000000000000e+05
1.822280000000000000e+05
1.592350000000000000e+05
1.338360000000000000e+05
1.099660000000000000e+05
9.030200000000000000e+04
7.444500000000000000e+04
6.093600000000000000e+04
5.112500000000000000e+04
4.302900000000000000e+04
3.701700000000000000e+04
3.143000000000000000e+04
2.714400000000000000e+04
2.410700000000000000e+04
2.131700000000000000e+04
1.874400000000000000e+04
1.671800000000000000e+04
1.528000000000000000e+04
1.361600000000000000e+04
1.214900000000000000e+04
1.130000000000000000e+04
1.014600000000000000e+04
9.183000000000000000e+03
8.473000000000000000e+03
8.023000000000000000e+03
7.361000000000000000e+03
6.849000000000000000e+03
6.357000000000000000e+03
6.002000000000000000e+03
5.568000000000000000e+03
5.197000000000000000e+03
4.990000000000000000e+03
4.734000000000000000e+03
4.347000000000000000e+03
4.174000000000000000e+03
3.853000000000000000e+03
3.730000000000000000e+03
3.427000000000000000e+03
3.335000000000000000e+03
3.247000000000000000e+03
2.962000000000000000e+03
2.830000000000000000e+03
2.769000000000000000e+03
2.562000000000000000e+03
2.434000000000000000e+03
2.389000000000000000e+03
2.316000000000000000e+03
2.193000000000000000e+03
2.068000000000000000e+03
2.011000000000000000e+03
1.975000000000000000e+03
2.109000000000000000e+03
2.145000000000000000e+03
2.282000000000000000e+03
2.334000000000000000e+03
2.485000000000000000e+03
2.527000000000000000e+03
2.688000000000000000e+03
2.918000000000000000e+03
2.932000000000000000e+03
3.146000000000000000e+03
3.219000000000000000e+03
3.471000000000000000e+03
3.800000000000000000e+03
3.903000000000000000e+03
4.131000000000000000e+03
4.333000000000000000e+03
4.581000000000000000e+03
5.006000000000000000e+03
5.282000000000000000e+03
5.464000000000000000e+03
5.968000000000000000e+03
6.310000000000000000e+03
6.902000000000000000e+03
7.266000000000000000e+03
8.000000000000000000e+03
8.500000000000000000e+03
9.476000000000000000e+03
1.014900000000000000e+04
1.118200000000000000e+04
1.216700000000000000e+04
1.368500000000000000e+04
1.493800000000000000e+04
1.679000000000000000e+04
1.873500000000000000e+04
2.103600000000000000e+04
2.434200000000000000e+04
2.739400000000000000e+04
3.175200000000000000e+04
3.663500000000000000e+04
4.308900000000000000e+04
5.127700000000000000e+04
6.122100000000000000e+04
7.395800000000000000e+04
9.012800000000000000e+04
1.097480000000000000e+05
1.334410000000000000e+05
1.592300000000000000e+05
1.819600000000000000e+05
1.968380000000000000e+05
1.963640000000000000e+05
1.822280000000000000e+05
1.592350000000000000e+05
1.338360000000000000e+05
1.099660000000000000e+05
9.030200000000000000e+04
7.444500000000000000e+04
6.093600000000000000e+04
5.112500000000000000e+04
4.302900000000000000e+04
3.701700000000000000e+04
3.143000000000000000e+04
2.714400000000000000e+04
2.410700000000000000e+04
2.131700000000000000e+04
1.874400000000000000e+04
1.671800000000000000e+04
1.528000000000000000e+04
1.361600000000000000e+04
1.214900000000000000e+04
1.130000000000000000e+04
1.014600000000000000e+04
9.183000000000000000e+03
8.473000000000000000e+03
8.023000000000000000e+03
7.361000000000000000e+03
6.849000000000000000e+03
6.357000000000000000e+03
6.002000000000000000e+03
5.568000000000000000e+03
5.197000000000000000e+03
4.990000000000000000e+03
4.734000000000000000e+03
4.347000000000000000e+03
4.174000000000000000e+03
3.853000000000000000e+03
3.730000000000000000e+03
3.427000000000000000e+03
3.335000000000000000e+03
3.247000000000000000e+03
2.962000000000000000e+03
2.830000000000000000e+03
2.769000000000000000e+03
2.562000000000000000e+03
2.434000000000000000e+03
2.389000000000000000e+03
2.316000000000000000e+03
2.193000000000000000e+03
2.068000000000000000e+03
2.011000000000000000e+03
1.975000000000000000e+03
2.109000000000000000e+03
2.145000000000000000e+03
2.282000000000000000e+03
2.334000000000000000e+03
2.485000000000000000e+03
2.527000000000000000e+03
2.688000000000000000e+03
2.918000000000000000e+03
2.932000000000000000e+03
3.146000000000000000e+03
3.219000000000000000e+03
3.471000000000000000e+03
3.800000000000000000e+03
3.903000000000000000e+03
4.131000000000000000e+03
4.333000000000000000e+03
4.581000000000000000e+03
5.006000000000000000e+03
5.282000000000000000e+03
5.464000000000000000e+03
5.968000000000000000e+03
6.310000000000000000e+03
6.902000000000000000e+03
7.266000000000000000e+03
8.000000000000000000e+03
8.500000000000000000e+03
9.476000000000000000e+03
1.014900000000000000e+04
1.118200000000000000e+04
1.216700000000000000e+04
1.368500000000000000e+04
1.493800000000000000e+04
1.679000000000000000e+04
1.873500000000000000e+04
2.103600000000000000e+04
2.434200000000000000e+04
2.739400000000000000e+04
3.175200000000000000e+04
3.663500000000000000e+04
4.308900000000000000e+04
5.127700000000000000e+04
6.122100000000000000e+04
7.395800000000000000e+04
9.012800000000000000e+04
1.097480000000000000e+05
1.334410000000000000e+05
1.592300000000000000e+05
1.819600000000000000e+05
1.968380000000000000e+05
1.963640000000000000e+05
1.822280000000000000e+05
1.592350000000000000e+05
1.338360000000000000e+05
1.099660000000000000e+05
9.030200000000000000e+04
7.444500000000000000e+04
6.093600000000000000e+04
5.112500000000000000e+04
4.302900000000000000e+04
3.701700000000000000e+04
3.143000000000000000e+04
2.714400000000000000e+04
2.410700000000000000e+04
2.131700000000000000e+04
1.874400000000000000e+04
1.671800000000000000e+04
1.528000000000000000e+04
1.361600000000000000e+04
1.214900000000000000e+04
1.130000000000000000e+04
1.014600000000000000e+04
9.183000000000000000e+03
8.473000000000000000e+03
8.023000000000000000e+03
7.361000000000000000e+03
6.849000000000000000e+03
6.357000000000000000e+03
6.002000000000000000e+03
5.568000000000000000e+03
5.197000000000000000e+03
4.990000000000000000e+03
4.734000000000000000e+03
4.347000000000000000e+03
4.174000000000000000e+03
3.853000000000000000e+03
3.730000000000000000e+03
3.427000000000000000e+03
3.335000000000000000e+03
3.247000000000000000e+03
2.962000000000000000e+03
2.830000000000000000e+03
2.769000000000000000e+03
2.562000000000000000e+03
2.434000000000000000e+03
2.389000000000000000e+03
2.316000000000000000e+03
2.193000000000000000e+03
2.068000000000000000e+03
2.011000000000000000e+03
1.975000000000000000e+03
2.109000000000000000e+03
2.145000000000000000e+03
2.282000000000000000e+03
2.334000000000000000e+03
2.485000000000000000e+03
2.527000000000000000e+03
2.688000000000000000e+03
2.918000000000000000e+03
2.932000000000000000e+03
3.146000000000000000e+03
3.219000000000000000e+03
3.471000000000000000e+03
3.800000000000000000e+03
3.903000000000000000e+03
4.131000000000000000e+03
4.333000000000000000e+03
4.581000000000000000e+03
5.006000000000000000e+03
5.282000000000000000e+03
5.464000000000000000e+03
5.968000000000000000e+03
6.310000000000000000e+03
6.902000000000000000e+03
7.266000000000000000e+03
8.000000000000000000e+03
8.500000000000000000e+03
9.476000000000000000e+03
1.014900000000000000e+04
1.118200000000000000e+04
1.216700000000000000e+04
1.368500000000000000e+04
1.493800000000000000e+04
1.679000000000000000e+04
1.873500000000000000e+04
2.103600000000000000e+04
2.434200000000000000e+04
2.739400000000000000e+04
3.175200000000000000e+04
3.663500000000000000e+04
4.308900000000000000e+04
5.127700000000000000e+04
6.122100000000000000e+04
7.395800000000000000e+04
9.012800000000000000e+04
1.097480000000000000e+05
1.334410000000000000e+05
1.592300000000000000e+05
1.819600000000000000e+05
1.968380000000000000e+05
1.963640000000000000e+05
1.822280000000000000e+05
1.592350000000000000e+05
1.338360000000000000e+05
1.099660000000000000e+05
9.030200000000000000e+04
7.444500000000000000e+04
6.093600000000000000e+04
5.112500000000000000e+04
4.302900000000000000e+04
3.701700000000000000e+04
3.143000000000000000e+04
2.714400000000000000e+04
2.410700000000000000e+04
2.131700000000000000e+04
1.874400000000000000e+04
1.671800000000000000e+04
1.528000000000000000e+04
1.361600000000000000e+04
1.214900000000000000e+04
1.130000000000000000e+04
1.014600000000000000e+04
9.183000000000000000e+03
8.473000000000000000e+03
8.023000000000000000e+03
7.361000000000000000e+03
6.849000000000000000e+03
6.357000000000000000e+03
6.002000000000000000e+03
5.568000000000000000e+03
5.197000000000000000e+03
4.990000000000000000e+03
4.734000000000000000e+03
4.347000000000000000e+03
4.174000000000000000e+03
3.853000000000000000e+03
3.730000000000000000e+03
3.427000000000000000e+03
3.335000000000000000e+03
3.247000000000000000e+03
2.962000000000000000e+03
2.830000000000000000e+03
2.769000000000000000e+03
2.562000000000000000e+03
2.434000000000000000e+03
2.389000000000000000e+03
2.316000000000000000e+03
2.193000000000000000e+03
2.068000000000000000e+03
2.011000000000000000e+03
1.975000000000000000e+03
2.109000000000000000e+03
2.145000000000000000e+03
2.282000000000000000e+03
2.334000000000000000e+03
2.485000000000000000e+03
2.527000000000000000e+03
2.688000000000000000e+03
2.918000000000000000e+03
2.932000000000000000e+03
3.146000000000000000e+03
3.219000000000000000e+03
3.471000000000000000e+03
3.800000000000000000e+03
3.903000000000000000e+03
4.131000000000000000e+03
4.333000000000000000e+03
4.581000000000000000e+03
5.006000000000000000e+03
5.282000000000000000e+03
5.464000000000000000e+03
5.968000000000000000e+03
6.310000000000000000e+03
6.902000000000000000e+03
7.266000000000000000e+03
8.000000000000000000e+03
8.500000000000000000e+03
9.476000000000000000e+03
1.014900000000000000e+04
1.118200000000000000e+04
1.216700000000000000e+04
1.368500000000000000e+04
1.493800000000000000e+04
1.679000000000000000e+04
1.873500000000000000e+04
2.103600000000000000e+04
2.434200000000000000e+04
2.739400000000000000e+04
3.175200000000000000e+04
3.663500000000000000e+04
4.308900000000000000e+04
5.127700000000000000e+04
6.122100000000000000e+04
7.395800000000000000e+04
9.012800000000000000e+04
1.097480000000000000e+05
1.334410000000000000e+05
1.592300000000000000e+05
1.819600000000000000e+05
1.968380000000000000e+05
1.963640000000000000e+05
1.822280000000000000e+05
1.592350000000000000e+05
1.338360000000000000e+05
1.099660000000000000e+05
9.030200000000000000e+04
7.444500000000000000e+04
6.093600000000000000e+04
5.112500000000000000e+04
4.302900000000000000e+04
3.701700000000000000e+04
3.143000000000000000e+04
2.714400000000000000e+04
2.410700000000000000e+04
2.131700000000000000e+04
1.874400000000000000e+04
1.671800000000000000e+04
1.528000000000000000e+04
1.361600000000000000e+04
1.214900000000000000e+04
1.130000000000000000e+04
1.014600000000000000e+04
9.183000000000000000e+03
8.473000000000000000e+03
8.023000000000000000e+03
7.361000000000000000e+03
6.849000000000000000e+03
6.357000000000000000e+03
6.002000000000000000e+03
5.568000000000000000e+03
5.197000000000000000e+03
4.990000000000000000e+03
4.734000000000000000e+03
4.347000000000000000e+03
4.174000000000000000e+03
3.853000000000000000e+03
3.730000000000000000e+03
3.427000000000000000e+03
3.335000000000000000e+03
3.247000000000000000e+03
2.962000000000000000e+03
2.830000000000000000e+03
2.769000000000000000e+03
2.562000000000000000e+03
2.434000000000000000e+03
2.389000000000000000e+03
2.316000000000000000e+03
2.193000000000000000e+03
2.068000000000000000e+03
2.011000000000000000e+03
1.975000000000000000e+03
2.109000000000000000e+03
2.145000000000000000e+03
2.282000000000000000e+03
2.334000000000000000e+03
2.485000000000000000e+03
2.527000000000000000e+03
2.688000000000000000e+03
2.918000000000000000e+03
2.932000000000000000e+03
3.146000000000000000e+03
3.219000000000000000e+03
3.471000000000000000e+03
3.800000000000000000e+03
3.903000000000000000e+03
4.131000000000000000e+03
4.333000000000000000e+03
4.581000000000000000e+03
5.006000000000000000e+03
5.282000000000000000e+03
5.464000000000000000e+03
5.968000000000000000e+03
6.310000000000000000e+03
6.902000000000000000e+03
7.266000000000000000e+03
8.000000000000000000e+03
8.500000000000000000e+03
9.476000000000000000e+03
1.014900000000000000e+04
1.118200000000000000e+04
1.216700000000000000e+04
1.368500000000000000e+04
1.493800000000000000e+04
1.679000000000000000e+04
1.873500000000000000e+04
2.103600000000000000e+04
2.434200000000000000e+04
2.739400000000000000e+04
3.175200000000000000e+04
3.663500000000000000e+04
4.308900000000000000e+04
5.127700000000000000e+04
6.122100000000000000e+04
7.395800000000000000e+04
9.012800000000000000e+04
1.097480000000000000e+05
1.334410000000000000e+05
1.592300000000000000e+05
1.819600000000000000e+05
1.968380000000000000e+05
1.963640000000000000e+05
1.822280000000000000e+05
1.592350000000000000e+05
1.338360000000000000e+05
1.099660000000000000e+05
9.030200000000000000e+04
7.444500000000000000e+04
6.093600000000000000e+04
5.112500000000000000e+04
4.302900000000000000e+04
3.701700000000000000e+04
3.143000000000000000e+04
2.714400000000000000e+04
2.410700000000000000e+04
2.131700000000000000e+04
1.874400000000000000e+04
1.671800000000000000e+04
1.528000000000000000e+04
1.361600000000000000e+04
1.214900000000000000e+04
1.130000000000000000e+04
1.014600000000000000e+04
9.183000000000000000e+03
8.473000000000000000e+03
8.023000000000000000e+03
7.361000000000000000e+03
6.849000000000000000e+03
6.357000000000000000e+03
6.002000000000000000e+03
5.568000000000000000e+03
5.197000000000000000e+03
4.990000000000000000e+03
4.734000000000000000e+03
4.347000000000000000e+03
4.174000000000000000e+03
3.853000000000000000e+03
3.730000000000000000e+03
3.427000000000000000e+03
3.335000000000000000e+03
3.247000000000000000e+03
2.962000000000000000e+03
2.830000000000000000e+03
2.769000000000000000e+03
2.562000000000000000e+03
2.434000000000000000e+03
2.389000000000000000e+03
2.316000000000000000e+03
2.193000000000000000e+03
2.068000000000000000e+03
2.011000000000000000e+03
1.975000000000000000e+03
2.109000000000000000e+03
2.145000000000000000e+03
2.282000000000000000e+03
2.334000000000000000e+03
2.485000000000000000e+03
2.527000000000000000e+03
2.688000000000000000e+03
2.918000000000000000e+03
2.932000000000000000e+03
3.146000000000000000e+03
3.219000000000000000e+03
3.471000000000000000e+03
3.800000000000000000e+03
3.903000000000000000e+03
4.131000000000000000e+03
4.333000000000000000e+03
4.581000000000000000e+03
5.006000000000000000e+03
5.282000000000000000e+03
5.464000000000000000e+03
5.968000000000000000e+03
6.310000000000000000e+03
6.902000000000000000e+03
7.266000000000000000e+03
8.000000000000000000e+03
8.500000000000000000e+03
9.476000000000000000e+03
1.014900000000000000e+04
1.118200000000000000e+04
1.216700000000000000e+04
1.368500000000000000e+04
1.493800000000000000e+04
1.679000000000000000e+04
1.873500000000000000e+04
2.103600000000000000e+04
2.434200000000000000e+04
2.739400000000000000e+04
3.175200000000000000e+04
3.663500000000000000e+04
4.308900000000000000e+04
5.127700000000000000e+04
6.122100000000000000e+04
7.395800000000000000e+04
9.012800000000000000e+04
1.097480000000000000e+05
1.334410000000000000e+05
1.592300000000000000e+05
1.819600000000000000e+05
1.968380000000000000e+05
1.963640000000000000e+05
1.822280000000000000e+05
1.592350000000000000e+05
1.338360000000000000e+05
1.099660000000000000e+05
9.030200000000000000e+04
7.444500000000000000e+04
6.093600000000000000e+04
5.112500000000000000e+04
4.302900000000000000e+04
3.701700000000000000e+04
3.143000000000000000e+04
2.714400000000000000e+04
2.410700000000000000e+04
2.131700000000000000e+04
1.874400000000000000e+04
1.671800000000000000e+04
1.528000000000000000e+04
1.361600000000000000e+04
1.214900000000000000e+04
1.130000000000000000e+04
1.014600000000000000e+04
9.183000000000000000e+03
8.473000000000000000e+03
8.023000000000000000e+03
7.361000000000000000e+03
6.849000000000000000e+03
6.357000000000000000e+03
6.002000000000000000e+03
5.568000000000000000e+03
5.197000000000000000e+03
4.990000000000000000e+03
4.734000000000000000e+03
4.347000000000000000e+03
4.174000000000000000e+03
3.853000000000000000e+03
3.730000000000000000e+03
3.427000000000000000e+03
3.335000000000000000e+03
3.247000000000000000e+03
2.962000000000000000e+03
2.830000000000000000e+03
2.769000000000000000e+03
2.562000000000000000e+03
2.434000000000000000e+03
2.389000000000000000e+03
2.316000000000000000e+03
2.193000000000000000e+03
2.068000000000000000e+03
2.011000000000000000e+03
1.975000000000000000e+03
2.109000000000000000e+03
2.145000000000000000e+03
2.282000000000000000e+03
2.334000000000000000e+03
2.485000000000000000e+03
2.527000000000000000e+03
2.688000000000000000e+03
2.918000000000000000e+03
2.932000000000000000e+03
3.146000000000000000e+03
3.219000000000000000e+03
3.471000000000000000e+03
3.800000000000000000e+03
3.903000000000000000e+03
4.131000000000000000e+03
4.333000000000000000e+03
4.581000000000000000e+03
5.006000000000000000e+03
5.282000000000000000e+03
5.464000000000000000e+03
5.968000000000000000e+03
6.310000000000000000e+03
6.902000000000000000e+03
7.266000000000000000e+03
8.000000000000000000e+03
8.500000000000000000e+03
9.476000000000000000e+03
1.014900000000000000e+04
1.118200000000000000e+04
1.216700000000000000e+04
1.368500000000000000e+04
1.493800000000000000e+04
1.679000000000000000e+04
1.873500000000000000e+04
2.103600000000000000e+04
2.434200000000000000e+04
2.739400000000000000e+04
3.175200000000000000e+04
3.663500000000000000e+04
4.308900000000000000e+04
5.127700000000000000e+04
6.122100000000000000e+04
7.395800000000000000e+04
9.012800000000000000e+04
1.097480000000000000e+05
1.334410000000000000e+05
1.592300000000000000e+05
1.819600000000000000e+05
1.968380000000000000e+05
1.963640000000000000e+05
1.822280000000000000e+05
1.592350000000000000e+05
1.338360000000000000e+05
1.099660000000000000e+05
9.030200000000000000e+04
7.444500000000000000e+04
6.093600000000000000e+04
5.112500000000000000e+04
4.302900000000000000e+04
3.701700000000000000e+04
3.143000000000000000e+04
2.714400000000000000e+04
2.410700000000000000e+04
2.131700000000000000e+04
1.874400000000000000e+04
1.671800000000000000e+04
1.528000000000000000e+04
1.361600000000000000e+04
1.214900000000000000e+04
1.130000000000000000e+04
1.014600000000000000e+04
9.183000000000000000e+03
8.473000000000000000e+03
8.023000000000000000e+03
7.361000000000000000e+03
6.849000000000000000e+03
6.357000000000000000e+03
6.002000000000000000e+03
5.568000000000000000e+03
5.197000000000000000e+03
4.990000000000000000e+03
4.734000000000000000e+03
4.347000000000000000e+03
4.174000000000000000e+03
3.853000000000000000e+03
3.730000000000000000e+03
3.427000000000000000e+03
3.335000000000000000e+03
3.247000000000000000e+03
2.962000000000000000e+03
2.830000000000000000e+03
2.769000000000000000e+03
2.562000000000000000e+03
2.434000000000000000e+03
2.389000000000000000e+03
2.316000000000000000e+03
2.193000000000000000e+03
2.068000000000000000e+03
2.011000000000000000e+03
1.975000000000000000e+03
2.109000000000000000e+03
2.145000000000000000e+03
2.282000000000000000e+03
2.334000000000000000e+03
2.485000000000000000e+03
2.527000000000000000e+03
2.688000000000000000e+03
2.918000000000000000e+03
2.932000000000000000e+03
3.146000000000000000e+03
3.219000000000000000e+03
3.471000000000000000e+03
3.800000000000000000e+03
3.903000000000000000e+03
4.131000000000000000e+03
4.333000000000000000e+03
4.581000000000000000e+03
5.006000000000000000e+03
5.282000000000000000e+03
5.464000000000000000e+03
5.968000000000000000e+03
6.310000000000000000e+03
6.902000000000000000e+03
7.266000000000000000e+03
8.000000000000000000e+03
8.500000000000000000e+03
9.476000000000000000e+03
1.014900000000000000e+04
1.118200000000000000e+04
1.216700000000000000e+04
1.368500000000000000e+04
1.493800000000000000e+04
1.679000000000000000e+04
1.873500000000000000e+04
2.103600000000000000e+04
2.434200000000000000e+04
2.739400000000000000e+04
3.175200000000000000e+04
3.663500000000000000e+04
4.308900000000000000e+04
5.127700000000000000e+04
6.122100000000000000e+04
7.395800000000000000e+04
9.012800000000000000e+04
1.097480000000000000e+05
1.334410000000000000e+05
1.592300000000000000e+05
1.819600000000000000e+05
1.968380000000000000e+05
1.963640000000000000e+05
1.822280000000000000e+05
1.592350000000000000e+05
1.338360000000000000e+05
1.099660000000000000e+05
9.030200000000000000e+04
7.444500000000000000e+04
6.093600000000000000e+04
5.112500000000000000e+04
4.302900000000000000e+04
3.701700000000000000e+04
3.143000000000000000e+04
2.714400000000000000e+04
2.410700000000000000e+04
2.131700000000000000e+04
1.874400000000000000e+04
1.671800000000000000e+04
1.528000000000000000e+04
1.361600000000000000e+04
1.214900000000000000e+04
1.130000000000000000e+04
1.014600000000000000e+04
9.183000000000000000e+03
8.473000000000000000e+03
8.023000000000000000e+03
7.361000000000000000e+03
6.849000000000000000e+03
6.357000000000000000e+03
6.002000000000000000e+03
5.568000000000000000e+03
5.197000000000000000e+03
4.990000000000000000e+03
4.734000000000000000e+03
4.347000000000000000e+03
4.174000000000000000e+03
3.853000000000000000e+03
3.730000000000000000e+03
3.427000000000000000e+03
3.335000000000000000e+03
3.247000000000000000e+03
2.962000000000000000e+03
2.830000000000000000e+03
2.769000000000000000e+03
2.562000000000000000e+03
2.434000000000000000e+03
2.389000000000000000e+03
2.316000000000000000e+03
2.193000000000000000e+03
2.068000000000000000e+03
2.011000000000000000e+03
1.975000000000000000e+03
2.109000000000000000e+03
2.145000000000000000e+03
2.282000000000000000e+03
2.334000000000000000e+03
2.485000000000000000e+03
2.527000000000000000e+03
2.688000000000000000e+03
2.918000000000000000e+03
2.932000000000000000e+03
3.146000000000000000e+03
3.219000000000000000e+03
3.471000000000000000e+03
3.800000000000000000e+03
3.903000000000000000e+03
4.131000000000000000e+03
4.333000000000000000e+03
4.581000000000000000e+03
5.006000000000000000e+03
5.282000000000000000e+03
5.464000000000000000e+03
5.968000000000000000e+03
6.310000000000000000e+03
6.902000000000000000e+03
7.266000000000000000e+03
8.000000000000000000e+03
8.500000000000000000e+03
9.476000000000000000e+03
1.014900000000000000e+04
1.118200000000000000e+04
1.216700000000000000e+04
1.368500000000000000e+04
1.493800000000000000e+04
1.679000000000000000e+04
1.873500000000000000e+04
2.103600000000000000e+04
2.434200000000000000e+04
2.739400000000000000e+04
3.175200000000000000e+04
3.663500000000000000e+04
4.308900000000000000e+04
5.127700000000000000e+04
6.122100000000000000e+04
7.395800000000000000e+04
9.012800000000000000e+04
1.097480000000000000e+05
1.334410000000000000e+05
1.592300000000000000e+05
1.819600000000000000e+05
1.968380000000000000e+05
1.963640000000000000e+05
1.822280000000000000e+05
1.592350000000000000e+05
1.338360000000000000e+05
1.099660000000000000e+05
9.030200000000000000e+04
7.444500000000000000e+04
6.093600000000000000e+04
5.112500000000000000e+04
4.302900000000000000e+04
3.701700000000000000e+04
3.143000000000000000e+04
2.714400000000000000e+04
2.410700000000000000e+04
2.131700000000000000e+04
1.874400000000000000e+04
1.671800000000000000e+04
1.528000000000000000e+04
1.361600000000000000e+04
1.214900000000000000e+04
1.130000000000000000e+04
1.014600000000000000e+04
9.183000000000000000e+03
8.473000000000000000e+03
8.023000000000000000e+03
7.361000000000000000e+03
6.849000000000000000e+03
6.357000000000000000e+03
6.002000000000000000e+03
5.568000000000000000e+03
5.197000000000000000e+03
4.990000000000000000e+03
4.734000000000000000e+03
4.347000000000000000e+03
4.174000000000000000e+03
3.853000000000000000e+03
3.730000000000000000e+03
3.427000000000000000e+03
3.335000000000000000e+03
3.247000000000000000e+03
2.962000000000000000e+03
2.830000000000000000e+03
2.769000000000000000e+03
2.562000000000000000e+03
2.434000000000000000e+03
2.389000000000000000e+03
2.316000000000000000e+03
2.193000000000000000e+03
2.068000000000000000e+03
2.011000000000000000e+03
1.975000000000000000e+03
2.109000000000000000e+03
2.145000000000000000e+03
2.282000000000000000e+03
2.334000000000000000e+03
2.485000000000000000e+03
2.527000000000000000e+03
2.688000000000000000e+03
2.918000000000000000e+03
2.932000000000000000e+03
3.146000000000000000e+03
3.219000000000000000e+03
3.471000000000000000e+03
3.800000000000000000e+03
3.903000000000000000e+03
4.131000000000000000e+03
4.333000000000000000e+03
4.581000000000000000e+03
5.006000000000000000e+03
5.282000000000000000e+03
5.464000000000000000e+03
5.968000000000000000e+03
6.310000000000000000e+03
6.902000000000000000e+03
7.266000000000000000e+03
8.000000000000000000e+03
8.500000000000000000e+03
9.476000000000000000e+03
1.014900000000000000e+04
1.118200000000000000e+04
1.216700000000000000e+04
1.368500000000000000e+04
1.493800000000000000e+04
1.679000000000000000e+04
1.873500000000000000e+04
2.103600000000000000e+04
2.434200000000000000e+04
2.739400000000000000e+04
3.175200000000000000e+04
3.663500000000000000e+04
4.308900000000000000e+04
5.127700000000000000e+04
6.122100000000000000e+04
7.395800000000000000e+04
9.012800000000000000e+04
1.097480000000000000e+05
1.334410000000000000e+05
1.592300000000000000e+05
1.819600000000000000e+05
1.968380000000000000e+05
1.963640000000000000e+05
1.822280000000000000e+05
1.592350000000000000e+05
1.338360000000000000e+05
1.099660000000000000e+05
9.030200000000000000e+04
7.444500000000000000e+04
6.093600000000000000e+04
5.112500000000000000e+04
4.302900000000000000e+04
3.701700000000000000e+04
3.143000000000000000e+04
2.714400000000000000e+04
2.410700000000000000e+04
2.131700000000000000e+04
1.874400000000000000e+04
1.671800000000000000e+04
1.528000000000000000e+04
1.361600000000000000e+04
1.214900000000000000e+04
1.130000000000000000e+04
1.014600000000000000e+04
9.183000000000000000e+03
8.473000000000000000e+03
8.023000000000000000e+03
7.361000000000000000e+03
6.849000000000000000e+03
6.357000000000000000e+03
6.002000000000000000e+03
5.568000000000000000e+03
5.197000000000000000e+03
4.990000000000000000e+03
4.734000000000000000e+03
4.347000000000000000e+03
4.174000000000000000e+03
3.853000000000000000e+03
3.730000000000000000e+03
3.427000000000000000e+03
3.335000000000000000e+03
3.247000000000000000e+03
2.962000000000000000e+03
2.830000000000000000e+03
2.769000000000000000e+03
2.562000000000000000e+03
2.434000000000000000e+03
2.389000000000000000e+03
2.316000000000000000e+03
2.193000000000000000e+03
2.068000000000000000e+03
2.011000000000000000e+03
